0
1
2
5
6
7
8
9
10
11
12
13
14
15
16
17
18
19
20
21
22
23
24
25
26
27
28
29
30
31
32
33
34
35
36
37
38
39
40
41
42
43
44
45
46
47
48
49
50
51
52
53
54
55
56
57
58
59
60
61
62
63
64
65
66
67
68
69
70
71
72
73
74
75
76
77
78
79
80
81
82
83
84
85
86
87
88
89
90
91
92
93
94
95
96
97
98
99
100
101
102
103
104
105
106
107
108
109
110
111
112
113
114
115
116
117
118
119
120
121
122
123
124
125
126
127
128
129
130
131
132
133
134
135
136
137
138
139
140
141
142
143
144
145
146
147
148
149
150
151
152
153
154
155
156
157
158
159
160
161
162
163
164
165
166
167
168
169
170
171
172
173
174
175
176
177
178
179
180
181
182
183
184
185
186
187
188
189
191
192
193
194
195
196
197
198
199
200
201
202
203
204
205
206
207
208
209
210
211
212
213
214
215
216
217
218
219
220
221
222
223
224
225
226
227
228
229
230
231
232
233
234
235
236
237
238
239
240
241
242
243
244
245
246
247
248
249
250
251
252
253
254
255
256
257
258
259
260
261
262
263
264
265
266
267
268
269
270
271
272
273
274
275
276
277
278
279
280
281
282
283
284
285
286
287
288
289
290
291
292
293
294
295
296
297
298
299
300
301
302
303
304
305
306
307
308
309
310
311
312
313
314
315
316
317
318
319
320
321
322
323
324
325
326
327
328
329
330
331
332
333
334
335
336
337
338
339
340
341
342
343
344
345
346
347
348
349
350
351
352
353
354
355
356
357
358
359
360
361
362
363
364
365
366
367
368
369
370
371
372
373
374
375
376
377
378
379
380
381
382
383
384
385
386
387
388
389
390
391
392
393
394
395
396
397
398
399
400
401
402
403
404
405
406
407
408
409
410
411
412
413
414
415
416
417
418
419
420
421
422
423
424
425
426
427
428
429
430
431
432
433
434
435
436
437
438
439
440
441
442
443
444
445
446
447
448
449
450
451
452
453
454
455
456
457
458
459
460
461
462
463
464
465
466
467
468
469
470
471
472
473
474
475
476
477
478
479
480
481
482
483
484
485
486
487
488
489
490
491
492
493
494
495
496
497
498
499
500
501
502
503
504
505
506
507
508
509
510
511
512
513
514
515
516
517
518
519
520
521
522
523
524
525
526
527
528
529
530
531
532
533
534
535
536
537
538
539
540
541
542
543
544
545
546
547
548
549
550
551
552
557
561
564
565
569
570
572
573
575
577
578
581
583
588
591
592
593
594
595
596
597
598
599
600
601
602
603
604
605
606
607
608
609
610
611
612
613
614
615
616
617
618
619
620
621
622
623
624
625
626
627
628
629
630
631
632
633
634
635
636
637
638
639
640
641
642
643
644
645
646
648
650
651
652
653
654
655
656
657
658
659
660
661
662
663
664
665
666
667
668
669
670
671
672
673
674
675
676
677
678
679
680
681
682
683
684
685
686
687
688
689
690
691
692
693
694
695
696
697
698
699
700
701
702
703
704
705
706
707
708
709
710
711
712
713
714
715
716
717
718
719
720
721
722
723
724
725
726
727
728
729
730
731
732
733
734
735
736
737
738
739
740
741
742
743
744
745
746
747
748
749
750
751
752
753
754
755
756
757
758
759
760
761
762
763
764
765
766
767
768
769
770
771
772
773
774
775
776
777
778
779
780
781
782
783
784
785
786
787
788
789
790
791
792
793
794
795
796
797
798
799
800
801
802
803
804
805
806
807
808
809
810
811
812
813
814
815
816
817
818
819
820
821
822
823
824
825
826
827
828
829
830
831
832
833
834
835
836
837
838
839
840
841
842
843
844
845
846
847
848
849
850
851
852
853
854
855
856
857
858
859
860
861
862
863
864
865
866
867
868
869
870
871
872
873
874
875
876
877
878
879
880
881
882
883
884
885
886
887
888
889
890
891
892
893
894
895
896
897
898
899
900
901
902
903
904
905
906
907
908
909
910
911
912
913
914
915
916
917
918
919
920
921
922
923
924
925
926
927
928
929
932
935
936
938
940
941
942
944
946
947
955
956
957
958
959
961
974
976
988
1008
1018
1024
1027
1039
1040
1041
1042
1043
1044
1045
1046
1047
1048
1049
1050
1051
1052
1053
1054
1055
1056
1057
1058
1059
1060
1061
1062
1063
1064
1065
1066
1067
1091
1092
1093
1094
1095
1096
1097
1098
1099
1100
1101
1102
1103
1104
1105
1107
1108
1109
1110
1111
1112
1113
1114
1115
1116
1117
1118
1119
1120
1121
1122
1123
1124
1126
1127
1128
1129
1130
1131
1132
1133
1134
1135
1136
1137
1138
1139
1140
1141
1142
1143
1144
1145
1146
1147
1148
1149
1150
1151
1152
1153
1154
1155
1156
1157
1158
1159
1160
1161
1162
1163
1164
1165
1166
1167
1168
1169
1170
1171
1172
1173
1174
1175
1176
1177
1178
1179
1180
1181
1182
1183
1184
1185
1186
1187
1188
1189
1190
1191
1192
1193
1194
1195
1196
1197
1198
1199
1200
1201
1202
1203
1204
1205
1206
1207
1208
1209
1210
1211
1212
1213
1214
1215
1216
1217
1218
1219
1220
1221
1222
1223
1224
1225
1226
1227
1228
1229
1230
1231
1242
1243
1252
1258
1266
1267
1269
1270
1279
1282
1285
1286
1302
1309
1312
1314
1316
1317
1318
1319
1321
1322
1323
1325
1326
1330
1331
1332
1333
1334
1335
1336
1337
1338
1339
1340
1341
1342
1343
1344
1345
1346
1347
1348
1349
1350
1351
1352
1354
1363
1382
1383
1388
1390
1394
1395
1396
1397
1398
1399
1400
1401
1402
1403
1405
1414
1417
1419
1424
1425
1428
1431
1432
1448
1457
1471
1472
1473
1474
1475
1476
1477
1478
1479
1480
1481
1487
1489
1490
1491
1492
1495
1497
1501
1502
1503
1510
1515
1516
1518
1521
1522
1523
1525
1531
1533
1534
1536
1537
1538
1539
1541
1544
1548
1549
1551
1553
1554
1555
1556
1557
1558
1559
1560
1564
1565
1566
1567
1568
1569
1570
1571
1574
1575
1579
1580
1581
1582
1583
1584
1585
1586
1587
1590
1591
1592
1596
1597
1598
1599
1609
1629
1632
1633
1634
1635
1636
1637
1638
1639
1640
1641
1642
1643
1644
1645
1646
1647
1648
1649
1650
1651
1652
1653
1654
1655
1656
1657
1658
1659
1660
1661
1662
1663
1664
1665
1666
1667
1668
1669
1670
1671
1672
1673
1674
1675
1676
1677
1678
1679
1680
1681
1682
1683
1684
1685
1686
1687
1688
1689
1690
1691
1692
1693
1694
1695
1696
1697
1698
1699
1700
1701
1702
1703
1704
1705
1706
1707
1708
1709
1710
1711
1712
1713
1714
1715
1716
1718
1719
1720
1721
1722
1723
1724
1725
1726
1727
1728
1729
1730
1731
1732
1733
1734
1735
1736
1737
1738
1739
1740
1741
1742
1743
1744
1745
1746
1747
1748
1749
1750
1751
1752
1753
1754
1755
1756
1757
1758
1759
1760
1761
1762
1763
1764
1765
1766
1767
1768
1769
1770
1771
1772
1773
1774
1775
1776
1777
1778
1779
1780
1781
1782
1783
1784
1785
1786
1787
1788
1789
1790
1791
1792
1793
1794
1795
1796
1797
1798
1799
1800
1801
1802
1803
1804
1805
1806
1807
1808
1809
1810
1811
1812
1813
1814
1815
1816
1817
1818
1819
1820
1821
1822
1823
1824
1825
1826
1827
1828
1829
1830
1831
1832
1833
1834
1835
1836
1837
1838
1839
1840
1841
1842
1844
1845
1846
1847
1848
1849
1850
1851
1852
1856
1859
1860
1861
1862
1863
1865
1866
1867
1868
1869
1871
1872
1873
1874
1875
1876
1877
1878
1879
1880
1881
1882
1883
1884
1885
1886
1887
1888
1889
1890
1891
1892
1893
1894
1895
1896
1897
1898
1899
1900
1901
1902
1903
1904
1905
1906
1907
1908
1909
1910
1911
1912
1913
1914
1915
1916
1917
1918
1919
1920
1921
1922
1923
1924
1925
1926
1927
1928
1929
1930
1931
1932
1933
1934
1935
1936
1937
1938
1939
1940
1941
1942
1943
1944
1945
1946
1947
1948
1949
1950
1951
1952
1953
1954
1955
1956
1957
1958
1959
1960
1961
1962
1963
1964
1965
1966
1967
1968
1969
1970
1971
1972
1973
1974
1975
1976
1977
1978
1979
1980
1981
1982
1983
1984
1985
1986
1987
1988
1989
1990
1991
1992
1993
1994
1995
1996
1997
1998
1999
2000
2001
2002
2003
2004
2005
2006
2007
2008
2009
2010
2011
2012
2013
2015
2016
2017
2018
2019
2020
2021
2022
2023
2024
2025
2026
2027
2028
2029
2038
2041
2042
2043
2044
2045
2046
2047
2048
2049
2050
2051
2052
2053
2054
2055
2056
2057
2058
2059
2060
2061
2062
2063
2064
2065
2067
2068
2069
2070
2072
2097
2098
2099
2100
2101
2102
2103
2104
2106
2110
2113
2114
2115
2117
2118
2119
2120
2121
2122
2123
2124
2125
2126
2127
2129
2130
2131
2132
2133
2134
2135
2136
2137
2138
2139
2140
2141
2142
2143
2144
2145
2146
2147
2148
2150
2151
2152
2153
2154
2155
2156
2157
2158
2159
2160
2161
2162
2164
2165
2166
2167
2168
2169
2170
2171
2173
2175
2176
2177
2178
2179
2180
2181
2182
2183
2185
2186
2187
2188
2189
2191
2192
2193
2195
2197
2198
2199
2200
2201
2206
2216
2217
2218
2221
2223
2224
2225
2227
2228
2229
2230
2231
2232
2233
2234
2237
2238
2239
2240
2241
2242
2243
2244
2245
2246
2247
2248
2249
2250
2251
2252
2253
2255
2261
2264
2267
2268
2269
2270
2271
2272
2273
2274
2275
2276
2277
2278
2279
2280
2281
2282
2283
2284
2285
2286
2287
2288
2289
2290
2291
2292
2302
2303
2304
2305
2306
2307
2308
2309
2310
2311
2316
2323
2324
2325
2326
2327
2328
2329
2330
2331
2332
2333
2334
2335
2336
2337
2338
2339
2340
2342
2343
2344
2345
2346
2347
2348
2349
2353
2355
2356
2360
2361
2364
2365
2366
2367
2368
2369
2370
2371
2372
2373
2374
2375
2376
2377
2378
2379
2380
2381
2382
2383
2386
2387
2388
2389
2390
2391
2392
2393
2394
2395
2396
2397
2398
2399
2400
2401
2402
2403
2404
2405
2406
2407
2408
2409
2410
2411
2412
2413
2414
2415
2416
2417
2418
2419
2420
2421
2422
2423
2424
2425
2426
2427
2428
2445
2448
2449
2460
2461
2462
2473
2474
2475
2476
2477
2478
2479
2480
2481
2482
2483
2484
2485
2486
2487
2488
2489
2490
2491
2492
2493
2494
2495
2496
2497
2498
2499
2500
2501
2505
2511
2512
2513
2514
2515
2516
2517
2518
2519
2521
2529
2530
2531
2532
2533
2534
2535
2536
2537
2538
2539
2540
2541
2542
2543
2544
2545
2546
2547
2548
2549
2550
2551
2552
2553
2554
2555
2556
2557
2558
2559
2560
2561
2562
2563
2564
2565
2566
2567
2568
2569
2570
2571
2572
2573
2574
2575
2576
2577
2578
2579
2580
2581
2582
2583
2584
2585
2586
2587
2588
2589
2590
2591
2592
2593
2594
2595
2596
2597
2598
2599
2600
2601
2602
2603
2604
2605
2606
2607
2608
2609
2610
2611
2612
2613
2614
2615
2616
2617
2618
2619
2620
2621
2622
2623
2624
2625
2626
2627
2628
2629
2630
2631
2632
2633
2634
2635
2636
2637
2638
2639
2640
2641
2642
2643
2644
2645
2646
2647
2648
2649
2650
2651
2652
2653
2654
2655
2656
2657
2658
2659
2660
2661
2662
2663
2664
2665
2666
2667
2668
2669
2670
2671
2672
2673
2674
2675
2676
2677
2678
2679
2680
2681
2682
2683
2684
2685
2686
2687
2688
2689
2690
2691
2692
2693
2694
2695
2696
2697
2698
2699
2700
2701
2702
2703
2704
2705
2706
2707
2708
2709
2710
2711
2712
2713
2714
2715
2716
2717
2718
2719
2720
2721
2722
2723
2724
2725
2726
2727
2728
2729
2730
2731
2732
2733
2734
2735
2736
2737
2738
2739
2740
2741
2742
2743
2744
2745
2746
2747
2748
2749
2750
2751
2752
2753
2754
2755
2756
2757
2758
2759
2760
2761
2762
2763
2764
2765
2766
2767
2768
2769
2770
2771
2772
2773
2774
2775
2776
2777
2778
2779
2780
2781
2782
2783
2784
2785
2786
2787
2788
2789
2790
2791
2792
2793
2794
2795
2796
2797
2798
2799
2800
2801
2802
2803
2804
2805
2806
2807
2808
2809
2810
2811
2812
2813
2814
2815
2816
2817
2818
2819
2820
2821
2822
2823
2824
2825
2826
2827
2828
2829
2830
2831
2832
2833
2834
2835
2836
2837
2838
2839
2840
2841
2842
2843
2844
2845
2846
2847
2848
2849
2850
2851
2852
2853
2854
2855
2856
2857
2858
2859
2860
2861
2862
2863
2864
2865
2866
2867
2868
2869
2870
2871
2872
2873
2874
2875
2876
2877
2878
2879
2880
2881
2882
2883
2884
2885
2886
2887
2888
2889
2890
2891
2892
2893
2894
2895
2896
2897
2898
2899
2900
2901
2902
2903
2904
2905
2906
2907
2908
2909
2910
2911
2912
2913
2914
2915
2916
2917
2918
2919
2920
2921
2922
2923
2924
2925
2926
2927
2928
2929
2930
2931
2932
2933
2934
2935
2936
2937
2938
2939
2940
2941
2942
2943
2944
2945
2946
2947
2948
2949
2950
2951
2952
2953
2954
2955
2956
2957
2958
2959
2960
2961
2962
2963
2964
2965
2966
2967
2968
2969
2970
2971
2972
2973
2974
2975
2976
2977
2978
2979
2980
2981
2982
2983
2984
2985
2986
2987
2988
2989
2990
2991
2992
2993
2994
2995
2996
2997
2998
2999
3000
3001
3002
3003
3004
3005
3006
3007
3008
3009
3010
3011
3012
3013
3014
3015
3016
3017
3018
3024
3025
3028
3029
3030
3031
3032
3033
3034
3035
3040
3043
3044
3045
3046
3050
3056
3058
3059
3061
3062
3063
3064
3065
3066
3069
3075
3148
3155
3157
3158
3159
3160
3161
3162
3163
3164
3165
3166
3167
3168
3169
3170
3171
3172
3173
3174
3175
3176
3177
3178
3179
3180
3181
3182
3183
3184
3185
3186
3187
3188
3189
3190
3191
3192
3193
3194
3195
3196
3197
3198
3199
3200
3201
3202
3203
3204
3205
3206
3207
3208
3209
3210
3211
3212
3213
3214
3215
3216
3217
3218
3219
3220
3221
3222
3223
3224
3225
3226
3227
3228
3229
3230
3231
3232
3233
3234
3235
3236
3237
3238
3239
3240
3241
3242
3243
3244
3245
3246
3247
3248
3249
3250
3251
3252
3253
3254
3255
3256
3257
3258
3259
3260
3261
3262
3263
3264
3265
3266
3267
3268
3269
3270
3271
3272
3273
3274
3275
3276
3277
3278
3279
3280
3281
3282
3283
3284
3285
3286
3287
3288
3289
3290
3291
3292
3293
3294
3295
3296
3297
3298
3299
3300
3301
3302
3303
3304
3305
3306
3307
3308
3309
3310
3311
3312
3313
3314
3315
3316
3317
3318
3319
3320
3321
3322
3323
3324
3325
3326
3327
3328
3329
3330
3331
3332
3333
3334
3335
3336
3337
3338
3339
3340
3341
3342
3343
3344
3345
3346
3347
3348
3349
3350
3351
3352
3353
3354
3355
3356
3357
3358
3359
3360
3361
3362
3363
3364
3365
3366
3367
3368
3369
3370
3371
3372
3373
3374
3375
3376
3377
3378
3379
3380
3381
3382
3383
3384
3385
3386
3387
3388
3389
3390
3391
3392
3393
3394
3395
3396
3397
3398
3399
3400
3401
3402
3403
3404
3405
3406
3407
3408
3409
3410
3411
3412
3413
3414
3415
3416
3417
3418
3419
3420
3421
3422
3423
3424
3425
3426
3427
3428
3429
3430
3431
3432
3433
3434
3435
3436
3437
3438
3439
3440
3441
3442
3443
3444
3445
3446
3447
3448
3449
3450
3451
3452
3453
3454
3455
3456
3457
3458
3459
3460
3461
3462
3463
3464
3465
3466
3467
3468
3469
3470
3471
3472
3473
3474
3475
3476
3477
3478
3479
3480
3481
3482
3483
3484
3485
3486
3487
3488
3489
3490
3491
3492
3493
3494
3495
3496
3497
3498
3499
3500
3501
3502
3503
3504
3505
3506
3507
3508
3509
3510
3511
3512
3513
3514
3515
3516
3517
3518
3519
3520
3521
3522
3523
3524
3525
3526
3527
3528
3529
3530
3531
3532
3533
3534
3535
3536
3537
3538
3539
3540
3541
3542
3543
3544
3545
3546
3547
3548
3549
3550
3551
3552
3553
3554
3555
3556
3557
3558
3559
3560
3561
3562
3563
3564
3565
3566
3567
3568
3569
3570
3571
3572
3573
3574
3575
3576
3577
3578
3579
3580
3581
3582
3583
3584
3585
3586
3587
3588
3589
3590
3591
3592
3593
3594
3595
3596
3597
3598
3599
3600
3601
3602
3603
3604
3605
3606
3607
3608
3609
3610
3611
3612
3613
3614
3615
3616
3617
3618
3619
3620
3621
3622
3623
3624
3625
3626
3627
3628
3629
3630
3631
3632
3633
3634
3635
3636
3637
3638
3639
3640
3641
3642
3643
3644
3645
3646
3647
3648
3649
3650
3651
3652
3653
3654
3655
3656
3657
3658
3659
3660
3661
3662
3663
3664
3665
3666
3667
3668
3669
3670
3671
3672
3673
3674
3675
3676
3677
3678
3679
3680
3681
3682
3683
3684
3685
3686
3687
3688
3689
3690
3691
3692
3693
3694
3695
3696
3697
3698
3699
3700
3701
3702
3703
3704
3705
3706
3707
3708
3709
3710
3711
3712
3713
3714
3715
3716
3717
3718
3719
3720
3721
3722
3723
3724
3725
3726
3727
3728
3729
3730
3731
3732
3733
3734
3735
3736
3737
3738
3739
3740
3741
3742
3743
3744
3745
3746
3747
3748
3749
3750
3751
3752
3753
3754
3755
3756
3757
3758
3759
3760
3761
3762
3763
3764
3765
3766
3767
3768
3769
3770
3771
3772
3773
3774
3775
3776
3777
3778
3779
3780
3781
3782
3783
3784
3785
3786
3787
3788
3789
3790
3791
3792
3793
3794
3795
3796
3797
3798
3799
3800
3801
3802
3803
3804
3805
3806
3807
3808
3809
3810
3811
3812
3813
3814
3815
3816
3817
3818
3819
3820
3821
3822
3823
3824
3825
3826
3827
3828
3829
3830
3831
3832
3833
3834
3835
3836
3837
3838
3839
3840
3841
3842
3843
3844
3845
3846
3847
3848
3849
3850
3851
3852
3853
3854
3855
3856
3857
3858
3859
3860
3861
3862
3863
3864
3865
3866
3867
3868
3869
3870
3871
3872
3873
3874
3875
3876
3877
3878
3879
3880
3881
3882
3883
3884
3885
3886
3887
3888
3889
3890
3891
3892
3893
3894
3895
3896
3897
3898
3899
3900
3901
3902
3903
3904
3905
3906
3907
3908
3909
3910
3911
3912
3913
3914
3915
3916
3917
3918
3919
3920
3921
3922
3923
3924
3925
3926
3927
3928
3929
3930
3931
3932
3933
3934
3935
3936
3937
3938
3939
3940
3941
3942
3943
3944
3945
3946
3947
3948
3949
3950
3951
3952
3953
3954
3955
3956
3957
3958
3959
3960
3961
3962
3963
3964
3965
3966
3967
3968
3969
3970
3971
3972
3973
3974
3975
3976
3977
3978
3979
3980
3981
3982
3983
3984
3985
3986
3987
3988
3989
3990
3992
3993
3994
3995
3996
3997
3998
3999
4000
4001
4002
4003
4004
4005
4006
4007
4008
4009
4010
4011
4012
4013
4014
4015
4016
4017
4018
4019
4020
4021
4022
4023
4024
4025
4026
4027
4028
4029
4030
4031
4032
4033
4034
4035
4036
4037
4038
4039
4040
4041
4042
4043
4044
4045
4046
4047
4048
4049
4050
4051
4052
4053
4054
4055
4056
4057
4058
4059
4060
4061
4062
4063
4064
4065
4066
4067
4068
4069
4070
4071
4072
4073
4074
4075
4076
4077
4078
4079
4080
4081
4082
4083
4084
4085
4086
4087
4088
4089
4090
4091
4092
4093
4094
4095
4096
4097
4098
4099
4100
4101
4102
4103
4104
4105
4106
4107
4108
4109
4110
4111
4112
4113
4114
4115
4116
4117
4118
4119
4120
4121
4122
4123
4124
4125
4126
4127
4128
4129
4130
4131
4132
4133
4134
4135
4136
4137
4138
4139
4140
4141
4142
4143
4144
4145
4146
4147
4148
4149
4150
4151
4152
4153
4154
4155
4156
4157
4158
4159
4160
4161
4162
4163
4164
4165
4166
4167
4168
4169
4170
4171
4172
4173
4174
4175
4176
4177
4178
4179
4180
4181
4182
4183
4184
4185
4186
4187
4188
4189
4190
4191
4192
4193
4194
4195
4196
4197
4198
4199
4200
4201
4202
4203
4204
4205
4206
4207
4208
4209
4210
4211
4212
4213
4214
4215
4216
4217
4218
4219
4220
4221
4222
4223
4224
4225
4226
4227
4228
4229
4231
4235
4239
4240
4241
4242
4243
4244
4245
4246
4247
4248
4249
4250
4252
4253
4254
4255
4256
4257
4258
4259
4260
4261
4262
4263
4264
4265
4266
4267
4268
4269
4270
4271
4272
4273
4274
4275
4276
4277
4278
4279
4280
4281
4283
4284
4291
4292
4293
4294
4295
4296
4297
4298
4299
4300
4301
4308
4309
4310
4311
4312
4313
4314
4315
4316
4317
4319
4329
4336
4351
4353
4365
4366
4367
4368
4369
4370
4371
4372
4373
4374
4375
4376
4377
4378
4379
4380
4381
4382
4383
4384
4386
4387
4388
4389
4390
4391
4393
4394
4395
4397
4398
4399
4400
4401
4402
4403
4404
4405
4406
4407
4409
4410
4411
4412
4413
4414
4429
4430
4431
4432
4433
4434
4435
4436
4437
4438
4439
4440
4441
4442
4443
4444
4445
4446
4447
4448
4449
4450
4451
4452
4453
4454
4455
4456
4457
4458
4459
4466
4474
4476
4480
4481
4482
4483
4484
4485
4487
4488
4489
4490
4491
4492
4494
4495
4496
4497
4498
4499
4500
4501
4502
4503
4504
4505
4506
4507
4508
4509
4511
4513
4514
4515
4516
4517
4518
4519
4520
4521
4522
4523
4524
4525
4526
4527
4530
4531
4532
4536
4537
4538
4539
4545
4576
4585
4591
4610
4613
4692
4710
4733
4744
4745
4748
4757
4771
4791
4797
4818
4820
4821
4822
4823
4824
4825
4826
4827
4828
4829
4832
4833
4834
4835
4836
4838
4839
4840
4841
4842
4843
4844
4845
4846
4851
4855
4857
4858
4859
4860
4862
4863
4864
4865
4866
4867
4868
4869
4870
4871
4872
4873
4874
4875
4876
4877
4878
4879
4880
4881
4882
4884
4889
4892
4894
4895
4902
4903
4904
4905
4906
4908
4909
4910
4911
4929
4930
4931
4941
4944
4947
4948
4949
4950
4951
4952
4953
4954
4955
4956
4957
4958
4959
4960
4961
4962
4963
4964
4974
4982
4983
4988
4993
4998
5003
5006
5007
5009
5014
5015
5019
5020
5022
5023
5024
5025
5026
5028
5029
5030
5031
5034
5035
5036
5037
5038
5039
5040
5041
5042
5043
5057
5060
5062
5064
5065
5066
5067
5068
5069
5070
5071
5072
5073
5074
5075
5077
5079
5080
5081
5082
5083
5092
5093
5094
5095
5096
5097
5098
5099
5100
5101
5102
5103
5104
5105
5106
5107
5108
5109
5110
5111
5112
5113
5114
5115
5117
5119
5124
5126
5127
5128
5129
5131
5133
5135
5137
5139
5141
5144
5146
5157
5158
5159
5160
5161
5162
5163
5164
5165
5166
5167
5168
5169
5170
5172
5173
5174
5175
5176
5177
5178
5179
5180
5181
5183
5184
5185
5186
5188
5189
5190
5191
5193
5195
5196
5197
5198
5200
5201
5202
5203
5204
5207
5216
5217
5218
5220
5221
5225
5230
5234
5236
5239
5241
5242
5244
5248
5253
5257
5258
5259
5261
5262
5263
5265
5266
5270
5272
5275
5278
5279
5280
5281
5282
5283
5284
5285
5286
5287
5288
5289
5290
5291
5292
5293
5294
5295
5296
5297
5298
5299
5300
5301
5302
5303
5304
5305
5306
5307
5308
5313
5314
5316
5317
5320
5321
5322
5323
5324
5326
5327
5328
5329
5330
5333
5334
5335
5336
5337
5338
5339
5340
5341
5342
5346
5348
5349
5352
5353
5358
5360
5362
5366
5370
5388
5390
5391
5392
5393
5394
5395
5396
5397
5398
5399
5400
5401
5402
5403
5404
5405
5406
5407
5408
5409
5410
5411
5412
5415
5418
5419
5420
5421
5422
5423
5424
5425
5426
5427
5428
5429
5430
5431
5433
5434
5447
5449
5450
5451
5452
5453
5457
5462
5463
5464
5465
5466
5467
5468
5469
5470
5471
5472
5473
5474
5475
5476
5477
5478
5479
5480
5481
5482
5483
5484
5485
5486
5487
5488
5489
5490
5491
5492
5493
5494
5495
5496
5497
5498
5499
5500
5501
5502
5503
5504
5505
5506
5507
5508
5509
5510
5511
5512
5513
5514
5515
5516
5517
5518
5519
5520
5521
5522
5523
5524
5525
5526
5527
5528
5529
5530
5531
5532
5533
5534
5535
5536
5537
5538
5539
5540
5541
5542
5543
5544
5545
5546
5547
5548
5549
5550
5551
5552
5553
5554
5555
5556
5557
5558
5559
5560
5561
5562
5563
5564
5580
5591
5597
5599
5600
5601
5602
5603
5604
5605
5606
5607
5608
5609
5610
5611
5612
5613
5614
5615
5616
5617
5618
5619
5620
5621
5622
5623
5624
5625
5626
5627
5628
5629
5630
5631
5632
5633
5634
5635
5636
5637
5638
5639
5640
5641
5642
5643
5644
5645
5646
5647
5648
5649
5650
5651
5652
5653
5662
5663
5664
5665
5666
5667
5668
5669
5670
5671
5672
5673
5674
5675
5676
5677
5678
5679
5680
5681
5682
5683
5684
5685
5686
5687
5688
5689
5690
5691
5692
5693
5694
5705
5706
5707
5708
5709
5710
5711
5713
5714
5715
5716
5717
5718
5720
5721
5722
5725
5726
5727
5728
5729
5730
5731
5732
5733
5734
5735
5736
5737
5738
5739
5740
5742
5743
5744
5745
5746
5747
5748
5753
5756
5757
5758
5759
5761
5762
5763
5764
5765
5766
5767
5768
5769
5770
5771
5772
5773
5774
5775
5776
5777
5778
5779
5780
5781
5783
5784
5785
5786
5787
5788
5789
5790
5791
5792
5793
5794
5795
5796
5797
5798
5799
5801
5802
5803
5804
5889
5890
5891
5892
5894
5895
5896
5897
5898
5900
5901
5902
5906
5908
5909
5911
5912
5924
5926
5927
5928
5929
5930
5931
5932
5933
5934
5935
5936
5937
5938
5939
5940
5941
5942
5943
5944
5945
5946
5947
5948
5949
5950
5951
5952
5953
5954
5955
5956
5957
5958
5959
5960
5961
5962
5963
5964
5965
5966
5967
5968
5969
5970
5971
5972
5973
5974
5975
5976
5977
5978
5979
5980
5981
5982
5983
5984
5985
5986
5987
5988
5989
5990
5991
5992
5993
5994
5995
5996
5997
5998
5999
6000
6001
6002
6003
6004
6005
6006
6007
6008
6009
6010
6011
6012
6013
6014
6015
6016
6017
6018
6019
6020
6021
6022
6023
6024
6025
6026
6027
6028
6029
6030
6031
6032
6033
6034
6035
6036
6037
6038
6039
6040
6041
6042
6043
6044
6045
6046
6047
6048
6049
6050
6051
6052
6053
6054
6055
6056
6057
6059
6060
6061
6062
6063
6064
6065
6066
6067
6068
6069
6070
6071
6072
6073
6074
6075
6076
6077
6078
6079
6080
6081
6082
6083
6084
6085
6086
6087
6088
6089
6090
6091
6092
6093
6094
6095
6096
6097
6098
6099
6100
6101
6102
6103
6104
6105
6106
6107
6108
6109
6110
6111
6112
6113
6114
6115
6116
6117
6118
6119
6120
6121
6122
6123
6124
6125
6126
6127
6128
6129
6130
6131
6132
6133
6134
6135
6136
6137
6138
6139
6140
6141
6142
6143
6145
6146
6147
6148
6149
6150
6152
6154
6158
6166
6167
6171
6172
6173
6174
6175
6176
6177
6178
6183
6184
6185
6186
6188
6208
6209
6210
6211
6212
6213
6214
6215
6216
6249
6250
6254
6255
6256
6257
6258
6259
6260
6261
6262
6263
6264
6265
6266
6267
6268
6269
6270
6271
6272
6273
6274
6275
6276
6277
6278
6279
6280
6281
6282
6283
6284
6285
6286
6287
6288
6289
6290
6291
6292
6293
6294
6295
6296
6297
6298
6299
6300
6301
6302
6303
6304
6305
6306
6307
6308
6309
6310
6311
6312
6313
6314
6315
6316
6317
6318
6319
6320
6321
6322
6323
6324
6325
6326
6327
6328
6329
6330
6331
6332
6333
6334
6335
6336
6337
6338
6339
6340
6341
6342
6343
6344
6345
6346
6347
6348
6349
6350
6351
6352
6353
6354
6355
6356
6357
6358
6359
6360
6361
6362
6367
6373
6375
6379
6380
6383
6395
6399
6403
6404
6405
6406
6407
6408
6409
6410
6411
6412
6413
6414
6415
6416
6417
6418
6419
6424
6425
6431
6446
6447
6448
6449
6450
6451
6452
6453
6454
6455
6456
6457
6458
6459
6460
6461
6462
6463
6513
6519
6521
6523
6527
6528
6529
6530
6531
6532
6533
6534
6535
6536
6537
6538
6539
6540
6541
6542
6543
6544
6545
6546
6547
6548
6549
6550
6551
6552
6553
6554
6555
6556
6557
6558
6559
6560
6561
6562
6563
6564
6565
6567
6569
6576
6578
6579
6580
6581
6582
6583
6584
6587
6589
6590
6600
6601
6602
6603
6604
6605
6606
6607
6608
6609
6610
6611
6612
6613
6614
6616
6617
6618
6619
6620
6621
6622
6623
6624
6625
6626
6628
6629
6630
6631
6632
6634
6635
6636
6637
6638
6639
6641
6642
6643
6644
6645
6646
6647
6648
6649
6650
6651
6652
6653
6654
6655
6656
6657
6658
6659
6660
6661
6662
6663
6664
6665
6667
6668
6669
6670
6671
6672
6673
6674
6715
6716
6717
6718
6719
6720
6721
6722
6730
6732
6735
6736
6737
6738
6740
6741
6742
6743
6744
6745
6746
6747
6748
6749
6750
6751
6752
6753
6754
6755
6756
6757
6758
6759
6760
6761
6762
6763
6764
6765
6766
6767
6768
6769
6770
6771
6772
6773
6774
6775
6776
6777
6778
6779
6780
6781
6782
6783
6784
6785
6786
6787
6788
6789
6790
6791
6792
6793
6794
6795
6796
6797
6798
6799
6800
6801
6802
6803
6804
6805
6806
6807
6808
6809
6810
6811
6812
6813
6814
6815
6816
6817
6818
6819
6820
6821
6822
6823
6824
6825
6826
6827
6828
6829
6830
6831
6832
6833
6834
6835
6836
6837
6838
6839
6840
6841
6842
6843
6844
6845
6846
6847
6848
6849
6850
6851
6852
6853
6854
6855
6856
6857
6858
6859
6860
6861
6862
6863
6864
6865
6866
6867
6868
6869
6870
6871
6872
6873
6874
6875
6876
6877
6878
6879
6880
6881
6882
6883
6884
6885
6886
6887
6888
6889
6891
6892
6893
6894
6895
6896
6897
6898
6899
6900
6901
6902
6903
6904
6905
6906
6907
6908
6909
6910
6911
6912
6913
6914
6915
6916
6917
6918
6919
6920
6921
6922
6923
6924
6925
6926
6927
6928
6929
6930
6931
6932
6933
6934
6935
6936
6937
6938
6939
6940
6941
6942
6943
6944
6945
6946
6947
6948
6949
6950
6951
6952
6953
6954
6955
6956
6957
6958
6959
6960
6961
6962
6963
6965
6966
6967
6968
6969
6970
6971
6972
6973
6974
6975
6976
6977
6978
6979
6981
6982
6983
6984
6985
6986
6987
6988
6989
6990
6991
6992
6993
6994
6995
6996
6997
6998
6999
7000
7001
7002
7003
7004
7005
7006
7007
7008
7009
7010
7011
7012
7013
7014
7015
7016
7017
7018
7019
7020
7021
7022
7023
7024
7025
7026
7027
7028
7029
7030
7031
7032
7033
7034
7035
7036
7037
7038
7039
7040
7041
7042
7043
7044
7045
7046
7047
7048
7049
7050
7051
7052
7053
7054
7055
7056
7057
7058
7059
7060
7061
7062
7063
7064
7065
7066
7067
7068
7069
7070
7071
7072
7073
7074
7075
7076
7077
7078
7079
7080
7081
7082
7083
7084
7085
7086
7087
7088
7089
7090
7091
7092
7093
7094
7095
7096
7097
7098
7099
7100
7101
7102
7103
7104
7105
7106
7107
7108
7109
7110
7111
7112
7113
7114
7115
7116
7117
7118
7119
7120
7121
7122
7123
7124
7125
7126
7127
7128
7129
7130
7131
7132
7133
7134
7135
7136
7137
7138
7139
7140
7141
7142
7143
7144
7145
7146
7147
7148
7149
7150
7151
7152
7153
7154
7155
7156
7157
7158
7159
7160
7161
7162
7163
7164
7165
7166
7167
7168
7169
7170
7171
7172
7173
7174
7175
7176
7177
7178
7179
7180
7181
7182
7183
7184
7185
7186
7187
7188
7189
7190
7191
7192
7193
7194
7195
7196
7197
7198
7199
7200
7201
7202
7203
7204
7205
7206
7207
7208
7209
7210
7211
7212
7213
7214
7215
7216
7217
7218
7219
7220
7221
7222
7223
7224
7225
7226
7227
7228
7229
7230
7231
7232
7233
7234
7235
7236
7237
7238
7239
7240
7241
7242
7243
7244
7245
7246
7247
7248
7249
7250
7251
7252
7253
7254
7255
7265
7266
7267
7268
7270
7271
7272
7274
7277
7295
7302
7303
7314
7315
7316
7317
7318
7319
7320
7321
7322
7323
7324
7325
7326
7327
7328
7329
7330
7331
7332
7333
7334
7335
7336
7337
7338
7339
7345
7350
7353
7354
7355
7356
7357
7358
7359
7360
7361
7362
7363
7364
7365
7366
7367
7368
7369
7370
7371
7372
7373
7374
7375
7376
7377
7378
7379
7380
7381
7382
7383
7384
7385
7386
7387
7388
7389
7390
7391
7392
7393
7394
7395
7396
7397
7398
7399
7400
7401
7402
7403
7404
7405
7406
7407
7408
7409
7410
7411
7412
7413
7414
7415
7421
7427
7431
7435
7436
7437
7438
7439
7440
7441
7442
7443
7444
7445
7446
7447
7448
7454
7455
7458
7459
7462
7463
7464
7465
7468
7469
7471
7473
7475
7476
7477
7478
7480
7489
7490
7491
7492
7493
7494
7495
7496
7497
7503
7504
7505
7506
7507
7508
7509
7519
7520
7521
7523
7524
7525
7526
7529
7530
7531
7532
7533
7534
7535
7536
7537
7538
7539
7540
7541
7542
7544
7545
7546
7547
7548
7549
7552
7553
7554
7555
7556
7557
7558
7559
7560
7561
7562
7563
7564
7565
7566
7567
7568
7569
7570
7571
7572
7573
7574
7575
7576
7577
7578
7579
7580
7581
7582
7583
7584
7590
7591
7593
7595
7597
7599
7604
7607
7608
7609
7610
7611
7612
7613
7614
7615
7616
7617
7618
7619
7620
7621
7622
7624
7625
7626
7631
7632
7633
7636
7640
7648
7657
7663
7664
7665
7666
7667
7668
7669
7670
7671
7672
7673
7674
7675
7678
7701
7703
7705
7714
7715
7716
7717
7718
7719
7720
7721
7722
7723
7724
7725
7726
7727
7728
7729
7730
7731
7732
7733
7734
7746
7747
7748
7749
7750
7751
7752
7753
7754
7755
7756
7758
7861
7867
7873
7879
7880
7882
7883
7884
7885
7887
7888
7889
7893
7897
7905
7907
7908
7909
7910
7912
7913
7914
7919
7920
7921
7922
7923
7924
7925
7926
7927
7928
7929
7930
7931
7932
7933
7934
7935
7936
7937
7938
7939
7940
7950
7951
7952
7953
7954
7955
7967
7970
7974
7975
7977
7978
7979
7980
7981
7995
7996
7997
7998
7999
8000
8001
8003
8004
8005
8006
8007
8008
8018
8027
8028
8029
8030
8031
8032
8033
8034
8036
8037
8060
8191
8227
8229
8231
8233
8237
8246
8248
8252
8253
8254
8255
8256
8259
8278
8279
8281
8282
8283
8287
8288
8289
8290
8291
8292
8293
8294
8295
8296
8297
8298
8299
8300
8301
8302
8303
8304
8305
8306
8307
8308
8309
8310
8311
8312
8313
8314
8315
8316
8317
8318
8319
8320
8321
8322
8323
8324
8325
8326
8327
8328
8329
8330
8331
8332
8333
8334
8335
8336
8337
8338
8339
8340
8341
8342
8343
8344
8345
8346
8347
8348
8349
8350
8351
8352
8353
8354
8355
8356
8357
8358
8359
8360
8361
8362
8363
8364
8365
8366
8367
8368
8369
8370
8371
8372
8373
8374
8375
8376
8377
8378
8379
8380
8381
8382
8383
8384
8385
8386
8387
8388
8389
8390
8391
8392
8393
8394
8395
8396
8397
8398
8399
8400
8401
8402
8403
8404
8405
8406
8407
8408
8409
8410
8411
8412
8413
8414
8415
8416
8417
8418
8419
8420
8421
8422
8423
8424
8425
8426
8427
8428
8429
8430
8431
8433
8436
8438
8439
8440
8441
8442
8443
8444
8445
8446
8447
8448
8449
8450
8451
8452
8453
8454
8455
8456
8457
8458
8459
8460
8461
8462
8463
8464
8465
8466
8467
8468
8469
8470
8471
8472
8473
8474
8475
8476
8477
8478
8479
8480
8481
8482
8483
8484
8485
8486
8487
8488
8489
8490
8491
8492
8493
8494
8495
8496
8497
8507
8508
8509
8523
8525
8526
8527
8531
8536
8540
8541
8542
8543
8549
8550
8558
8560
8569
8571
8577
8578
8579
8582
8583
8584
8585
8586
8587
8588
8589
8601
8602
8603
8604
8605
8606
8615
8619
8629
8631
8637
8638
8639
8641
8642
8643
8644
8645
8667
8674
8677
8699
8706
8707
8708
8709
8710
8711
8712
8717
8721
8722
8723
8724
8725
8726
8727
8728
8729
8730
8731
8732
8733
8734
8735
8738
8742
8743
8745
8757
8760
8761
8763
8764
8769
8770
8781
8782
8783
8784
8785
8786
8787
8789
8795
8796
8797
8798
8799
8800
8801
8802
8803
8804
8805
8806
8807
8808
8809
8810
8811
8812
8813
8814
8815
8816
8817
8818
8819
8820
8825
8827
8828
8829
8830
8831
8832
8833
8834
8835
8836
8837
8838
8839
8840
8841
8842
8843
8844
8845
8846
8847
8848
8849
8850
8851
8852
8853
8854
8855
8856
8857
8859
8860
8861
8862
8863
8865
8866
8867
8868
8869
8870
8871
8880
8881
8888
8893
8903
8904
8906
8907
8908
8909
8910
8911
8913
8914
8915
8916
8917
8918
8920
8921
8937
8938
8939
8940
8941
8942
8943
8944
8947
8958
8962
8963
8964
8980
8981
8984
8993
8999
9001
9003
9005
9012
9019
9028
9038
9052
9066
9067
9078
9079
9083
9092
9096
9107
9120
9133
9134
9142
9158
9162
9182
9187
9191
9200
9201
9206
9210
9221
9223
9238
9259
9270
9299
9313
9314
9316
9317
9318
9319
9320
9321
9322
9323
9324
9325
9326
9327
9328
9329
9330
9331
9332
9333
9334
9335
9336
9337
9338
9339
9340
9341
9342
9343
9344
9345
9346
9347
9348
9349
9350
9351
9352
9353
9354
9355
9356
9357
9358
9359
9360
9361
9362
9363
9364
9365
9366
9367
9368
9369
9370
9371
9372
9373
9374
9375
9376
9377
9378
9379
9380
9381
9382
9383
9384
9385
9386
9387
9388
9389
9390
9391
9392
9393
9394
9395
9396
9397
9398
9399
9400
9401
9402
9403
9404
9405
9406
9407
9408
9409
9410
9411
9412
9413
9414
9415
9416
9417
9418
9419
9420
9421
9422
9423
9424
9425
9426
9427
9428
9429
9430
9439
9444
9447
9449
9452
9453
9454
9455
9456
9457
9458
9459
9460
9461
9462
9463
9464
9465
9466
9467
9468
9477
9481
9482
9483
9484
9485
9486
9487
9488
9489
9492
9497
9499
9503
9506
9510
9511
9512
9513
9514
9515
9516
9517
9518
9519
9520
9521
9522
9523
9524
9525
9526
9527
9528
9529
9530
9531
9532
9533
9534
9535
9536
9537
9538
9539
9540
9541
9542
9543
9544
9545
9546
9547
9548
9549
9550
9551
9552
9553
9554
9555
9556
9557
9558
9559
9560
9561
9562
9563
9564
9565
9566
9567
9568
9569
9570
9571
9572
9573
9574
9575
9576
9577
9578
9579
9580
9581
9582
9583
9585
9586
9587
9588
9589
9590
9591
9592
9593
9594
9595
9596
9597
9598
9599
9600
9601
9602
9603
9604
9605
9606
9607
9608
9609
9610
9611
9612
9613
9614
9615
9616
9617
9618
9619
9620
9621
9622
9623
9624
9625
9626
9627
9628
9629
9630
9631
9632
9633
9634
9635
9636
9637
9638
9639
9640
9641
9642
9643
9644
9645
9646
9647
9648
9649
9650
9651
9652
9653
9654
9655
9656
9657
9658
9659
9660
9661
9662
9663
9664
9665
9666
9667
9668
9669
9670
9671
9672
9673
9674
9675
9676
9677
9678
9682
9692
9698
9701
9708
9709
9711
9715
9720
9721
9723
9724
9725
9726
9728
9729
9730
9731
9732
9733
9734
9735
9736
9750
9758
9760
9761
9762
9763
9764
9765
9766
9767
9768
9769
9770
9786
9787
9788
9789
9790
9791
9792
9793
9794
9795
9796
9797
9798
9799
9800
9801
9802
9803
9806
9809
9854
9859
9863
9864
9865
9866
9867
9868
9869
9870
9871
9872
9873
9874
9875
9876
9877
9878
9880
9882
9884
9891
9900
9903
9911
9920
9921
9922
9923
9924
9925
9926
9927
9928
9929
9930
9931
9932
9933
9934
9935
9936
9937
9938
9939
9940
9941
9942
9943
9944
9945
9946
9947
9948
9949
9950
9951
9952
9953
9954
9955
9956
9957
9958
9961
9962
9963
9965
9966
9967
9968
9970
9971
9972
9973
9974
9975
9976
9977
9978
9988
9989
9990
9991
9992
9993
9994
9995
9996
9997
9998
9999
10000
10001
10002
10003
10004
10007
10009
10019
10020
10021
10022
10023
10025
10026
10027
10030
10031
10034
10035
10038
10046
10060
10061
10062
10063
10064
10065
10066
10067
10072
10073
10076
10077
10080
10082
10083
10084
10085
10086
10087
10088
10089
10090
10091
10092
10093
10097
10105
10106
10107
10108
10109
10110
10111
10112
10113
10114
10115
10116
10117
10118
10119
10120
10121
10122
10123
10124
10125
10126
10127
10128
10130
10131
10132
10133
10134
10136
10141
10145
10148
10149
10150
10151
10152
10153
10154
10155
10156
10157
10158
10159
10160
10161
10162
10163
10164
10165
10166
10167
10168
10169
10170
10171
10172
10173
10174
10175
10176
10177
10178
10179
10180
10181
10182
10183
10184
10185
10186
10187
10188
10189
10190
10191
10192
10193
10194
10195
10196
10197
10198
10199
10200
10201
10202
10203
10204
10205
10206
10207
10208
10209
10210
10211
10212
10213
10214
10215
10216
10217
10218
10219
10220
10221
10222
10223
10224
10225
10226
10227
10228
10229
10230
10231
10232
10233
10234
10235
10236
10237
10238
10239
10240
10241
10242
10243
10244
10245
10246
10247
10248
10249
10250
10251
10252
10253
10254
10255
10256
10257
10258
10259
10260
10261
10262
10263
10264
10265
10266
10267
10268
10269
10270
10271
10272
10273
10274
10275
10276
10277
10278
10279
10280
10281
10282
10283
10284
10285
10286
10287
10288
10290
10291
10292
10293
10294
10295
10296
10297
10298
10299
10300
10301
10302
10303
10304
10305
10306
10307
10308
10309
10310
10311
10312
10313
10314
10315
10316
10317
10318
10319
10320
10321
10322
10323
10324
10325
10326
10327
10328
10329
10330
10331
10332
10333
10334
10335
10336
10337
10338
10339
10340
10341
10342
10343
10344
10345
10346
10347
10348
10349
10350
10351
10352
10353
10354
10355
10356
10357
10358
10359
10360
10361
10362
10363
10364
10365
10366
10367
10368
10369
10370
10371
10372
10373
10374
10375
10376
10377
10378
10379
10380
10381
10382
10383
10384
10385
10386
10387
10388
10389
10390
10391
10392
10393
10394
10395
10396
10397
10398
10399
10400
10401
10402
10403
10404
10405
10406
10407
10408
10409
10410
10411
10412
10413
10414
10415
10416
10417
10418
10419
10420
10421
10422
10423
10424
10425
10426
10427
10428
10429
10430
10431
10432
10433
10434
10435
10436
10437
10438
10439
10440
10441
10442
10443
10444
10445
10446
10447
10448
10449
10450
10451
10452
10453
10454
10455
10456
10457
10458
10459
10460
10461
10462
10463
10464
10465
10466
10467
10468
10469
10470
10471
10472
10473
10474
10475
10476
10477
10478
10479
10480
10481
10482
10483
10484
10485
10486
10487
10488
10489
10490
10491
10492
10493
10494
10495
10496
10497
10498
10499
10500
10501
10502
10503
10504
10505
10506
10507
10508
10509
10510
10511
10512
10513
10514
10515
10516
10517
10518
10519
10520
10521
10522
10523
10524
10525
10526
10527
10528
10529
10530
10531
10532
10533
10534
10535
10536
10537
10538
10539
10540
10541
10542
10543
10544
10545
10546
10547
10548
10549
10550
10551
10552
10553
10554
10555
10556
10557
10558
10559
10560
10561
10562
10563
10564
10565
10566
10567
10568
10569
10570
10571
10572
10573
10574
10575
10576
10577
10578
10579
10580
10581
10582
10583
10584
10585
10586
10587
10588
10589
10590
10591
10592
10593
10594
10595
10596
10597
10598
10599
10600
10601
10602
10603
10604
10605
10606
10607
10608
10609
10610
10611
10612
10613
10614
10615
10616
10617
10618
10619
10620
10621
10622
10623
10624
10625
10626
10627
10628
10629
10630
10631
10632
10633
10634
10635
10636
10637
10638
10639
10640
10641
10642
10643
10644
10645
10646
10647
10648
10649
10650
10651
10652
10653
10654
10655
10656
10657
10658
10659
10660
10661
10662
10663
10664
10665
10666
10667
10668
10669
10670
10671
10672
10673
10674
10675
10676
10677
10678
10679
10680
10681
10682
10683
10684
10685
10686
10687
10688
10689
10690
10691
10692
10693
10694
10695
10696
10697
10698
10699
10700
10701
10702
10703
10704
10705
10706
10707
10708
10709
10710
10711
10712
10713
10714
10715
10716
10717
10718
10719
10720
10721
10722
10723
10724
10725
10726
10727
10728
10729
10730
10731
10732
10733
10734
10735
10736
10737
10738
10739
10740
10741
10742
10743
10744
10745
10746
10747
10748
10749
10750
10751
10752
10753
10754
10755
10756
10757
10758
10759
10760
10761
10762
10763
10764
10765
10766
10767
10768
10769
10770
10771
10772
10773
10774
10775
10776
10783
10795
10804
10838
10850
10853
10854
10855
10856
10857
10858
10859
10860
10861
10886
10887
10888
10889
10890
10891
10892
10893
10894
10895
10896
10897
10898
10899
10900
10901
10902
10903
10904
10905
10906
10907
10908
10909
10910
10911
10915
10916
10917
10918
10925
10937
10938
10939
10940
10941
10942
10943
10944
10945
10946
10947
10948
10949
10950
10951
10952
10954
10955
10956
10957
10958
10960
10963
10964
10966
10967
10968
10969
10970
10971
10972
10973
10974
10975
10976
10977
10978
10979
10980
10981
10982
10983
10984
10985
10986
10993
10997
10998
10999
11000
11001
11004
11006
11008
11009
11013
11014
11021
11032
11035
11039
11060
11064
11065
11066
11067
11068
11069
11070
11071
11072
11073
11074
11075
11076
11077
11078
11080
11081
11082
11092
11093
11094
11095
11096
11097
11098
11099
11100
11101
11103
11104
11105
11106
11107
11108
11109
11110
11111
11112
11113
11114
11115
11116
11117
11118
11119
11120
11121
11122
11123
11124
11125
11126
11127
11128
11129
11130
11131
11132
11133
11134
11135
11136
11137
11138
11139
11140
11141
11142
11143
11144
11145
11146
11147
11148
11149
11150
11151
11152
11153
11154
11155
11156
11157
11158
11159
11160
11161
11162
11163
11164
11165
11166
11167
11168
11169
11170
11171
11172
11173
11174
11175
11176
11177
11178
11179
11180
11181
11182
11183
11184
11185
11186
11187
11188
11189
11190
11191
11192
11193
11194
11195
11196
11197
11198
11199
11200
11201
11202
11203
11204
11205
11206
11207
11208
11209
11210
11211
11212
11213
11214
11215
11216
11217
11218
11219
11220
11221
11222
11223
11224
11226
11227
11228
11229
11230
11231
11232
11233
11234
11235
11236
11237
11238
11239
11240
11241
11242
11243
11244
11245
11246
11247
11248
11249
11250
11251
11252
11253
11254
11255
11256
11257
11258
11259
11260
11262
11263
11264
11265
11266
11267
11268
11269
11270
11271
11272
11273
11274
11275
11276
11277
11278
11279
11280
11281
11282
11283
11284
11285
11286
11287
11288
11289
11290
11291
11292
11293
11294
11295
11296
11297
11298
11299
11300
11301
11302
11303
11304
11305
11306
11307
11308
11309
11310
11311
11312
11313
11314
11315
11316
11317
11318
11319
11320
11321
11322
11323
11324
11325
11326
11327
11328
11329
11330
11331
11332
11333
11334
11335
11336
11337
11338
11339
11340
11341
11342
11343
11344
11345
11346
11347
11348
11349
11350
11351
11352
11353
11354
11355
11356
11357
11358
11359
11360
11361
11362
11363
11364
11365
11366
11367
11368
11369
11370
11371
11372
11373
11374
11375
11376
11377
11378
11379
11380
11381
11382
11383
11384
11385
11386
11387
11388
11389
11390
11391
11392
11393
11394
11395
11396
11397
11398
11399
11400
11401
11402
11403
11404
11405
11406
11407
11408
11409
11410
11411
11412
11413
11414
11415
11416
11417
11418
11419
11420
11421
11422
11423
11424
11425
11426
11427
11428
11429
11430
11431
11432
11433
11434
11435
11436
11437
11438
11439
11440
11441
11442
11443
11444
11445
11446
11447
11448
11449
11450
11451
11452
11453
11454
11455
11456
11457
11458
11459
11460
11461
11462
11463
11464
11465
11466
11467
11468
11469
11470
11471
11472
11473
11474
11475
11476
11477
11478
11479
11480
11481
11482
11483
11484
11485
11486
11487
11488
11489
11490
11491
11492
11493
11494
11495
11496
11497
11498
11499
11500
11501
11502
11504
11505
11506
11507
11508
11509
11512
11514
11516
11518
11519
11520
11521
11522
11523
11524
11525
11526
11527
11528
11529
11530
11531
11532
11533
11534
11535
11536
11537
11538
11539
11540
11541
11542
11543
11544
11545
11546
11547
11548
11549
11550
11551
11552
11553
11554
11555
11556
11557
11558
11559
11560
11561
11562
11563
11564
11565
11566
11567
11568
11569
11570
11571
11572
11573
11574
11575
11576
11577
11578
11579
11580
11581
11582
11583
11585
11586
11587
11588
11589
11590
11591
11592
11593
11594
11595
11596
11597
11598
11599
11600
11601
11602
11603
11604
11605
11606
11607
11608
11614
11616
11617
11618
11619
11624
11625
11627
11635
11646
11649
11650
11661
11662
11663
11664
11665
11666
11667
11668
11669
11670
11673
11674
11685
11686
11691
11692
11694
11695
11710
11711
11712
11713
11714
11715
11716
11717
11718
11719
11720
11721
11722
11725
11726
11729
11731
11732
11733
11735
11736
11737
11738
11741
11742
11744
11745
11747
11766
11767
11768
11769
11770
11771
11772
11773
11774
11775
11777
11778
11786
11791
11798
11800
11802
11803
11804
11805
11810
11812
11813
11814
11815
11816
11817
11818
11819
11824
11825
11826
11827
11831
11833
11834
11835
11836
11837
11839
11841
11843
11844
11845
11846
11847
11848
11849
11850
11852
11856
11862
11863
11864
11869
11871
11872
11876
11878
11879
11880
11883
11884
11885
11888
11891
11896
11902
11903
11904
11905
11906
11907
11909
11910
11911
11912
11913
11914
11915
11924
11929
11938
11940
12041
12045
12051
12180
12181
12182
12183
12184
12185
12186
12187
12188
12189
12191
12192
12193
12194
12195
12196
12197
12212
12213
12214
12215
12216
12217
12218
12219
12220
12221
12222
12223
12224
12225
12226
12227
12228
12229
12230
12231
12232
12233
12234
12235
12236
12237
12238
12239
12240
12241
12242
12243
12244
12245
12246
12247
12248
12249
12250
12251
12252
12253
12256
12257
12263
12264
12265
12266
12267
12268
12269
12270
12271
12272
12273
12274
12275
12276
12277
12278
12279
12280
12281
12282
12283
12284
12285
12286
12287
12289
12292
12293
12298
12299
12301
12303
12305
12307
12312
12313
12314
12315
12321
12323
12325
12330
12331
12333
12336
12342
12344
12345
12346
12348
12350
12357
12359
12363
12366
12367
12370
12372
12373
12374
12375
12376
12377
12378
12381
12384
12386
12387
12390
12394
12397
12398
12399
12401
12406
12407
12409
12410
12415
12417
12421
12422
12424
12425
12427
12429
12431
12435
12437
12443
12447
12449
12450
12454
12457
12458
12459
12461
12463
12468
12469
12470
12471
12474
12476
12480
12481
12484
12486
12488
12489
12491
12492
12493
12494
12495
12496
12499
12501
12503
12504
12505
12509
12511
12512
12513
12514
12516
12518
12519
12520
12521
12524
12525
12526
12527
12531
12532
12535
12538
12542
12543
12547
12548
12552
12554
12555
12557
12559
12560
12561
12565
12570
12572
12574
12575
12576
12577
12579
12583
12584
12586
12590
12593
12595
12596
12597
12599
12605
12609
12610
12613
12614
12615
12617
12619
12620
12622
12623
12627
12628
12629
12633
12635
12638
12639
12640
12643
12647
12648
12650
12651
12652
12655
12661
12665
12667
12668
12673
12674
12675
12677
12678
12682
12683
12684
12685
12686
12687
12688
12692
12695
12698
12699
12703
12704
12705
12713
12716
12718
12721
12723
12727
12729
12731
12732
12733
12736
12740
12743
12745
12746
12748
12749
12754
12755
12756
12757
12759
12761
12763
12764
12766
12768
12773
12774
12777
12779
12782
12784
12785
12786
12787
12789
12792
12794
12795
12798
12799
12800
12802
12810
12821
12824
12827
12828
12829
12830
12831
12833
12834
12835
12836
12837
12838
12841
12842
12844
12845
12848
12849
12851
12852
12853
12854
12857
12861
12863
12865
12867
12868
12870
12871
12874
12876
12885
12886
12887
12894
12895
12896
12900
12901
12903
12904
12906
12907
12908
12909
12912
12914
12915
12919
12921
12924
12925
12926
12928
12929
12930
12933
12937
12938
12939
12941
12942
12949
12951
12953
12954
12955
12956
12959
12960
12965
12966
12967
12968
12973
12976
12979
12981
12983
12989
12992
12994
12996
13001
13004
13005
13007
13009
13011
13013
13016
13018
13019
13024
13026
13028
13029
13030
13033
13035
13037
13038
13040
13043
13046
13047
13050
13052
13053
13057
13059
13065
13066
13067
13068
13069
13074
13078
13080
13081
13084
13088
13089
13090
13091
13093
13094
13095
13096
13097
13099
13101
13102
13103
13107
13108
13113
13114
13115
13117
13119
13121
13122
13123
13124
13125
13126
13129
13131
13133
13134
13135
13137
13138
13139
13141
13142
13147
13150
13151
13152
13156
13160
13162
13163
13167
13170
13171
13176
13177
13180
13183
13186
13192
13193
13194
13195
13196
13198
13201
13202
13203
13208
13209
13210
13218
13220
13223
13228
13236
13237
13244
13245
13246
13249
13250
13252
13253
13256
13258
13261
13262
13263
13265
13269
13271
13272
13273
13274
13275
13278
13281
13282
13289
13292
13300
13301
13302
13305
13314
13316
13319
13321
13322
13326
13327
13328
13329
13335
13337
13343
13346
13347
13350
13351
13352
13356
13357
13360
13362
13363
13364
13365
13366
13369
13371
13375
13378
13380
13381
13382
13383
13384
13387
13390
13392
13394
13396
13397
13398
13399
13400
13401
13403
13404
13411
13412
13415
13416
13421
13424
13428
13432
13433
13434
13438
13440
13446
13447
13448
13450
13451
13452
13453
13454
13457
13459
13466
13467
13468
13469
13470
13474
13477
13480
13482
13484
13485
13487
13492
13493
13501
13503
13504
13508
13510
13515
13517
13521
13523
13525
13530
13535
13539
13547
13550
13552
13556
13558
13559
13561
13565
13569
13570
13572
13574
13577
13580
13582
13583
13587
13590
13593
13594
13595
13597
13598
13599
13600
13605
13608
13609
13610
13611
13613
13617
13621
13626
13628
13629
13634
13636
13640
13641
13644
13646
13649
13651
13652
13653
13655
13656
13657
13659
13663
13665
13667
13672
13673
13674
13675
13677
13679
13680
13682
13683
13684
13686
13689
13690
13691
13692
13693
13694
13697
13702
13705
13707
13708
13709
13712
13713
13717
13719
13722
13726
13731
13736
13737
13743
13746
13750
13751
13752
13758
13761
13765
13766
13768
13772
13773
13774
13775
13776
13777
13779
13785
13787
13790
13791
13792
13793
13795
13796
13798
13799
13803
13805
13806
13807
13808
13809
13810
13811
13813
13820
13821
13822
13823
13824
13825
13826
13827
13829
13837
13839
13840
13841
13842
13843
13844
13845
13846
13847
13849
13854
13857
13858
13859
13864
13866
13867
13868
13869
13870
13871
13872
13873
13874
13875
13876
13877
13878
13879
13880
13881
13882
13883
13884
13885
13886
13887
13888
13889
13890
13891
13892
13893
13894
13895
13896
13897
13898
13899
13900
13901
13902
13903
13904
13905
13906
13907
13908
13909
13910
13911
13912
13913
13914
13915
13916
13917
13918
13919
13920
13921
13922
13923
13924
13925
13926
13927
13929
13930
13931
13932
13942
13949
13954
13955
13956
13964
13970
13973
13975
13999
14000
14001
14002
14003
14004
14005
14006
14007
14008
14009
14010
14011
14012
14013
14014
14015
14016
14017
14018
14019
14020
14021
14023
14024
14025
14026
14027
14028
14029
14030
14031
14032
14033
14034
14035
14036
14037
14038
14039
14040
14041
14042
14043
14044
14045
14046
14047
14048
14049
14050
14051
14052
14053
14054
14055
14056
14057
14058
14059
14060
14061
14062
14063
14064
14065
14066
14067
14068
14069
14070
14071
14072
14073
14074
14075
14076
14077
14078
14079
14080
14081
14082
14083
14084
14085
14086
14087
14088
14089
14090
14091
14092
14093
14094
14095
14096
14097
14098
14099
14100
14101
14102
14103
14104
14105
14106
14107
14108
14109
14110
14112
14118
14132
14133
14134
14135
14136
14137
14138
14139
14144
14145
14146
14147
14148
14149
14150
14151
14152
14153
14154
14156
14157
14158
14159
14171
14172
14173
14174
14175
14176
14177
14178
14179
14180
14181
14188
14189
14190
14206
14207
14213
14224
14225
14226
14235
14247
14248
14249
14250
14251
14252
14253
14254
14255
14256
14257
14258
14259
14260
14261
14262
14263
14264
14280
14282
14283
14284
14286
14288
14289
14292
14293
14295
14296
14297
14298
14306
14307
14308
14309
14310
14311
14312
14313
14314
14315
14316
14326
14329
14332
14336
14337
14347
14349
14367
14370
14373
14374
14377
14378
14379
14380
14381
14382
14383
14384
14385
14386
14389
14390
14391
14392
14393
14394
14397
14398
14407
14409
14411
14417
14431
14432
14433
14436
14438
14439
14440
14441
14442
14443
14444
14445
14447
14451
14461
14470
14474
14488
14489
14490
14497
14511
14512
14513
14519
14520
14527
14536
14539
14559
14562
14563
14564
14565
14566
14567
14568
14570
14571
14572
14573
14574
14575
14576
14584
14586
14587
14593
14596
14601
14610
14615
14616
14618
14624
14626
14627
14628
14630
14632
14634
14640
14641
14642
14643
14644
14645
14646
14647
14648
14659
14660
14661
14662
14670
14671
14672
14673
14674
14702
14703
14704
14719
14721
14733
14735
14737
14738
14739
14740
14741
14742
14743
14744
14745
14746
14755
14756
14757
14758
14761
14764
14765
14766
14767
14768
14770
14771
14772
14773
14774
14775
14780
14781
14782
14783
14784
14785
14786
14787
14788
14790
14792
14793
14794
14795
14796
14797
14798
14799
14807
14809
14811
14814
14815
14816
14821
14822
14825
14837
14840
14842
14843
14844
14845
14846
14854
14856
14867
14868
14869
14872
14873
14874
14876
14877
14878
14879
14880
14881
14882
14887
14896
14897
14898
14899
14900
14901
14902
14903
14909
14924
14935
14936
14940
14941
14942
14943
14949
14954
14957
14959
14960
14963
14964
14965
14966
14967
14968
14969
14970
14971
14972
14973
14974
14975
14977
14978
14979
14980
14981
14982
14983
14984
14985
14986
14987
14988
14989
14990
14991
14992
14995
15003
15007
15008
15029
15033
15034
15038
15070
15081
15082
15083
15084
15085
15086
15087
15088
15089
15090
15091
15092
15093
15094
15095
15096
15097
15098
15099
15100
15101
15104
15107
15109
15110
15113
15114
15115
15117
15119
15121
15123
15126
15128
15133
15135
15142
15143
15149
15150
15151
15152
15153
15154
15155
15156
15157
15158
15159
15160
15161
15162
15163
15164
15165
15166
15167
15168
15169
15170
15171
15172
15173
15174
15175
15176
15177
15178
15179
15180
15181
15182
15183
15184
15185
15186
15187
15188
15189
15190
15191
15192
15193
15194
15195
15196
15197
15198
15199
15200
15201
15202
15203
15204
15205
15206
15207
15208
15209
15210
15211
15212
15213
15214
15215
15216
15217
15218
15219
15220
15221
15222
15223
15244
15287
15289
15293
15296
15297
15298
15299
15300
15301
15302
15303
15306
15307
15308
15309
15310
15311
15315
15316
15317
15318
15322
15325
15328
15336
15338
15342
15354
15360
15361
15369
15376
15379
15381
15383
15384
15385
15386
15387
15388
15389
15390
15391
15392
15393
15394
15395
15396
15397
15398
15399
15400
15401
15402
15403
15404
15405
15406
15407
15408
15409
15410
15411
15412
15413
15414
15415
15416
15417
15418
15419
15420
15427
15432
15438
15453
15455
15456
15458
15459
15460
15461
15462
15463
15465
15467
15468
15472
15473
15474
15475
15476
15477
15478
15479
15480
15481
15482
15483
15484
15485
15486
15487
15488
15489
15490
15491
15492
15493
15494
15495
15496
15497
15498
15499
15500
15501
15502
15503
15504
15505
15506
15507
15508
15509
15510
15511
15512
15513
15514
15515
15516
15517
15518
15519
15520
15521
15522
15523
15524
15525
15526
15527
15528
15529
15530
15531
15532
15533
15534
15535
15536
15537
15538
15539
15540
15541
15542
15543
15544
15545
15546
15547
15548
15549
15550
15552
15553
15554
15555
15556
15557
15558
15559
15560
15561
15562
15563
15564
15565
15566
15567
15568
15569
15570
15571
15572
15573
15574
15575
15576
15577
15578
15579
15580
15581
15582
15583
15584
15585
15586
15590
15593
15594
15595
15596
15597
15600
15601
15605
15606
15609
15610
15611
15619
15620
15621
15622
15623
15624
15625
15626
15627
15628
15629
15630
15631
15632
15633
15641
15648
15653
15658
15666
15668
15682
15692
15693
15694
15695
15696
15697
15698
15699
15700
15701
15702
15703
15704
15705
15707
15708
15709
15710
15711
15712
15713
15714
15715
15716
15717
15718
15719
15720
15721
15722
15723
15724
15725
15726
15727
15728
15729
15730
15731
15732
15733
15734
15735
15736
15737
15738
15739
15740
15741
15742
15743
15744
15745
15746
15747
15748
15749
15750
15751
15752
15754
15755
15756
15757
15758
15759
15760
15761
15762
15763
15764
15765
15766
15767
15768
15769
15770
15771
15772
15773
15774
15775
15777
15778
15779
15780
15781
15785
15789
15790
15792
15793
15794
15795
15796
15797
15798
15799
15800
15801
15802
15803
15804
15805
15806
15807
15808
15809
15810
15811
15812
15813
15814
15815
15816
15825
15832
15835
15836
15837
15838
15839
15840
15841
15842
15846
15847
15848
15849
15851
15852
15853
15854
15855
15856
15857
15858
15859
15906
15911
15923
15924
15925
15933
15936
15941
15942
15943
15944
15945
15946
15947
15959
15964
15965
15967
15969
15974
15976
15980
15981
15985
15986
15990
15992
16002
16005
16007
16009
16012
16013
16015
16024
16035
16038
16050
16051
16052
16053
16054
16055
16056
16057
16058
16059
16060
16094
16097
16098
16099
16100
16101
16102
16103
16104
16105
16106
16107
16108
16109
16110
16111
16112
16113
16114
16115
16130
16131
16132
16143
16145
16146
16147
16148
16149
16150
16151
16152
16161
16163
16164
16165
16166
16167
16168
16169
16170
16171
16172
16173
16174
16175
16176
16177
16178
16179
16180
16181
16182
16183
16184
16185
16186
16189
16196
16198
16199
16200
16204
16205
16208
16209
16210
16211
16212
16213
16214
16215
16216
16217
16218
16219
16221
16222
16224
16225
16226
16227
16228
16229
16230
16231
16232
16233
16235
16236
16238
16239
16240
16241
16242
16243
16244
16245
16259
16260
16261
16262
16263
16264
16266
16267
16268
16270
16271
16272
16273
16274
16275
16276
16277
16278
16279
16280
16281
16282
16283
16284
16285
16286
16287
16288
16289
16290
16291
16292
16293
16294
16295
16296
16297
16298
16299
16300
16301
16303
16310
16332
16338
16378
16397
16399
16414
16420
16425
16437
16487
16488
16495
16553
16569
16576
16586
16603
16608
16615
16624
16633
16641
16645
16651
16674
16677
16706
16707
16708
16709
16710
16711
16712
16713
16714
16715
16716
16717
16718
16721
16723
16724
16725
16726
16727
16728
16729
16730
16731
16732
16733
16734
16739
16740
16741
16745
16750
16753
16754
16759
16760
16761
16762
16763
16765
16766
16767
16768
16769
16770
16771
16772
16774
16775
16776
16777
16778
16779
16780
16781
16782
16783
16784
16785
16786
16787
16788
16789
16790
16791
16792
16793
16794
16795
16796
16797
16798
16799
16800
16801
16802
16803
16804
16805
16806
16807
16808
16809
16810
16811
16812
16813
16814
16815
16816
16817
16818
16819
16820
16821
16822
16823
16824
16825
16826
16827
16828
16829
16830
16831
16832
16833
16834
16835
16836
16840
16844
16845
16850
16851
16852
16853
16854
16855
16856
16858
16861
16867
16870
16875
16877
16879
16882
16885
16893
16895
16904
16922
16923
16925
16927
16935
16936
16944
16946
16950
16952
16962
16969
16970
16971
16999
17002
17016
17019
17020
17024
17027
17029
17034
17037
17039
17047
17051
17052
17053
17059
17062
17065
17070
17084
17085
17088
17090
17091
17094
17100
17104
17105
17106
17112
17114
17115
17120
17122
17130
17140
17144
17148
17149
17154
17155
17158
17162
17182
17184
17185
17188
17189
17195
17197
17198
17200
17202
17206
17209
17213
17218
17226
17227
17229
17230
17234
17237
17239
17244
17252
17255
17264
17265
17270
17273
17277
17279
17294
17306
17308
17326
17332
17339
17340
17347
17353
17358
17359
17360
17367
17376
17377
17387
17392
17394
17397
17400
17401
17402
17406
17408
17416
17428
17430
17435
17438
17446
17459
17462
17466
17467
17468
17473
17474
17476
17477
17480
17487
17489
17494
17499
17505
17507
17512
17516
17519
17544
17545
17546
17549
17557
17564
17565
17568
17569
17571
17581
17583
17584
17586
17592
17593
17594
17598
17603
17604
17616
17618
17620
17622
17626
17627
17630
17633
17638
17641
17649
17654
17656
17664
17666
17670
17677
17687
17689
17698
17701
17708
17716
17725
17732
17735
17738
17739
17742
17743
17745
17746
17748
17759
17760
17765
17766
17773
17786
17791
17793
17796
17810
17811
17813
17815
17822
17826
17828
17835
17841
17842
17845
17846
17848
17857
17865
17871
17875
17876
17878
17879
17880
17881
17882
17885
17887
17891
17892
17893
17894
17898
17899
17902
17909
17910
17916
17917
17923
17929
17931
17934
17936
17939
17945
17948
17953
17959
17970
17971
17974
17977
17980
17981
17982
17994
18000
18005
18010
18012
18015
18020
18024
18026
18030
18032
18045
18046
18047
18048
18054
18068
18069
18071
18073
18075
18078
18084
18087
18089
18095
18096
18097
18100
18113
18121
18122
18127
18129
18139
18144
18155
18157
18159
18161
18162
18179
18180
18186
18190
18193
18207
18208
18213
18214
18219
18220
18228
18233
18237
18239
18243
18246
18256
18259
18262
18271
18272
18282
18283
18290
18297
18299
18305
18308
18311
18312
18321
18322
18325
18330
18332
18334
18339
18349
18357
18358
18364
18366
18367
18370
18378
18388
18399
18407
18408
18411
18414
18417
18418
18419
18425
18434
18437
18438
18439
18444
18446
18450
18451
18456
18469
18474
18475
18478
18482
18485
18486
18487
18498
18500
18505
18506
18508
18509
18512
18521
18525
18527
18534
18539
18541
18542
18546
18551
18557
18572
18575
18581
18588
18590
18593
18598
18604
18617
18628
18693
18699
18716
18736
18750
18786
18813
18819
18916
18917
18918
18919
18920
18921
18922
18923
18924
18925
18926
18927
18928
18929
18930
18931
18932
18933
18934
18935
18936
18937
18938
18939
18940
18941
18942
18943
18944
18945
18946
18947
18948
18949
18950
18951
18952
18953
18954
18955
18956
18957
18958
18959
18960
18961
18962
18963
18964
18965
18976
18977
18978
18979
18981
18983
18984
18986
18987
18988
18990
18991
18995
18996
18997
18999
19000
19001
19003
19004
19005
19016
19017
19018
19019
19020
19021
19022
19023
19024
19025
19026
19027
19028
19030
19031
19032
19033
19034
19035
19037
19038
19039
19040
19041
19043
19046
19047
19048
19053
19054
19055
19056
19057
19058
19064
19065
19068
19069
19071
19079
19080
19081
19082
19083
19084
19085
19086
19087
19088
19089
19091
19092
19093
19094
19095
19096
19097
19098
19099
19100
19101
19102
19103
19104
19105
19106
19108
19109
19118
19127
19128
19129
19130
19131
19134
19136
19137
19138
19153
19154
19155
19156
19157
19159
19160
19161
19162
19163
19164
19165
19166
19167
19168
19169
19170
19171
19172
19173
19174
19175
19176
19177
19178
19179
19180
19181
19182
19184
19185
19186
19187
19188
19189
19190
19191
19192
19193
19194
19195
19196
19197
19198
19199
19202
19203
19204
19205
19208
19209
19210
19211
19222
19223
19228
19230
19232
19236
19244
19247
19256
19266
19273
19278
19279
19280
19281
19282
19283
19285
19288
19289
19290
19291
19293
19296
19297
19298
19299
19304
19305
19306
19307
19308
19310
19311
19312
19316
19328
19332
19333
19334
19336
19337
19338
19339
19341
19342
19343
19344
19354
19360
19368
19369
19370
19371
19372
19373
19374
19375
19376
19377
19378
19379
19380
19382
19383
19385
19386
19387
19388
19389
19402
19403
19404
19405
19406
19407
19408
19409
19410
19411
19412
19413
19414
19415
19416
19417
19418
19419
19420
19421
19422
19423
19424
19425
19426
19427
19428
19429
19430
19431
19468
19469
19470
19471
19472
19473
19474
19475
19480
19488
19489
19490
19492
19493
19494
19495
19497
19499
19500
19501
19503
19505
19506
19507
19508
19509
19510
19512
19513
19514
19515
19516
19517
19518
19520
19530
19531
19532
19533
19534
19535
19536
19537
19538
19539
19540
19541
19542
19543
19544
19545
19546
19547
19549
19552
19566
19579
19580
19581
19582
19583
19584
19585
19596
19597
19598
19599
19601
19603
19604
19605
19606
19607
19608
19609
19610
19611
19612
19613
19614
19615
19616
19617
19618
19619
19620
19621
19622
19623
19624
19625
19626
19627
19628
19629
19630
19631
19632
19633
19634
19635
19636
19637
19638
19639
19640
19641
19642
19643
19644
19645
19646
19647
19648
19649
19650
19651
19652
19653
19654
19655
19656
19657
19658
19659
19660
19661
19662
19663
19664
19665
19666
19667
19668
19669
19670
19671
19672
19673
19674
19675
19676
19677
19678
19679
19680
19681
19682
19683
19684
19685
19686
19687
19688
19689
19690
19691
19692
19693
19694
19695
19696
19697
19698
19699
19700
19702
19703
19705
19706
19708
19709
19710
19711
19712
19713
19715
19716
19717
19718
19719
19720
19722
19723
19724
19725
19726
19727
19728
19729
19730
19734
19735
19736
19737
19738
19739
19741
19743
19744
19745
19746
19747
19748
19749
19752
19756
19757
19758
19759
19760
19762
19763
19764
19765
19767
19769
19772
19774
19777
19780
19781
19806
19813
19830
19898
19900
19903
19905
19906
19913
19914
19915
19916
19917
19918
19919
19920
19921
19922
19923
19924
19925
19926
19927
19928
19929
19930
19931
19932
19933
19934
19935
19936
19937
19938
19939
19940
19941
19942
19943
19944
19945
19946
19947
19948
19949
19964
19967
19968
19969
19975
19977
19979
19989
19999
20000
20001
20002
20003
20004
20005
20006
20007
20008
20009
20010
20011
20012
20013
20014
20015
20016
20017
20018
20019
20020
20021
20022
20023
20024
20025
20026
20027
20028
20029
20030
20031
20032
20033
20034
20035
20036
20037
20038
20039
20040
20041
20042
20043
20044
20045
20046
20047
20048
20049
20050
20051
20052
20053
20054
20055
20056
20057
20058
20059
20060
20061
20062
20063
20064
20065
20066
20067
20070
20071
20072
20073
20074
20075
20076
20077
20078
20079
20080
20081
20082
20083
20084
20085
20086
20087
20088
20097
20098
20099
20100
20101
20102
20103
20104
20105
20106
20107
20108
20109
20110
20111
20112
20113
20114
20115
20116
20117
20118
20120
20123
20124
20125
20127
20135
20140
20143
20144
20145
20146
20147
20148
20149
20150
20151
20152
20153
20154
20155
20156
20157
20158
20159
20160
20161
20162
20163
20164
20165
20166
20167
20168
20169
20170
20171
20172
20173
20174
20175
20176
20177
20178
20179
20180
20181
20182
20183
20184
20185
20186
20187
20190
20191
20192
20193
20195
20198
20204
20205
20209