269
401
562
563
571
572
579
582
588
865
933
934
941
945
950
969
970
973
975
976
979
980
982
983
984
986
987
988
991
992
994
996
1002
1003
1004
1005
1007
1010
1011
1012
1014
1015
1018
1021
1024
1025
1029
1032
1033
1034
1036
1038
1080
1084
1085
1086
1090
1153
1279
1313
1314
1315
1316
1318
1319
1321
1323
1324
1330
1369
1376
1403
1411
1414
1417
1422
1424
1428
1429
1432
1438
1458
1466
1481
1482
1483
1505
1507
1510
1511
1516
1520
1527
1528
1530
1535
1538
1545
1546
1547
1588
1589
1595
1621
1853
1854
2037
2039
2040
2068
2070
2071
2081
2082
2083
2087
2091
2093
2096
2106
2107
2111
2116
2233
2258
2317
2352
2354
2355
2357
2360
2362
2363
2430
2431
2432
2434
2435
2436
2437
2438
2439
2441
2443
2445
2448
2449
2450
2451
2452
2453
2454
2458
2464
2471
2472
2506
2510
2522
2523
2524
2526
3019
3020
3023
3025
3036
3037
3039
3040
3041
3042
3050
3052
3055
3118
3144
3151
3152
4181
4232
4234
4235
4285
4289
4321
4325
4327
4330
4346
4351
4353
4354
4362
4364
4416
4417
4418
4419
4420
4421
4422
4423
4424
4425
4426
4428
4470
4471
4474
4476
4493
4530
4532
4541
4545
4546
4547
4549
4554
4557
4566
4570
4585
4587
4589
4592
4607
4608
4611
4623
4630
4640
4641
4643
4693
4707
4710
4712
4714
4724
4741
4743
4744
4745
4751
4753
4759
4771
4781
4791
4804
4819
4820
4821
4822
4826
4827
4828
4837
4847
4850
4851
4865
4883
4885
4890
4899
4914
4921
4926
4934
4935
4937
4938
4940
4941
4942
4944
4945
4946
4965
4968
4971
4976
4980
4982
4983
4984
4985
4987
4988
4989
4991
4992
4993
4995
4999
5000
5004
5005
5007
5010
5011
5020
5022
5117
5121
5123
5126
5127
5129
5133
5135
5136
5139
5141
5208
5216
5217
5219
5221
5223
5224
5225
5227
5228
5230
5231
5233
5234
5235
5236
5238
5239
5240
5244
5245
5247
5250
5251
5252
5253
5255
5257
5259
5260
5263
5267
5268
5271
5273
5276
5311
5313
5316
5320
5350
5351
5352
5353
5354
5355
5356
5357
5358
5359
5360
5361
5362
5363
5364
5365
5366
5367
5368
5414
5415
5418
5437
5439
5440
5441
5442
5443
5444
5445
5455
5456
5459
5460
5565
5569
5571
5572
5575
5576
5585
5586
5588
5589
5591
5593
5683
5691
5692
5695
5699
5700
5701
5702
5703
5704
5805
5811
5849
5853
5870
5883
5983
6154
6158
6166
6188
6191
6192
6193
6195
6197
6198
6200
6206
6221
6222
6233
6241
6248
6252
6363
6364
6365
6367
6369
6370
6372
6373
6376
6377
6378
6382
6384
6385
6386
6387
6388
6389
6390
6391
6393
6394
6396
6397
6398
6399
6400
6401
6420
6422
6428
6436
6440
6443
6445
6472
6475
6494
6505
6517
6568
6572
6575
6577
6587
6593
6680
6712
6713
6723
6725
7262
7274
7275
7276
7278
7280
7287
7288
7289
7290
7291
7292
7293
7294
7295
7297
7298
7299
7300
7302
7303
7304
7342
7343
7417
7421
7426
7430
7431
7432
7454
7457
7461
7462
7464
7467
7468
7469
7470
7471
7472
7473
7475
7479
7481
7482
7483
7484
7485
7486
7487
7488
7500
7501
7528
7599
7603
7631
7642
7660
7662
7681
7682
7683
7684
7685
7686
7687
7688
7689
7690
7691
7692
7693
7694
7695
7696
7697
7698
7699
7700
7701
7704
7709
7710
7711
7736
7738
7742
7743
7744
7745
7763
7766
7771
7772
7785
7787
7793
7801
7803
7807
7808
7810
7817
7828
7833
7852
7858
7860
7869
7873
7878
7881
7890
7891
7893
7898
7901
7906
7913
7915
7917
7918
7961
7962
7980
7981
7985
7987
7988
7991
8037
8038
8040
8041
8042
8043
8044
8045
8049
8051
8061
8068
8072
8084
8087
8107
8121
8123
8128
8144
8174
8179
8181
8182
8184
8191
8195
8198
8199
8201
8208
8209
8210
8213
8214
8218
8221
8222
8227
8229
8230
8231
8232
8234
8236
8237
8241
8244
8248
8250
8252
8258
8259
8261
8264
8267
8270
8272
8276
8277
8278
8279
8281
8285
8432
8462
8498
8503
8504
8506
8507
8511
8516
8522
8529
8530
8532
8537
8538
8539
8543
8548
8550
8551
8552
8553
8554
8555
8556
8557
8558
8559
8560
8561
8562
8563
8564
8565
8566
8567
8568
8569
8570
8571
8572
8573
8574
8575
8576
8579
8590
8592
8594
8598
8608
8609
8610
8612
8614
8616
8621
8622
8624
8632
8636
8656
8657
8658
8659
8660
8661
8662
8663
8666
8667
8668
8669
8670
8671
8673
8675
8676
8677
8678
8680
8681
8682
8683
8684
8685
8686
8687
8690
8700
8705
8731
8747
8749
8750
8751
8752
8753
8754
8755
8756
8765
8767
8769
8788
8820
8822
8824
8826
8859
8872
8874
8877
8880
8925
8951
8961
8962
8965
8966
8967
8968
8969
8970
8971
8972
8974
8975
8976
8977
8978
8979
8981
8982
8983
8986
8989
8996
9006
9023
9048
9060
9062
9064
9077
9082
9086
9090
9092
9108
9145
9173
9178
9180
9188
9194
9196
9197
9219
9244
9245
9249
9251
9263
9264
9265
9268
9271
9272
9273
9274
9280
9285
9296
9312
9440
9441
9445
9447
9448
9449
9450
9451
9471
9491
9492
9493
9496
9498
9499
9503
9681
9684
9685
9687
9688
9689
9690
9691
9692
9693
9694
9696
9697
9699
9700
9701
9702
9703
9704
9706
9709
9710
9712
9713
9715
9716
9717
9718
9720
9721
9722
9723
9724
9726
9727
9739
9741
9743
9746
9748
9749
9750
9751
9752
9756
9813
9839
9842
9846
9848
9850
9851
9854
9855
9858
9861
9879
9881
9882
9884
9885
9888
9890
9896
9900
9902
9905
9906
9907
9981
9984
9985
9986
9987
10007
10008
10009
10013
10016
10034
10036
10037
10040
10045
10058
10094
10095
10096
10098
10099
10100
10101
10102
10103
10104
10138
10780
10781
10782
10784
10797
10798
10800
10801
10804
10805
10807
10811
10816
10817
10818
10819
10822
10825
10827
10830
10833
10836
10838
10842
10918
10919
10920
10921
10922
10923
10924
10925
10926
10927
10929
10934
10963
10964
10987
10988
10990
10994
10996
11027
11030
11036
11037
11038
11041
11043
11052
11055
11057
11061
11063
11125
11511
11518
11530
11578
11581
11583
11612
11614
11620
11628
11630
11634
11636
11637
11639
11641
11642
11643
11644
11645
11646
11647
11648
11650
11652
11653
11654
11655
11656
11658
11660
11676
11687
11693
11695
11697
11699
11700
11701
11702
11704
11706
11708
11709
11733
11734
11735
11736
11740
11741
11754
11755
11756
11757
11758
11759
11760
11765
11780
11782
11783
11784
11785
11787
11789
11790
11791
11792
11793
11794
11819
11820
11821
11822
11823
11824
11826
11827
11831
11833
11834
11836
11838
11839
11840
11841
11842
11844
11845
11851
11854
11858
11859
11860
11869
11871
11872
11873
11876
11877
11878
11879
11881
11882
11883
11884
11886
11888
11894
11896
11916
11918
11921
11925
11926
11930
11942
11957
12012
12013
12017
12023
12027
12040
12042
12045
12047
12048
12169
12176
12180
12255
12256
12261
12262
12297
12300
12302
12304
12322
12323
12328
12331
12335
12340
12342
12347
12349
12353
12355
12358
12366
12367
12372
12377
12386
12388
12391
12394
12395
12399
12404
12405
12415
12417
12421
12424
12425
12426
12429
12432
12436
12442
12444
12447
12462
12473
12478
12479
12483
12507
12508
12517
12520
12525
12526
12531
12533
12536
12537
12538
12540
12541
12543
12550
12555
12560
12566
12567
12570
12571
12572
12578
12579
12581
12600
12603
12604
12609
12610
12611
12618
12619
12627
12631
12636
12638
12640
12642
12644
12646
12647
12648
12649
12652
12653
12656
12657
12663
12666
12667
12669
12672
12678
12679
12680
12681
12682
12687
12688
12691
12692
12699
12714
12715
12722
12726
12727
12728
12736
12738
12741
12747
12752
12754
12755
12758
12775
12783
12784
12799
12804
12808
12816
12821
12831
12832
12844
12845
12856
12858
12859
12861
12866
12870
12872
12879
12880
12882
12884
12888
12894
12896
12897
12899
12900
12917
12918
12921
12927
12928
12930
12932
12933
12936
12937
12940
12948
12953
12955
12962
12963
12964
12973
12984
12993
13015
13016
13021
13023
13030
13035
13049
13051
13058
13060
13062
13064
13076
13077
13096
13109
13111
13128
13139
13143
13150
13151
13155
13164
13172
13174
13179
13182
13189
13197
13200
13205
13208
13209
13212
13213
13220
13225
13226
13232
13239
13251
13264
13266
13267
13271
13279
13280
13283
13303
13304
13306
13315
13317
13324
13326
13332
13334
13336
13340
13342
13345
13361
13364
13369
13370
13383
13393
13400
13402
13408
13412
13419
13435
13455
13458
13464
13465
13471
13472
13475
13491
13506
13507
13516
13518
13529
13537
13545
13546
13562
13563
13575
13578
13579
13585
13589
13592
13599
13602
13607
13616
13620
13631
13633
13638
13648
13670
13676
13680
13684
13699
13704
13712
13716
13727
13730
13734
13738
13747
13762
13769
13801
13833
13836
13838
13847
13848
13852
13854
13856
13859
13862
13863
13864
13865
13938
13943
13944
13945
13946
13948
13949
13950
13952
13953
13957
13959
13960
13963
13966
13971
13972
13973
14111
14112
14117
14122
14124
14132
14142
14160
14161
14164
14165
14167
14170
14185
14192
14195
14198
14199
14200
14201
14203
14227
14229
14230
14232
14234
14235
14236
14237
14238
14268
14270
14271
14278
14285
14287
14298
14304
14318
14320
14321
14331
14334
14335
14336
14338
14339
14340
14363
14364
14366
14400
14403
14406
14416
14417
14420
14421
14423
14424
14425
14426
14428
14444
14446
14447
14450
14451
14452
14453
14454
14455
14457
14458
14459
14463
14464
14466
14467
14468
14470
14486
14488
14493
14496
14497
14498
14500
14501
14502
14503
14504
14507
14510
14512
14513
14514
14515
14518
14520
14521
14522
14523
14535
14536
14539
14544
14548
14550
14551
14552
14554
14555
14558
14578
14580
14582
14583
14588
14590
14601
14607
14609
14613
14615
14617
14621
14627
14636
14637
14638
14639
14646
14691
14694
14697
14698
14699
14700
14705
14708
14709
14714
14719
14720
14721
14725
14727
14731
14733
14734
14736
14777
14818
14819
14822
14828
14831
14833
14834
14836
14837
14838
14849
14850
14852
14856
14857
14860
14863
14872
14886
14888
14889
14890
14891
14893
14894
14907
14908
14910
14914
14917
14919
14921
14926
14931
14932
14934
14942
14944
14946
14949
14954
14955
14956
14960
14961
14962
14996
14997
14999
15000
15001
15004
15006
15007
15008
15009
15010
15011
15012
15015
15016
15018
15019
15020
15021
15022
15023
15025
15026
15027
15029
15030
15031
15032
15033
15034
15035
15037
15039
15040
15041
15042
15043
15044
15045
15046
15047
15048
15049
15050
15051
15052
15053
15054
15055
15056
15057
15058
15059
15060
15061
15062
15063
15065
15068
15069
15070
15071
15072
15073
15074
15075
15077
15078
15079
15080
15105
15109
15114
15115
15117
15122
15128
15132
15134
15135
15136
15138
15140
15141
15143
15224
15225
15226
15227
15229
15234
15236
15237
15238
15239
15240
15243
15244
15246
15247
15250
15251
15252
15254
15256
15259
15262
15264
15266
15267
15268
15269
15270
15271
15272
15273
15274
15276
15277
15278
15279
15280
15281
15282
15283
15284
15285
15287
15289
15293
15294
15295
15312
15313
15331
15333
15335
15336
15339
15344
15345
15346
15347
15348
15349
15350
15352
15354
15355
15357
15359
15360
15361
15362
15364
15365
15368
15369
15370
15371
15372
15373
15374
15375
15378
15379
15381
15382
15422
15427
15444
15464
15588
15590
15601
15634
15635
15636
15637
15638
15639
15640
15642
15650
15651
15652
15653
15657
15665
15666
15667
15669
15670
15671
15672
15673
15674
15675
15677
15678
15679
15680
15681
15682
15684
15685
15686
15687
15689
15690
15691
15782
15783
15785
15786
15791
15832
15834
15862
15875
15878
15883
15908
15926
15937
15959
15965
15966
15968
15970
15974
15976
15978
15979
15980
15983
15984
15985
15986
15987
15989
15991
15993
15995
15996
15997
16000
16001
16002
16003
16004
16005
16006
16008
16010
16011
16013
16026
16028
16034
16035
16036
16040
16043
16044
16045
16047
16048
16066
16067
16068
16069
16070
16071
16072
16085
16086
16089
16091
16093
16095
16128
16133
16134
16135
16136
16137
16138
16139
16153
16160
16188
16190
16191
16194
16195
16304
16305
16356
16367
16399
16424
16425
16437
16467
16499
16536
16543
16544
16576
16581
16615
16622
16624
16627
16634
16641
16648
16649
16660
16673
16676
16677
16678
16681
16719
16735
16740
16751
16752
16753
16754
16755
16757
16773
16838
16841
16844
16846
16847
16849
16858
16870
16878
16879
16882
16883
16887
16893
16894
16897
16903
16904
16909
16911
16933
16941
16944
16946
16950
16967
16969
16970
16976
16996
16998
17014
17018
17032
17033
17034
17037
17080
17084
17085
17090
17093
17098
17100
17102
17105
17113
17120
17128
17130
17131
17185
17200
17211
17222
17223
17231
17272
17281
17285
17294
17297
17314
17321
17328
17334
17335
17336
17337
17342
17378
17384
17389
17392
17394
17395
17397
17406
17423
17425
17433
17437
17450
17474
17477
17501
17504
17535
17540
17543
17548
17549
17562
17575
17578
17582
17584
17590
17591
17594
17606
17613
17626
17649
17656
17659
17660
17686
17694
17696
17711
17735
17739
17742
17762
17763
17767
17794
17796
17802
17807
17812
17816
17817
17830
17853
17854
17867
17878
17880
17881
17887
17897
17899
17910
17911
17932
17939
17941
17945
17959
17973
17977
17981
17982
17985
18018
18022
18024
18026
18034
18041
18045
18051
18057
18072
18075
18082
18087
18090
18091
18097
18108
18112
18113
18124
18132
18144
18162
18178
18181
18185
18188
18208
18213
18237
18268
18276
18285
18287
18290
18291
18300
18301
18305
18312
18318
18320
18321
18332
18335
18336
18339
18364
18367
18369
18372
18381
18385
18411
18417
18422
18445
18450
18451
18452
18458
18470
18478
18491
18492
18506
18508
18511
18512
18518
18521
18525
18530
18531
18537
18540
18543
18576
18582
18586
18588
18591
18604
18611
18629
18630
18637
18683
18716
18785
18790
18858
18898
18899
18906
18908
18910
18914
18915
19007
19009
19036
19038
19041
19042
19043
19048
19052
19062
19065
19068
19069
19071
19072
19073
19074
19076
19109
19115
19122
19123
19132
19133
19137
19140
19142
19144
19145
19200
19211
19214
19215
19217
19218
19224
19226
19227
19228
19229
19231
19236
19237
19244
19249
19252
19261
19267
19274
19277
19300
19301
19314
19315
19317
19318
19322
19352
19354
19356
19360
19364
19369
19381
19432
19436
19440
19444
19476
19479
19480
19481
19485
19486
19487
19491
19493
19496
19500
19519
19520
19523
19524
19527
19528
19529
19550
19557
19560
19587
19588
19589
19590
19591
19592
19594
19595
19758
19759
19772
19774
19775
19777
19781
19784
19787
19789
19793
19804
19805
19808
19809
19810
19821
19830
19878
19897
19913
19953
19954
19976
19984
19986
19987
19988
19989
19990
19992
19994
19995
19999
20091
20094
20095
20122
20124
20125
20127
20128
20129
20130
20131
20132
20133
20134
20136
20137
20139
20140
20141
20192
20204
20205
20207