2192
6756
6787
6848
6850
6856
6864
6871
6880
6881
6882
6884
6891
6897
6900
6909
6917
6920
6923
6926
6929
6931
6943
6945
6952
6956
6957
6965
6968
6970
6972
6976
6977
6978
6979
6986
6989
6990
6992
6994
7027
7029
7031
7036
7038
7041
7050
7051
7054
7061
7063
7071
7082
7084
7085
7103
7108
7109
7112
7139
7145
7150
7152
7167
7172
7174
7196
7205
7207
7209
7210
7213
7214
7215
7218
7219
7222
7223
7225
7227
7228
7230
7232
7233
7235
7245
7253
9864
9871
9875
9877
9878
10027
10267
10297
10708
11143
11154
11178
11207
11214
11314
11373
11437
11445
11486
11527
12298
12307
12527
12623
12628
12677
12912
18579
19080
19092