145
270
274
289
578
648
1120
1140
1205
1338
1339
1343
1639
1735
1783
1801
1850
2041
2044
2049
2055
2302
2336
2368
2373
3169
3170
3186
3189
3236
3410
3725
3793
3798
3824
3831
3987
3994
4093
4119
4148
4175
4273
4408
4595
4599
4625
4634
4660
4664
4677
4683
4685
4696
4700
4728
4729
4740
4760
4770
4779
4793
4799
4814
4951
4962
5154
5512
5618
5619
5620
5632
5633
5640
5641
5643
5644
5666
5939
5945
6009
6029
6051
6066
6085
6122
6132
6152
6254
6256
6257
6258
6262
6278
6289
6347
6350
6355
6609
6612
6621
6632
6659
6670
6952
7198
7224
7368
7375
7376
7378
7395
7398
7403
7410
7493
7624
7667
7670
7728
8336
8351
8375
8417
8485
8599
8802
8804
8815
8991
8993
9076
9200
9316
9356
9390
9422
9423
9427
9590
9656
9695
9770
10109
10113
10116
10117
10118
10121
10132
10206
10329
10367
10575
10595
10641
10689
10705
10767
10887
10969
11094
11096
11120
11126
11139
11160
11527
11576
11710
11720
11722
12198
12201
12224
12275
12344
12350
12363
12386
12458
12516
12520
12521
12598
12748
12955
12960
12968
13010
13048
13100
13404
13552
13686
13691
13751
13808
13840
13874
13917
14007
14014
14019
14026
14029
14030
14035
14065
14077
14078
14091
14133
14771
15105
15384
15387
15389
15391
15395
15553
15717
15720
15723
15775
15781
15963
16205
16209
16230
16249
16250
16258
16366
16412
16419
16522
16524
16625
16725
16865
16874
16910
16939
16941
16995
17036
17096
17160
17180
17256
17302
17304
17323
17391
17429
17447
17455
17473
17484
17494
17505
17525
17542
17561
17593
17598
17609
17615
17638
17649
17658
17671
17699
17727
17777
17804
17835
17836
17959
17964
17984
18005
18060
18117
18119
18125
18159
18206
18209
18237
18260
18326
18362
18396
18430
18477
18490
18499
18518
18519
18545
18587
18597
18614
18622
18666
18677
18698
18703
18710
18714
18744
18777
18779
18787
18788
18817
18857
18862
18880
18892
18946
18950
18954
18978
19080
19092
19093
19128
19203
19279
19291
19295
19323
19332
19333
19338
19469
19512
19518
19530
19531
19534
19540
19544
19547
19610
19616
19623
19655
19661
20049
20117