961
1314
1317
1399
1496
1497
1498
1500
1501
1502
1972
1973
1974
1975
1980
1985
1986
1993
1995
2002
2003
2276
2288
5959
5960
5968
7269
12187
12188
12189
12190
12191
12193
12195
12197
13089
13134
13328
13392
13417
13466
13504
13515
13523
13634
13644
13659
13673
13775
13798
14224
14225
14256
14257
14262
14263
14291
14322
14587
14755
14756
14757
14758
15029
15452
16760
16761
16762
16763
16764
16765
16766
16767
16768
16769
16770
16771
16772
16773
19096
19105
19153
19154
19155
19156
19157
19158
19159
19160
19161
19162
19163
19164
19165
19166
19167
19168
19169
19170
19171
19172
19173
19174
19175
19176
19177
19178
19179