574
945
1001
1004
1015
1020
1068
1074
1081
1085
1259
1299
1354
1404
1407
1439
1452
1455
1469
1510
1515
1522
1531
1602
1604
1605
1609
1612
1613
1615
1631
2038
2039
2084
2503
2504
2510
3072
4232
4419
4596
4636
4659
4670
4693
4716
4750
4766
4784
4799
4805
4811
4815
4848
4884
4980
5261
5372
6158
6167
6170
6188
6566
7302
7658
7747
7748
7750
7753
7959
7983
7985
8280
8456
8510
8526
8592
8596
8600
8864
8922
8988
9004
9005
9023
9025
9033
9047
9052
9057
9079
9083
9088
9091
9100
9105
9111
9118
9119
9120
9122
9126
9134
9159
9165
9167
9175
9183
9185
9194
9198
9205
9216
9222
9230
9237
9244
9246
9249
9442
9507
9691
9891
10053
10993
11516
11678
11689
11691
11693
11694
11709
11853
11920
11936
12312
12333
12340
12342
12355
12390
12393
12410
12423
12490
12538
12563
12567
12602
12615
12625
12638
12654
12733
12749
12753
12823
12880
12920
12945
12952
13291
13304
13412
13471
13522
13531
13541
13563
13576
13579
13837
14118
14119
14123
14270
14335
14403
14526
14584
14598
14619
14627
14866
14894
14955
14996
15003
15022
15025
15076
15084
15118
15130
15131
15140
15141
15147
15425
15654
15820
15906
15959
15962
15963
15974
15976
15979
15990
15991
16009
16366
16431
16466
16474
16478
16527
16624
16844
16861
16864
16870
16876
16882
16896
16897
16899
16902
16906
16918
16937
16941
16947
16950
16958
16959
16960
16961
16963
16967
16972
16973
16982
16985
16986
16994
16997
16998
17004
17005
17013
17018
17022
17024
17032
17033
17036
17050
17057
17060
17064
17066
17081
17086
17092
17099
17112
17114
17118
17146
17147
17149
17150
17155
17166
17167
17178
17187
17190
17195
17209
17210
17211
17217
17218
17245
17267
17270
17283
17290
17291
17310
17333
17337
17339
17346
17348
17350
17355
17363
17391
17413
17414
17424
17429
17431
17432
17435
17441
17445
17450
17452
17456
17459
17462
17474
17485
17488
17495
17499
17502
17506
17507
17518
17525
17528
17537
17542
17544
17549
17554
17559
17568
17582
17590
17594
17600
17601
17608
17609
17614
17622
17628
17629
17641
17653
17669
17679
17681
17682
17684
17693
17696
17701
17716
17724
17734
17737
17742
17747
17761
17762
17769
17774
17778
17779
17785
17789
17795
17796
17830
17838
17840
17856
17859
17876
17879
17881
17888
17905
17910
17912
17914
17916
17938
17949
17954
17961
17970
17990
17997
18006
18009
18012
18016
18033
18036
18044
18054
18059
18061
18063
18069
18071
18081
18093
18099
18109
18110
18115
18128
18132
18138
18139
18140
18142
18158
18195
18203
18215
18217
18220
18248
18258
18260
18261
18273
18277
18296
18302
18318
18319
18324
18330
18337
18341
18346
18348
18351
18355
18381
18385
18386
18398
18420
18435
18437
18438
18440
18451
18464
18470
18482
18489
18492
18498
18508
18510
18528
18536
18541
18544
18552
18562
18563
18568
18574
18581
18585
18597
18601
18602
18609
18617
18631
18632
18636
18638
18640
18647
18648
18649
18657
18658
18659
18661
18662
18663
18668
18669
18670
18673
18678
18681
18682
18689
18691
18696
18707
18725
18726
18729
18730
18736
18741
18752
18753
18756
18760
18762
18763
18764
18771
18772
18773
18787
18797
18803
18809
18815
18817
18826
18829
18830
18831
18840
18843
18846
18850
18853
18855
18859
18860
18871
18873
18874
18875
18876
18877
18878
18879
18881
18882
18887
18889
19201
19212
19213
19220
19232
19247
19376
19450
19745
19949
20129