0
970
1875
3184
4606
4663
4672
4732
4733
4747
4749
4755
4796
4993
4995
5089
5209
5257
5696
5700
6293
6358
6638
7737
8264
8265
8266
8267
8268
8269
8270
8271
8272
8273
8274
8275
8276
8277
8682
8750
8821
9449
9806
9839
9878
10078
11739
11817
11925
12356
12497
12638
12720
12861
13045
13522
13606
13718
14700
14889
14904
14905
14906
14907
14908
14909
14910
15022
15078
15423
15430
15433
15434
15449
15591
15603
15834
15962
16272
16387
16470
16520
16522
16590
16950
16963
17395
17568
17955
18128
18346
18459
18489
18675
19184
19758
19760
19762
20127