289
314
331
336
387
400
401
404
417
421
446
513
542
552
575
596
674
782
936
950
1800
1845
1915
1932
1950
1963
1966
1967
2473
2495
2754
2779
3059
3276
3282
3286
3288
3300
3309
3339
3354
3370
3393
3420
3426
3431
3433
3457
3477
3495
3499
3502
3517
3525
3545
3549
3645
3711
3742
3762
3776
3788
3804
3811
3839
3850
3875
3919
3979
3996
4023
4063
4071
4080
4093
4104
4177
4188
4207
4278
4293
4445
4448
5028
5404
5463
5464
5465
5468
5470
5471
5472
5473
5476
5479
5481
5482
5484
5486
5487
5488
5489
5490
5491
5492
5494
5495
5496
5497
5498
5499
5501
5502
5503
5504
5505
5506
5507
5508
5511
5512
5513
5514
5515
5516
5518
5519
5520
5521
5522
5529
5531
5607
5610
5614
5723
5729
5751
5775
6542
6610
6611
6612
6613
6616
6617
6622
6623
7022
7143
7357
7386
7388
7398
7403
7408
7411
7848
7962
7999
8384
8419
8481
8487
8488
8511
8586
9333
9336
9358
9367
9372
9375
9390
9400
9404
9427
9608
9610
10106
10107
10108
10109
10111
10112
10114
10115
10116
10117
10118
10119
10120
10121
10122
10123
10124
10283
10431
10439
10443
10495
10544
10632
10659
11115
11137
11299
11404
11420
11428
11436
11663
11664
11671
12384
12597
12605
12723
12770
12826
12863
12911
13366
13485
13710
13866
13867
13870
13871
13872
13873
13874
13875
13878
13882
13883
13884
13885
13887
13893
13896
13897
13901
13905
13906
13908
13909
13910
13911
13914
13916
13917
13919
13920
13921
13922
13923
13924
14012
14072
14079
14155
14773
15183
15199
15357
15361
15375
15384
15385
15386
15387
15388
15389
15390
15391
15392
15393
15394
15395
15396
15397
15398
15399
15400
15402
15403
15404
15405
15406
15407
15409
15410
15413
15414
15415
15416
15417
15418
15419
15717
16086
16087
16088
16093
16095
16182
16213
16222
16261
16276
16687
18010
18980
19080
19187
19278
19279
19280
19281
19283
19284
19285
19287
19288
19289
19290
19291
19292
19295
19297
19533
19612
19616
19642
19652
19655
19945
20004
20164