6
11
12
14
15
16
17
18
21
22
23
24
29
31
32
34
36
37
40
41
45
46
47
48
52
54
55
56
57
58
59
60
61
62
63
64
66
67
69
71
74
75
77
78
80
82
83
85
86
87
88
89
90
91
92
96
99
100
101
102
105
106
107
108
109
110
111
116
117
121
122
123
125
126
128
129
130
131
132
134
136
137
138
139
140
141
142
143
144
147
148
149
150
151
152
153
154
155
156
159
160
162
163
164
166
167
170
171
172
173
174
176
177
178
180
181
182
183
184
185
186
188
189
191
193
195
196
198
205
207
208
211
213
220
227
228
230
235
239
241
245
246
249
250
253
258
262
268
275
277
280
282
283
290
292
301
308
312
313
316
319
323
328
329
332
333
336
342
347
349
352
353
355
364
365
369
372
375
377
379
383
395
405
408
445
450
452
453
454
463
465
468
473
492
494
495
500
503
506
507
517
519
525
531
533
535
542
544
551
569
575
591
593
594
595
596
597
598
599
600
601
602
603
604
605
606
607
608
609
610
611
612
613
614
615
616
617
618
619
620
621
622
623
624
625
626
627
628
629
630
631
632
633
634
635
636
637
638
639
640
641
642
643
644
645
646
648
651
652
654
655
656
657
660
662
665
667
668
672
673
674
675
676
677
680
682
683
685
686
690
691
693
694
697
700
701
702
704
705
707
708
711
713
714
718
720
721
722
723
724
725
726
727
729
730
731
732
735
736
737
738
739
742
743
749
750
753
754
755
756
759
760
762
767
769
770
778
780
787
788
790
791
794
797
799
800
802
803
805
807
810
811
812
817
820
821
824
825
827
828
830
832
833
836
838
841
843
844
846
849
850
853
856
857
858
859
860
862
863
864
865
866
867
869
870
874
875
877
880
881
882
884
885
890
891
892
894
895
897
901
905
908
910
911
913
914
918
919
921
925
926
927
928
932
938
947
1051
1054
1212
1215
1225
1228
1229
1551
1563
1571
1592
1632
1646
1673
1679
1701
1724
1726
1737
1740
1749
1751
1759
1761
1765
1782
1783
1794
1800
1808
1809
1810
1812
1813
1816
1817
1819
1820
1822
1826
1827
1828
1831
1833
1860
1865
1888
1892
1895
1901
1902
1919
1920
1921
1922
1924
1929
1939
1948
1950
1952
1961
1963
1966
1967
1969
1973
1993
2003
2048
2127
2158
2159
2168
2244
2268
2273
2277
2365
2370
2377
2385
2390
2395
2407
2417
2419
2422
2423
2424
2426
2428
2473
2474
2479
2480
2486
2487
2489
2494
2533
2535
2539
2542
2545
2547
2548
2550
2551
2554
2558
2559
2560
2563
2568
2569
2570
2571
2575
2577
2578
2579
2581
2584
2587
2592
2593
2596
2597
2600
2601
2603
2605
2607
2609
2611
2613
2616
2617
2620
2622
2623
2627
2630
2631
2633
2634
2635
2636
2637
2638
2639
2640
2641
2646
2648
2649
2650
2651
2654
2655
2656
2658
2659
2661
2662
2667
2668
2670
2671
2675
2676
2678
2680
2681
2682
2684
2685
2688
2689
2690
2691
2693
2696
2699
2701
2702
2703
2704
2706
2708
2713
2714
2719
2722
2723
2724
2726
2728
2730
2734
2736
2739
2743
2744
2745
2747
2750
2752
2753
2754
2755
2757
2758
2759
2760
2762
2766
2770
2771
2773
2778
2784
2785
2787
2790
2791
2792
2793
2795
2797
2801
2802
2803
2804
2806
2807
2809
2810
2812
2814
2816
2818
2820
2821
2823
2824
2825
2826
2827
2828
2830
2832
2833
2834
2835
2837
2838
2840
2842
2843
2849
2850
2851
2852
2854
2855
2856
2860
2861
2864
2865
2868
2870
2872
2873
2875
2877
2879
2880
2881
2884
2887
2897
2898
2900
2905
2906
2913
2915
2920
2921
2922
2923
2925
2926
2933
2934
2935
2937
2938
2939
2942
2947
2948
2949
2952
2954
2955
2958
2959
2960
2962
2963
2965
2968
2969
2971
2972
2974
2976
2978
2979
2981
2983
2988
2989
2991
2992
2993
2994
2996
2997
2998
2999
3001
3002
3004
3005
3007
3008
3010
3011
3012
3014
3015
3016
3065
3157
3167
3172
3176
3179
3180
3182
3186
3191
3192
3214
3224
3230
3232
3251
3259
3267
3276
3282
3288
3305
3306
3309
3319
3322
3327
3336
3341
3344
3345
3351
3353
3362
3363
3368
3369
3374
3379
3385
3386
3390
3394
3396
3403
3409
3411
3412
3423
3426
3449
3454
3465
3469
3472
3473
3474
3476
3477
3480
3482
3485
3489
3492
3494
3497
3503
3505
3509
3515
3517
3544
3548
3549
3557
3562
3566
3570
3572
3579
3585
3588
3594
3596
3600
3611
3618
3622
3623
3632
3637
3639
3642
3644
3645
3648
3651
3652
3653
3656
3658
3665
3678
3680
3682
3686
3690
3691
3694
3695
3696
3706
3709
3716
3720
3738
3741
3744
3749
3751
3753
3767
3781
3784
3787
3788
3790
3791
3799
3808
3809
3811
3818
3822
3831
3847
3863
3867
3870
3871
3875
3888
3890
3898
3903
3904
3908
3913
3914
3923
3930
3938
3941
3953
3962
3978
3986
3987
3996
3999
4010
4013
4025
4032
4034
4037
4041
4043
4049
4058
4068
4094
4096
4099
4102
4113
4115
4119
4124
4125
4128
4133
4139
4140
4143
4150
4156
4163
4169
4174
4194
4199
4205
4206
4209
4211
4215
4216
4218
4221
4225
4227
4239
4247
4270
4272
4276
4292
4366
4373
4378
4429
4434
4444
4447
4448
4451
4454
4500
4505
4517
4519
4521
4522
4523
4524
4867
4931
4953
5024
5032
5039
5095
5174
5178
5183
5195
5396
5397
5403
5404
5420
5421
5422
5423
5424
5463
5467
5469
5473
5475
5476
5477
5478
5482
5483
5487
5492
5494
5498
5502
5503
5506
5510
5511
5513
5514
5522
5525
5527
5531
5560
5603
5604
5607
5608
5609
5610
5611
5620
5627
5629
5636
5644
5646
5647
5648
5652
5653
5693
5706
5709
5713
5714
5721
5730
5737
5740
5747
5756
5757
5758
5762
5774
5928
5938
5975
5979
5980
5981
5983
5988
5989
5993
5995
6003
6006
6009
6019
6021
6024
6028
6029
6033
6034
6037
6042
6048
6049
6052
6061
6067
6071
6076
6079
6080
6081
6083
6085
6091
6095
6096
6098
6099
6100
6110
6114
6116
6117
6119
6120
6121
6126
6132
6134
6135
6141
6142
6174
6175
6211
6260
6269
6271
6276
6278
6279
6282
6287
6291
6294
6295
6297
6305
6309
6346
6350
6539
6540
6546
6548
6557
6562
6600
6604
6605
6609
6612
6613
6614
6616
6617
6623
6639
6643
6645
6646
6647
6650
6652
6656
6658
6661
6663
6664
6672
6717
6738
6739
6748
6753
6755
6760
6761
6763
6764
6765
6766
6770
6772
6773
6774
6776
6778
6779
6780
6786
6789
6791
6792
6793
6794
6796
6797
6799
6801
6802
6805
6806
6807
6808
6811
6816
6846
6847
6848
6852
6855
6861
6862
6865
6866
6867
6872
6875
6879
6884
6885
6887
6889
6892
6895
6900
6902
6903
6906
6907
6910
6911
6914
6917
6919
6920
6921
6925
6929
6933
6935
6937
6940
6941
6942
6943
6944
6945
6946
6948
6949
6951
6953
6959
6960
6962
6969
6970
6972
6974
6976
6981
6985
6988
6991
6996
6997
6998
6999
7003
7004
7012
7019
7021
7026
7029
7033
7034
7035
7037
7040
7042
7047
7050
7055
7058
7059
7060
7065
7067
7069
7074
7075
7078
7079
7084
7090
7091
7092
7093
7096
7099
7106
7107
7108
7111
7112
7115
7116
7120
7121
7127
7130
7132
7137
7138
7139
7140
7141
7143
7145
7146
7148
7149
7151
7154
7159
7161
7162
7170
7172
7174
7175
7176
7180
7184
7188
7191
7192
7196
7197
7199
7200
7201
7202
7205
7206
7207
7209
7211
7213
7214
7216
7217
7218
7219
7224
7225
7226
7227
7229
7231
7232
7236
7237
7240
7242
7243
7248
7251
7254
7315
7322
7332
7333
7355
7362
7373
7376
7383
7384
7385
7388
7392
7394
7403
7407
7409
7411
7412
7444
7495
7519
7525
7545
7607
7608
7614
7726
7733
7924
7953
7954
8290
8291
8303
8304
8305
8306
8308
8309
8310
8311
8312
8313
8314
8315
8316
8317
8318
8319
8320
8321
8322
8323
8324
8325
8326
8327
8328
8329
8330
8331
8332
8334
8338
8341
8343
8347
8348
8349
8350
8352
8353
8355
8356
8358
8364
8371
8373
8375
8377
8382
8385
8391
8392
8394
8397
8400
8405
8418
8419
8420
8421
8424
8427
8438
8443
8450
8451
8453
8454
8457
8458
8460
8461
8463
8464
8467
8468
8471
8474
8478
8481
8482
8483
8484
8485
8486
8487
8490
8492
8494
8577
8588
8599
8602
8604
8637
8641
8712
8781
8795
8796
8829
8834
8835
8839
8849
8852
8853
9313
9314
9324
9326
9327
9332
9336
9337
9338
9339
9341
9345
9348
9349
9350
9352
9354
9355
9356
9358
9359
9369
9371
9372
9374
9375
9376
9377
9378
9380
9381
9382
9383
9384
9385
9386
9388
9396
9397
9399
9400
9401
9403
9407
9414
9415
9416
9427
9429
9452
9454
9456
9457
9459
9465
9468
9487
9516
9521
9525
9526
9531
9534
9538
9540
9542
9544
9546
9550
9558
9559
9561
9564
9567
9570
9577
9578
9582
9586
9593
9614
9616
9627
9628
9634
9637
9643
9648
9649
9651
9657
9667
9874
9877
9946
10035
10085
10086
10093
10105
10108
10111
10112
10113
10116
10120
10122
10123
10129
10134
10138
10148
10149
10151
10152
10153
10154
10155
10156
10157
10158
10159
10160
10161
10162
10163
10164
10165
10166
10167
10168
10169
10170
10171
10172
10173
10174
10175
10176
10177
10178
10179
10180
10181
10182
10183
10184
10185
10186
10187
10188
10189
10190
10191
10192
10193
10194
10195
10196
10197
10198
10199
10200
10201
10202
10203
10204
10205
10206
10207
10208
10209
10210
10211
10212
10213
10214
10215
10216
10217
10218
10219
10220
10221
10222
10223
10224
10225
10226
10227
10228
10229
10230
10231
10232
10233
10234
10235
10236
10237
10238
10239
10240
10241
10242
10243
10244
10245
10246
10247
10248
10249
10250
10251
10252
10253
10254
10255
10256
10257
10258
10259
10260
10261
10262
10263
10264
10266
10267
10268
10269
10270
10271
10272
10273
10274
10275
10276
10277
10278
10279
10280
10281
10282
10283
10284
10285
10286
10287
10288
10289
10290
10291
10292
10293
10294
10295
10296
10297
10298
10300
10301
10302
10303
10304
10305
10306
10307
10308
10309
10310
10311
10312
10313
10314
10315
10316
10317
10318
10319
10320
10321
10322
10323
10324
10325
10326
10327
10328
10329
10330
10331
10332
10333
10334
10335
10336
10337
10338
10339
10340
10341
10342
10343
10344
10345
10346
10347
10348
10349
10350
10351
10352
10353
10354
10355
10356
10357
10358
10359
10360
10361
10362
10363
10364
10365
10366
10367
10368
10369
10370
10371
10372
10373
10374
10375
10376
10377
10378
10379
10380
10381
10382
10383
10384
10385
10386
10387
10388
10389
10390
10391
10392
10393
10394
10395
10396
10397
10398
10399
10400
10401
10402
10403
10404
10405
10406
10407
10408
10409
10410
10411
10412
10413
10414
10415
10416
10417
10418
10419
10420
10421
10422
10423
10424
10425
10426
10427
10428
10429
10430
10431
10432
10433
10434
10435
10436
10437
10438
10439
10440
10441
10442
10443
10444
10445
10446
10447
10448
10449
10450
10451
10452
10453
10454
10455
10456
10457
10458
10459
10460
10461
10462
10463
10464
10466
10467
10468
10469
10470
10471
10472
10473
10474
10475
10476
10477
10478
10479
10480
10482
10483
10484
10485
10486
10487
10488
10489
10490
10491
10492
10493
10494
10495
10496
10497
10499
10500
10501
10502
10503
10504
10505
10507
10508
10509
10510
10511
10512
10513
10514
10515
10516
10517
10518
10519
10520
10521
10522
10523
10524
10525
10527
10528
10529
10530
10531
10532
10533
10534
10535
10536
10537
10538
10539
10540
10541
10543
10544
10545
10546
10547
10548
10549
10551
10552
10553
10555
10556
10557
10558
10559
10560
10561
10562
10563
10564
10565
10566
10567
10568
10569
10570
10571
10572
10573
10574
10576
10577
10578
10579
10580
10581
10582
10583
10584
10585
10586
10587
10588
10589
10590
10591
10592
10593
10594
10595
10596
10597
10598
10599
10601
10602
10603
10604
10605
10606
10607
10609
10610
10611
10612
10613
10614
10615
10616
10617
10618
10619
10620
10621
10622
10623
10624
10625
10626
10627
10628
10629
10630
10631
10632
10633
10634
10635
10636
10637
10638
10639
10640
10641
10642
10643
10644
10645
10646
10647
10648
10649
10650
10651
10652
10653
10655
10656
10657
10658
10659
10660
10661
10662
10663
10664
10665
10666
10667
10668
10669
10670
10671
10672
10673
10674
10675
10676
10677
10678
10679
10681
10682
10683
10684
10685
10686
10687
10688
10689
10690
10691
10692
10693
10694
10695
10696
10697
10698
10699
10701
10702
10703
10704
10706
10707
10708
10709
10710
10711
10712
10713
10714
10715
10716
10717
10718
10719
10720
10721
10722
10723
10724
10725
10726
10727
10728
10729
10730
10731
10732
10733
10734
10735
10736
10737
10738
10739
10740
10741
10742
10743
10744
10745
10746
10747
10748
10749
10750
10751
10752
10753
10754
10755
10756
10757
10758
10759
10761
10762
10764
10765
10766
10767
10907
10915
10917
11064
11065
11067
11068
11069
11070
11071
11072
11073
11092
11095
11097
11098
11102
11105
11109
11110
11111
11112
11115
11119
11121
11122
11123
11124
11127
11129
11131
11132
11134
11135
11138
11140
11145
11146
11148
11149
11150
11151
11152
11154
11157
11161
11162
11164
11165
11167
11168
11175
11178
11181
11188
11189
11192
11194
11195
11196
11201
11204
11205
11208
11209
11211
11214
11215
11217
11219
11220
11221
11222
11226
11228
11229
11234
11237
11238
11242
11248
11250
11251
11252
11254
11265
11267
11268
11270
11271
11274
11278
11279
11280
11285
11287
11291
11293
11294
11296
11297
11304
11306
11307
11311
11313
11320
11321
11325
11329
11330
11331
11333
11334
11336
11337
11338
11339
11340
11341
11346
11350
11355
11360
11361
11364
11365
11366
11368
11370
11373
11378
11379
11382
11383
11384
11385
11386
11387
11388
11389
11390
11394
11395
11398
11400
11403
11407
11408
11409
11410
11411
11412
11413
11414
11415
11417
11422
11423
11424
11425
11427
11430
11432
11433
11435
11436
11441
11442
11443
11445
11446
11447
11448
11452
11453
11454
11455
11460
11461
11462
11463
11464
11467
11469
11470
11471
11472
11473
11477
11478
11479
11480
11481
11482
11486
11488
11489
11490
11493
11494
11495
11496
11497
11498
11502
11504
11509
11522
11531
11533
11541
11544
11545
11546
11547
11549
11550
11552
11555
11558
11562
11563
11571
11575
11604
11606
11607
11717
11731
11810
11913
12253
12267
12274
12276
12277
12280
12285
12350
12381
12409
12431
12491
12494
12501
12514
12527
12575
12584
12628
12665
12674
12704
12721
12731
12748
12768
12774
12830
12863
12868
12906
12912
12996
13013
13018
13101
13102
13108
13125
13131
13192
13252
13258
13263
13269
13322
13365
13381
13396
13404
13424
13432
13450
13454
13457
13485
13493
13508
13510
13570
13652
13663
13674
13758
13768
13787
13792
13821
13822
13866
13867
13869
13872
13877
13881
13891
13892
13898
13901
13903
13906
13916
13927
13930
14003
14005
14006
14007
14013
14015
14017
14018
14020
14023
14026
14027
14031
14032
14047
14049
14051
14052
14055
14056
14057
14062
14063
14065
14066
14069
14071
14072
14074
14076
14081
14082
14083
14084
14087
14089
14091
14092
14095
14098
14104
14105
14106
14107
14108
14133
14136
14145
14146
14147
14148
14150
14152
14156
14158
14173
14247
14248
14252
14312
14367
14385
14407
14432
14562
14563
14564
14566
14568
14569
14572
14575
14576
14624
14640
14648
14672
14742
14766
14786
14792
14879
14880
14882
14898
14903
14968
14970
14977
14978
14983
14985
14990
15152
15157
15164
15165
15167
15171
15176
15179
15184
15186
15188
15190
15191
15192
15195
15196
15198
15199
15205
15208
15210
15211
15215
15219
15220
15318
15322
15323
15383
15388
15390
15395
15396
15400
15403
15404
15407
15409
15411
15415
15418
15486
15495
15502
15505
15515
15520
15521
15522
15527
15529
15530
15531
15535
15536
15538
15552
15559
15565
15571
15572
15576
15579
15600
15648
15704
15709
15711
15720
15725
15728
15729
15731
15733
15740
15741
15746
15748
15754
15762
15766
15767
15781
15797
15803
15811
15816
15839
15934
16057
16058
16179
16182
16185
16196
16205
16216
16217
16222
16232
16279
16286
16289
16290
16291
16292
16707
16708
16709
16710
16713
16714
16778
16784
16796
16815
16833
16850
16853
18579
18987
19079
19080
19081
19085
19088
19098
19156
19188
19222
19279
19290
19292
19402
19403
19406
19407
19408
19409
19410
19411
19412
19413
19414
19415
19416
19417
19418
19419
19420
19421
19423
19424
19425
19426
19428
19429
19430
19431
19471
19475
19484
19508
19516
19518
19607
19613
19630
19637
19644
19662
19664
19667
19674
19746
19914
19918
19919
19920
19921
19922
19923
19924
19925
19926
19927
19928
19929
19930
19931
19933
19934
19935
19936
19937
19938
19939
19940
19941
19942
19943
19944
19945
19946
19947
20002
20003
20004
20011
20036
20098
20099
20103
20105
20148
20152
20170
20172
20185
20186