74
81
149
151
204
206
210
231
233
246
253
257
259
301
307
339
352
355
366
401
406
421
458
491
538
593
596
611
614
618
619
631
634
645
650
660
668
675
676
681
682
686
705
706
713
722
750
759
766
773
779
791
804
815
835
849
852
854
855
859
893
920
1227
1248
1334
1335
1337
1683
1685
1687
1707
1716
1724
1735
1739
1750
1763
1772
1775
1780
1784
1785
1786
1793
1796
1798
1873
1879
1952
1974
1980
2104
2275
2285
2303
2308
2365
2366
2371
2374
2375
2376
2377
2378
2380
2382
2387
2388
2389
2394
2397
2398
2399
2400
2402
2403
2404
2411
2480
2490
2745
2760
2761
2767
2809
2835
2871
2987
3018
3197
3267
3347
3354
3409
3460
3476
3477
3497
3527
3537
3596
3611
3630
3632
3709
3804
3823
3827
3851
3917
4015
4162
4199
4207
4211
4225
4279
4429
4930
4949
4950
5039
5040
5157
5163
5178
5180
5181
5188
5190
5191
5199
5203
5421
5463
5473
5489
5514
5520
5545
5737
5753
5784
5930
5936
5956
6003
6639
6645
6647
6715
6716
6717
6718
6719
6721
6738
6755
6771
6895
6919
6953
6986
7033
7112
7117
7195
7217
7220
7239
7245
7477
7663
7670
7721
7724
7923
7924
7939
7954
8027
8324
8335
8339
8343
8354
8362
8365
8373
8377
8381
8385
8386
8387
8392
8396
8404
8405
8426
8438
8453
8604
9515
9525
9546
9655
9728
9770
9865
9974
9978
10148
10154
10178
10216
10239
10240
10248
10251
10255
10269
10274
10280
10283
10287
10289
10318
10341
10346
10353
10358
10381
10382
10390
10400
10414
10415
10424
10425
10456
10462
10496
10512
10546
10556
10557
10573
10580
10584
10586
10615
10616
10632
10637
10639
10644
10668
10671
10691
10709
10717
10718
10748
10760
10761
10762
10763
10895
10897
10966
10984
11094
11098
11110
11136
11173
11174
11178
11205
11209
11220
11314
11317
11323
11330
11358
11368
11375
11382
11389
11395
11398
11416
11437
11472
11501
11509
11535
11550
11565
11571
11589
11663
11674
11696
11767
11795
12350
12384
12504
12704
12833
12868
12901
13046
13059
13337
13381
13396
13432
13493
13598
13783
13791
13845
13883
13915
14069
14096
14207
14238
14251
14342
14393
14398
14411
14490
14563
14573
14576
14653
14740
14968
14969
15153
15154
15156
15181
15193
15216
15218
15219
15221
15307
15308
15309
15310
15311
15325
15413
15473
15477
15492
15494
15504
15506
15517
15540
15541
15563
15570
15575
15577
15583
15585
15595
15609
15611
15724
15804
16060
16152
16216
16238
16268
16713
16762
16768
16813
16987
18326
18937
18969
19082
19094
19095
19103
19104
19157
19164
19166
19176
19177
19190
19193
19197
19405
19473
19506
19509
19533
19596
19642
19677
19916
19917
19927
19930
19931
19936
20013
20023
20108
20154
20160