11
29
31
36
42
46
47
57
59
77
97
101
126
152
182
183
189
223
231
235
236
295
370
375
418
441
471
493
506
519
524
551
565
595
596
607
614
621
624
629
653
654
660
690
704
722
730
764
768
789
805
810
820
824
833
868
879
887
895
907
909
917
958
1229
1503
1701
1763
1775
1785
1789
1805
1811
1859
1860
1925
1963
1966
2141
2148
2153
2156
2168
2171
2173
2176
2187
2188
2193
2249
2377
2391
2409
2500
2534
2538
2541
2561
2564
2566
2583
2584
2592
2607
2615
2618
2622
2627
2639
2642
2659
2671
2679
2702
2737
2751
2759
2766
2767
2778
2785
2799
2817
2821
2840
2848
2856
2870
2886
2931
2954
2974
2981
2987
2991
3005
3033
3060
3070
3075
3160
3167
3207
3232
3233
3253
3264
3272
3275
3311
3326
3339
3359
3361
3369
3370
3374
3390
3395
3423
3431
3432
3435
3453
3513
3520
3545
3546
3550
3570
3595
3620
3652
3671
3672
3689
3691
3740
3742
3752
3768
3792
3793
3809
3811
3862
3870
3879
3881
3894
3908
3914
3959
3976
3977
3994
3996
4018
4031
4075
4094
4095
4136
4207
4262
4288
4452
4519
5023
5033
5403
5462
5495
5502
5610
5645
5708
5715
5720
5724
5739
5747
5749
5753
5755
5756
5769
5774
5785
5789
5935
5984
5989
6107
6208
6612
6627
6628
6629
6757
6760
6773
6825
6864
6885
6922
6928
6941
6952
6960
6969
6974
6980
6986
6988
7000
7018
7022
7026
7032
7040
7044
7059
7066
7068
7115
7147
7185
7198
7209
7227
7236
7245
7247
7403
7412
7415
7486
7720
7724
7954
7995
7996
8003
8015
8018
8305
8308
8314
8317
8319
8321
8325
8384
8394
8396
8417
8440
8450
8478
8481
8483
8486
8488
8568
8583
8584
8587
8637
8639
8719
8849
9316
9322
9323
9333
9339
9343
9356
9357
9359
9392
9393
9397
9486
9498
9511
9531
9544
9546
9555
9578
9643
9878
9938
9946
9948
10039
10055
10106
10107
10108
10110
10111
10112
10113
10115
10116
10120
10123
10130
10132
10154
10178
10181
10184
10185
10188
10199
10213
10219
10225
10227
10229
10236
10242
10259
10260
10273
10274
10276
10283
10292
10295
10320
10331
10344
10351
10371
10372
10383
10384
10385
10406
10414
10417
10422
10432
10433
10438
10439
10440
10447
10450
10457
10464
10472
10491
10493
10495
10500
10512
10513
10521
10522
10527
10535
10537
10549
10553
10565
10574
10581
10584
10586
10612
10619
10627
10629
10631
10632
10633
10634
10638
10639
10648
10649
10656
10659
10666
10667
10669
10679
10684
10685
10691
10692
10693
10702
10720
10721
10725
10728
10736
10887
10890
10907
11104
11124
11134
11136
11141
11150
11167
11196
11216
11224
11237
11238
11241
11256
11267
11269
11289
11299
11301
11305
11306
11324
11327
11338
11378
11405
11414
11416
11433
11434
11441
11446
11455
11472
11475
11594
11658
11663
11664
11684
11690
11692
11694
11695
11750
11768
11813
12583
12597
12669
12705
12768
12770
12830
12975
13024
13039
13084
13503
13532
13646
13866
13874
13884
13889
13893
13894
13898
13901
13906
13916
13922
14054
14079
14098
14105
14236
14255
14275
14338
14377
14392
14673
14745
14766
14768
14772
14868
14898
14968
14969
14970
14974
14975
14977
14979
14982
14985
14986
14987
14989
14993
15152
15168
15176
15179
15210
15213
15383
15397
15398
15400
15403
15406
15407
15408
15409
15411
15562
15577
15708
15720
15815
15825
15940
16102
16142
16164
16183
16716
16799
16803
16987
17332
17400
17728
18332
18405
18431
18579
18984
18988
18993
18995
19005
19083
19148
19187
19209
19279
19286
19288
19291
19293
19405
19407
19409
19410
19413
19424
19427
19428
19429
19507
19644
19654
19655
19673
19928
19936
19941
20013
20018
20022
20041
20209