1
26
27
52
70
94
144
188
191
203
227
241
289
564
574
760
930
932
943
955
957
962
978
1063
1097
1100
1102
1113
1115
1139
1141
1145
1164
1165
1177
1180
1182
1204
1236
1325
1387
1522
1619
1684
1785
1788
1789
1821
1895
1914
1916
1917
2006
2019
2108
2117
2118
2125
2128
2131
2133
2135
2156
2163
2170
2171
2173
2289
2364
2365
2473
2486
2487
2495
2569
2736
2833
2845
2937
2962
3024
3034
3057
3060
3066
3224
3239
3251
3343
3510
3659
3762
3970
4092
4125
4199
4220
4230
4235
4236
4245
4262
4266
4278
4285
4394
4406
4408
4498
4509
4513
4867
4875
4886
4889
4897
4900
4962
4993
5023
5026
5032
5041
5060
5326
5327
5400
5403
5478
5490
5513
5529
5584
5599
5620
5664
5665
5666
5668
5669
5714
5721
5739
5747
5780
5789
5913
6100
6108
6208
6209
6213
6267
6415
6525
6528
6535
6625
6627
6630
6641
6670
6672
6794
6916
7074
7245
7369
7371
7378
7381
7393
7397
7403
7404
7406
7445
7447
7475
7490
7491
7504
7506
7550
7614
7669
7684
7747
7758
7905
7910
7935
7940
7957
8018
8034
8311
8320
8327
8392
8407
8432
8440
8472
8478
8486
8487
8494
8520
8526
8586
8587
8591
8715
8746
9318
9320
9321
9339
9375
9403
9521
9526
9535
9539
9566
9569
9572
9578
9597
9600
9607
9608
9669
9697
9827
10013
10039
10087
10126
10130
10136
10139
10210
10325
10448
10453
10484
10506
10637
10667
10669
10727
10748
10755
10762
10868
10887
10903
10908
10910
10917
10937
10950
10986
11025
11079
11088
11126
11237
11317
11345
11432
11572
11606
11663
11664
11666
11667
11668
11669
11673
11674
11681
11682
11690
11691
11694
11696
11769
11784
11809
12231
12344
12345
12388
12457
12468
12508
12535
12544
12549
12566
12598
12602
12684
12739
12748
12845
12859
12975
13211
13221
13384
13633
13746
13827
13829
13831
13832
13860
13868
13923
13936
14005
14031
14070
14092
14109
14137
14202
14306
14333
14335
14340
14462
14816
14968
14971
14972
14973
14974
14976
14978
14981
14984
14988
14990
14999
15005
15036
15300
15391
15395
15400
15410
15415
15419
15422
15426
15438
15439
15644
15742
15761
15818
16004
16147
16166
16679
16683
16895
16936
16971
16975
16985
17019
17044
17079
17087
17093
17096
17097
17099
17107
17111
17118
17133
17142
17161
17165
17175
17196
17208
17217
17244
17247
17280
17292
17346
17364
17366
17413
17445
17462
17470
17512
17539
17546
17571
17588
17622
17635
17652
17661
17664
17673
17689
17694
17699
17718
17720
17727
17728
17731
17736
17747
17772
17780
17815
17821
17840
17880
17902
17924
17938
17950
17956
17969
17970
18010
18016
18023
18039
18051
18062
18072
18074
18075
18081
18098
18100
18106
18125
18140
18160
18172
18195
18208
18217
18223
18228
18235
18244
18264
18271
18281
18290
18377
18382
18387
18400
18415
18426
18432
18436
18475
18488
18492
18493
18495
18520
18528
18536
18541
18550
18567
18569
18570
18575
18579
18604
18926
18936
18942
18964
18973
18978
18984
18986
18987
18989
18993
18998
18999
19001
19078
19080
19144
19185
19188
19278
19287
19295
19338
19531
19543
19580
19655
19724
19738
19752
19928
20099
20144
20149
20154
20164
20171
20179