945
1138
1233
1245
1249
1251
1259
1260
1300
1301
1414
1422
1437
1452
2051
3060
4686
4935
5268
7260
7264
7592
7754
8438
8445
8451
8453
8518
8521
8530
8991
8993
9092
9127
9133
9691
10069
10074
11088
11921
12290
12313
12411
12563
12614
12644
12956
13010
14649
15424
15781
15820
15959
15962
15979
15985
16013
16412
16860
16868
16884
16899
16916
16924
16928
16938
16939
16946
16950
16960
16964
16967
16971
16977
16981
16986
16990
16997
17018
17036
17039
17042
17071
17073
17092
17110
17114
17116
17117
17123
17125
17157
17160
17166
17167
17173
17178
17182
17190
17197
17199
17204
17209
17210
17212
17216
17229
17273
17283
17291
17302
17307
17316
17323
17340
17355
17358
17364
17369
17387
17407
17451
17454
17459
17464
17467
17473
17495
17498
17499
17514
17527
17530
17549
17551
17559
17563
17565
17589
17591
17606
17612
17614
17617
17622
17629
17633
17644
17664
17669
17680
17681
17693
17699
17700
17703
17705
17707
17709
17724
17742
17745
17747
17754
17760
17761
17770
17777
17786
17789
17793
17801
17818
17823
17832
17839
17844
17845
17859
17863
17869
17871
17886
17902
17947
17955
17963
17965
17976
17987
17990
18007
18015
18021
18030
18032
18036
18049
18059
18069
18074
18077
18081
18086
18096
18109
18116
18125
18128
18136
18142
18156
18170
18184
18187
18210
18213
18222
18230
18246
18260
18277
18285
18302
18328
18330
18332
18349
18351
18358
18390
18395
18404
18412
18420
18456
18457
18464
18488
18489
18493
18499
18503
18504
18505
18508
18520
18528
18535
18536
18544
18552
18555
18558
18561
18564
18574
18577
18585
18587
18589
18598
18601
18617
18625
18724
18739
18754
18768
18776
18817
18820
18823
18824
19038
19069
19070
19309
19322
19371
19496
19520