593
594
595
599
602
603
608
609
610
611
616
617
620
625
627
629
630
633
636
637
640
846
2142
2143
2146
2147
2166
6763
6783
6900
6906
6944
6953
7130
7184
7214
8303
8308
8311
8316
8318
8324
10157
10165
10166
10168
10173
10180
10188
10190
10199
10201
10214
10217
10219
10232
10237
10247
10255
10257
10259
10260
10267
10274
10275
10276
10277
10280
10282
10283
10287
10291
10299
10302
10304
10317
10318
10324
10326
10330
10332
10333
10343
10344
10345
10346
10347
10350
10351
10355
10357
10360
10365
10370
10371
10376
10379
10380
10382
10387
10388
10392
10394
10397
10399
10400
10402
10404
10406
10408
10414
10417
10420
10427
10431
10435
10446
10449
10450
10452
10453
10455
10456
10460
10462
10466
10470
10471
10474
10476
10477
10479
10487
10488
10494
10497
10499
10507
10508
10510
10513
10514
10515
10516
10517
10520
10522
10527
10529
10530
10532
10536
10557
10559
10563
10564
10568
10573
10578
10580
10587
10588
10589
10592
10593
10594
10596
10602
10604
10607
10612
10614
10620
10621
10630
10631
10632
10633
10634
10637
10638
10639
10642
10648
10655
10658
10661
10668
10670
10678
10683
10684
10685
10688
10691
10698
10703
10709
10715
10722
10726
10727
10730
10740
10748
11307
11320
11378
11445
12409
15328
15816
19830