561
570
574
937
941
945
951
978
985
993
1003
1004
1008
1014
1020
1083
1084
1085
1086
1087
1088
1089
1232
1245
1246
1248
1252
1253
1254
1255
1256
1257
1258
1261
1263
1266
1267
1269
1271
1272
1273
1274
1276
1277
1278
1283
1284
1287
1289
1292
1296
1297
1299
1303
1311
1322
1354
1361
1374
1379
1387
1388
1403
1404
1405
1406
1410
1411
1412
1414
1415
1417
1419
1420
1424
1429
1430
1431
1436
1437
1438
1439
1442
1444
1450
1457
1458
1459
1461
1463
1466
1468
1510
1516
1521
1522
1523
1524
1525
1533
1537
1783
1856
2031
2034
2036
2072
2109
2214
2215
2247
2312
2313
2314
2317
2318
2319
2320
2355
2358
2508
3043
3060
3062
3068
3071
4233
4236
4285
4286
4287
4290
4302
4303
4304
4305
4306
4307
4319
4467
4475
4478
4528
4529
4533
4570
4591
4593
4595
4599
4601
4603
4606
4611
4615
4616
4620
4622
4623
4624
4626
4627
4629
4630
4631
4634
4635
4637
4639
4640
4642
4646
4649
4650
4655
4658
4660
4662
4663
4664
4666
4667
4668
4669
4670
4671
4674
4676
4677
4678
4680
4681
4682
4685
4687
4689
4690
4691
4692
4694
4696
4697
4698
4700
4702
4703
4704
4706
4709
4713
4714
4717
4718
4719
4720
4722
4724
4725
4731
4732
4733
4734
4735
4736
4737
4739
4741
4742
4754
4755
4756
4758
4760
4761
4763
4764
4765
4766
4767
4768
4769
4770
4771
4772
4776
4777
4778
4779
4782
4784
4785
4786
4790
4792
4793
4796
4797
4798
4799
4802
4803
4805
4807
4808
4809
4811
4813
4814
4815
4816
4817
4837
4853
4883
4884
4885
4886
4887
4888
4890
4891
4892
4895
4896
4897
4900
4901
4928
4983
4985
4990
4993
4994
4996
4997
4998
5012
5013
5015
5016
5019
5020
5022
5055
5060
5137
5139
5143
5145
5147
5155
5194
5205
5208
5210
5230
5241
5250
5257
5261
5267
5309
5313
5351
5413
5414
5569
5570
5593
5662
5696
6156
6158
6161
6170
6220
6221
6222
6223
6224
6227
6252
6365
6389
6393
6395
6402
6421
6516
6518
6519
6520
6521
6522
6523
6524
6526
6527
6528
6627
6725
6726
7307
7319
7341
7344
7346
7347
7349
7352
7418
7419
7421
7423
7457
7462
7463
7466
7469
7472
7586
7592
7593
7595
7596
7597
7600
7601
7630
7631
7632
7633
7635
7674
7675
7679
7738
7873
7875
7876
7877
7878
7879
7881
7956
7957
7958
7959
7973
7974
7975
7987
7993
8010
8011
8012
8013
8014
8015
8016
8017
8035
8265
8275
8277
8278
8279
8280
8436
8493
8499
8520
8531
8533
8536
8540
8541
8548
8549
8593
8596
8598
8610
8714
8715
8719
8720
8766
8769
8772
8821
8858
8872
8962
8963
8964
8995
9002
9012
9019
9026
9038
9046
9059
9068
9069
9072
9073
9077
9084
9094
9107
9109
9111
9116
9118
9126
9139
9156
9162
9185
9193
9198
9200
9221
9230
9231
9241
9242
9439
9442
9443
9446
9450
9451
9499
9500
9501
9503
9504
9505
9506
9507
9679
9680
9684
9685
9687
9692
9693
9695
9696
9697
9698
9699
9701
9703
9706
9707
9711
9718
9721
9808
9834
9835
9853
9880
9882
9887
9889
9891
9893
9982
9983
9984
10038
10069
10074
10080
10137
10138
10140
10143
10144
10147
10989
10990
10993
10994
10995
11083
11084
11086
11087
11088
11089
11090
11511
11515
11614
11627
11628
11629
11630
11646
11649
11652
11658
11671
11672
11673
11675
11676
11677
11678
11679
11680
11681
11683
11686
11687
11688
11690
11692
11695
11696
11743
11744
11747
11752
11782
11830
11865
11867
11923
11924
11928
11929
11930
11933
11934
11935
11936
11937
11938
11939
11941
12198
12199
12200
12201
12202
12204
12205
12206
12207
12208
12256
12257
12258
12259
12260
12261
12295
12300
12305
12311
12312
12313
12317
12319
12331
12339
12341
12342
12343
12344
12345
12349
12352
12355
12356
12359
12365
12367
12369
12372
12377
12379
12380
12382
12385
12386
12389
12390
12394
12395
12398
12401
12405
12407
12408
12410
12411
12412
12413
12415
12416
12424
12432
12434
12440
12442
12444
12447
12448
12452
12455
12456
12459
12463
12467
12468
12471
12475
12478
12479
12481
12485
12492
12493
12508
12516
12520
12522
12523
12526
12529
12532
12536
12538
12540
12544
12551
12552
12553
12554
12555
12558
12560
12563
12566
12569
12570
12571
12576
12577
12578
12581
12582
12585
12589
12595
12596
12598
12599
12600
12609
12610
12611
12612
12615
12620
12621
12627
12631
12633
12638
12642
12643
12644
12647
12648
12649
12652
12654
12660
12661
12676
12681
12684
12686
12687
12688
12689
12690
12691
12694
12699
12708
12718
12720
12722
12727
12733
12742
12743
12750
12752
12754
12755
12758
12760
12762
12771
12772
12773
12777
12778
12781
12783
12785
12789
12790
12794
12801
12806
12807
12808
12815
12816
12822
12823
12824
12831
12845
12846
12849
12856
12857
12859
12861
12864
12866
12867
12872
12884
12894
12895
12896
12897
12903
12909
12910
12911
12917
12918
12923
12925
12930
12931
12933
12938
12953
12954
12955
12956
12957
12962
12963
12972
12975
12979
12981
12991
13003
13010
13017
13035
13045
13048
13055
13063
13066
13079
13098
13100
13112
13146
13159
13173
13188
13206
13211
13215
13226
13227
13230
13235
13244
13246
13257
13303
13304
13318
13336
13353
13382
13389
13406
13409
13427
13435
13441
13459
13464
13471
13494
13522
13527
13531
13564
13573
13577
13582
13591
13606
13638
13648
13684
13704
13708
13721
13722
13723
13727
13744
13752
13773
13783
13830
13831
13832
13833
13834
13835
13836
13837
13838
13961
13973
14111
14112
14114
14118
14123
14124
14125
14129
14132
14140
14198
14234
14266
14267
14268
14270
14272
14346
14362
14368
14412
14413
14414
14415
14430
14443
14509
14510
14513
14517
14518
14519
14535
14536
14539
14542
14544
14545
14548
14595
14609
14620
14623
14630
14649
14651
14652
14653
14655
14656
14658
14697
14700
14729
14730
14731
14732
14733
14734
14735
14736
14737
14769
14776
14779
14836
14840
14853
14860
14889
14893
14894
14895
14907
14908
14910
14926
14942
14943
14945
14957
14959
15005
15008
15010
15022
15024
15027
15029
15030
15034
15035
15036
15038
15043
15046
15048
15049
15056
15062
15064
15078
15102
15105
15106
15107
15108
15109
15111
15114
15115
15117
15119
15120
15124
15127
15129
15131
15132
15134
15138
15142
15146
15305
15332
15336
15339
15341
15351
15360
15361
15379
15420
15421
15422
15423
15424
15426
15428
15429
15430
15431
15432
15434
15435
15436
15437
15438
15440
15442
15443
15445
15446
15447
15448
15449
15450
15469
15591
15602
15613
15614
15615
15616
15617
15619
15620
15635
15649
15666
15776
15782
15784
15785
15791
15817
15818
15819
15820
15822
15823
15824
15825
15826
15828
15829
15830
15831
15833
15844
15926
15939
15962
15963
15964
15966
15968
15970
15971
15972
15973
15974
15976
15977
15978
15979
15980
15981
15984
15985
15986
15987
15988
15990
15991
15996
15997
15999
16000
16002
16004
16005
16008
16009
16011
16012
16013
16014
16085
16094
16096
16097
16145
16246
16247
16248
16249
16250
16252
16253
16254
16255
16256
16257
16306
16312
16355
16356
16365
16366
16370
16379
16382
16395
16405
16411
16412
16414
16429
16438
16466
16487
16495
16496
16503
16506
16510
16545
16561
16565
16578
16580
16581
16589
16596
16598
16615
16641
16644
16654
16660
16671
16676
16677
16753
16754
16756
16843
16858
16859
16861
16862
16863
16864
16865
16866
16867
16868
16869
16870
16871
16872
16873
16874
16875
16876
16877
16879
16880
16881
16882
16883
16884
16885
16886
16887
16888
16889
16890
16891
16892
16893
16894
16895
16896
16897
16898
16899
16900
16902
16904
16905
16906
16907
16908
16909
16910
16911
16912
16913
16914
16915
16916
16917
16918
16919
16921
16922
16923
16924
16925
16926
16927
16928
16929
16930
16931
16932
16933
16934
16935
16936
16937
16938
16939
16940
16942
16943
16944
16945
16946
16947
16948
16949
16950
16951
16952
16953
16954
16956
16957
16958
16959
16960
16961
16962
16963
16964
16966
16967
16968
16970
16971
16972
16974
16975
16976
16977
16978
16979
16980
16981
16984
16985
16986
16989
16990
16991
16993
16994
16995
16997
16998
17000
17001
17002
17003
17005
17006
17007
17008
17009
17011
17012
17013
17014
17015
17016
17017
17018
17019
17021
17022
17024
17025
17026
17028
17029
17030
17031
17035
17036
17038
17039
17040
17041
17042
17043
17044
17045
17046
17047
17048
17050
17051
17052
17053
17054
17055
17056
17057
17058
17059
17060
17061
17062
17063
17064
17065
17066
17067
17068
17069
17070
17071
17072
17073
17075
17076
17077
17078
17081
17083
17084
17085
17086
17087
17088
17089
17090
17091
17092
17093
17094
17095
17096
17097
17098
17099
17100
17101
17102
17103
17104
17105
17107
17108
17110
17111
17112
17113
17114
17115
17116
17117
17118
17119
17120
17121
17122
17123
17124
17127
17128
17129
17130
17131
17132
17133
17134
17135
17136
17137
17138
17140
17141
17142
17143
17144
17145
17146
17147
17150
17151
17152
17153
17154
17155
17156
17157
17158
17159
17160
17161
17162
17163
17164
17165
17166
17168
17169
17170
17171
17172
17173
17174
17175
17176
17177
17178
17179
17180
17181
17182
17183
17184
17185
17186
17187
17189
17190
17191
17192
17193
17194
17196
17197
17198
17199
17200
17202
17203
17204
17205
17206
17207
17208
17209
17210
17211
17212
17213
17214
17215
17217
17218
17219
17220
17222
17223
17224
17225
17226
17227
17228
17229
17230
17231
17233
17234
17235
17236
17238
17239
17240
17241
17242
17243
17244
17245
17246
17247
17248
17249
17250
17251
17252
17253
17254
17255
17258
17259
17261
17262
17263
17264
17265
17266
17267
17269
17270
17271
17272
17273
17274
17276
17277
17278
17279
17280
17281
17282
17283
17284
17285
17286
17287
17289
17290
17292
17294
17295
17296
17297
17298
17299
17300
17301
17302
17303
17304
17305
17306
17307
17308
17309
17310
17311
17312
17313
17314
17315
17316
17317
17318
17319
17320
17321
17322
17323
17324
17325
17326
17327
17328
17329
17330
17331
17332
17333
17334
17335
17336
17337
17338
17339
17340
17341
17342
17343
17344
17345
17346
17347
17348
17349
17350
17351
17352
17354
17355
17357
17358
17359
17360
17361
17362
17363
17364
17365
17366
17368
17369
17370
17371
17372
17373
17374
17375
17376
17377
17378
17380
17381
17382
17383
17384
17385
17386
17387
17388
17389
17390
17391
17392
17393
17394
17395
17396
17397
17398
17399
17400
17401
17402
17403
17404
17405
17406
17407
17408
17409
17410
17411
17413
17414
17415
17417
17418
17419
17420
17421
17422
17423
17424
17425
17426
17427
17428
17429
17430
17431
17432
17433
17434
17435
17436
17437
17438
17439
17440
17441
17442
17443
17444
17445
17447
17448
17449
17450
17451
17452
17453
17454
17455
17456
17457
17458
17460
17461
17462
17463
17465
17466
17467
17468
17469
17470
17471
17472
17473
17474
17475
17476
17477
17479
17480
17481
17482
17483
17485
17486
17487
17488
17489
17490
17491
17492
17493
17494
17495
17496
17497
17498
17499
17500
17501
17502
17503
17504
17505
17506
17507
17508
17509
17510
17511
17512
17513
17514
17515
17516
17517
17518
17519
17520
17521
17522
17523
17524
17525
17527
17528
17530
17532
17533
17534
17535
17536
17537
17538
17539
17540
17541
17542
17543
17544
17545
17546
17548
17551
17552
17553
17554
17555
17556
17557
17558
17559
17560
17561
17562
17563
17564
17565
17566
17567
17570
17571
17572
17573
17574
17575
17576
17577
17578
17579
17580
17581
17582
17583
17584
17585
17586
17587
17589
17590
17591
17592
17593
17594
17595
17596
17597
17598
17599
17600
17601
17602
17604
17605
17606
17607
17608
17609
17610
17612
17613
17614
17615
17616
17617
17618
17619
17620
17621
17622
17623
17624
17625
17626
17627
17629
17630
17631
17632
17633
17634
17635
17636
17637
17638
17639
17640
17642
17643
17644
17645
17646
17647
17648
17649
17650
17651
17652
17653
17654
17657
17658
17659
17660
17661
17662
17663
17664
17665
17667
17668
17669
17670
17671
17672
17673
17674
17675
17676
17677
17678
17679
17680
17681
17682
17683
17684
17685
17686
17687
17688
17689
17690
17691
17692
17693
17695
17697
17698
17699
17700
17701
17702
17703
17705
17706
17707
17708
17709
17710
17711
17713
17714
17715
17716
17717
17718
17719
17720
17721
17722
17723
17724
17725
17726
17727
17728
17729
17730
17731
17732
17733
17734
17735
17736
17737
17738
17739
17740
17741
17742
17744
17746
17747
17748
17749
17750
17751
17752
17753
17755
17756
17757
17758
17759
17760
17761
17762
17763
17765
17766
17767
17768
17769
17770
17771
17772
17773
17774
17775
17776
17777
17778
17779
17780
17781
17782
17783
17784
17786
17787
17788
17789
17790
17792
17794
17795
17796
17797
17798
17799
17800
17801
17804
17805
17806
17807
17808
17809
17810
17811
17812
17813
17814
17815
17816
17817
17818
17819
17820
17821
17822
17824
17825
17826
17827
17828
17829
17831
17832
17833
17834
17835
17836
17837
17838
17839
17840
17841
17842
17843
17844
17845
17847
17848
17849
17851
17852
17853
17854
17855
17856
17857
17858
17859
17860
17861
17862
17863
17864
17865
17867
17868
17869
17870
17871
17872
17873
17875
17876
17877
17878
17879
17880
17882
17883
17884
17885
17886
17887
17888
17889
17891
17892
17893
17894
17895
17897
17898
17899
17900
17901
17902
17903
17904
17905
17906
17909
17911
17912
17913
17914
17915
17916
17917
17918
17919
17920
17921
17922
17923
17924
17925
17926
17927
17928
17930
17933
17934
17935
17936
17937
17938
17939
17940
17941
17942
17943
17944
17945
17947
17950
17951
17952
17953
17954
17955
17956
17957
17958
17959
17960
17961
17962
17963
17964
17965
17966
17967
17969
17970
17971
17972
17973
17974
17975
17976
17977
17978
17979
17980
17981
17982
17984
17986
17987
17988
17990
17991
17992
17994
17995
17996
17997
17999
18000
18001
18002
18003
18004
18006
18007
18008
18009
18010
18011
18012
18013
18014
18015
18017
18018
18019
18021
18022
18023
18024
18025
18026
18028
18029
18030
18031
18032
18033
18034
18035
18036
18037
18038
18039
18040
18041
18042
18043
18044
18045
18046
18047
18048
18049
18050
18051
18052
18053
18054
18055
18056
18057
18058
18059
18060
18061
18062
18064
18065
18066
18067
18068
18069
18070
18071
18072
18074
18075
18076
18077
18079
18080
18081
18082
18083
18084
18085
18086
18087
18089
18090
18091
18092
18093
18094
18095
18096
18097
18098
18100
18101
18102
18103
18104
18105
18106
18107
18108
18109
18110
18112
18113
18114
18115
18116
18117
18119
18120
18121
18122
18123
18124
18125
18126
18127
18128
18129
18130
18131
18132
18133
18134
18135
18136
18137
18138
18139
18140
18142
18143
18144
18145
18146
18147
18148
18149
18151
18152
18153
18154
18155
18156
18157
18158
18159
18160
18161
18162
18163
18164
18165
18166
18167
18168
18169
18170
18171
18172
18174
18175
18176
18177
18178
18179
18181
18182
18183
18184
18185
18186
18187
18189
18190
18191
18192
18193
18195
18196
18197
18198
18199
18200
18201
18202
18203
18204
18205
18206
18207
18208
18209
18210
18211
18212
18213
18214
18215
18216
18217
18218
18219
18220
18221
18222
18223
18225
18226
18227
18228
18229
18230
18231
18232
18233
18234
18235
18236
18237
18238
18239
18240
18241
18242
18243
18244
18245
18246
18247
18248
18249
18251
18252
18253
18254
18255
18256
18257
18258
18259
18260
18261
18262
18263
18264
18265
18266
18267
18268
18269
18270
18271
18272
18274
18275
18276
18277
18278
18279
18280
18282
18283
18284
18285
18286
18287
18288
18289
18290
18291
18293
18295
18296
18297
18298
18299
18300
18302
18303
18304
18305
18306
18307
18308
18309
18310
18311
18312
18313
18314
18315
18316
18317
18318
18319
18320
18321
18322
18323
18324
18325
18326
18328
18329
18330
18331
18332
18333
18334
18335
18336
18337
18338
18339
18340
18341
18342
18343
18344
18345
18346
18347
18348
18349
18350
18351
18352
18353
18354
18355
18356
18357
18358
18359
18360
18361
18362
18363
18364
18366
18368
18369
18370
18371
18372
18373
18374
18375
18376
18377
18378
18379
18380
18381
18382
18383
18384
18385
18386
18389
18390
18391
18392
18394
18395
18396
18397
18398
18399
18400
18401
18402
18403
18404
18405
18406
18408
18409
18410
18412
18413
18414
18415
18416
18417
18419
18420
18421
18422
18423
18425
18426
18427
18428
18429
18430
18431
18432
18433
18434
18436
18437
18438
18439
18440
18441
18442
18443
18444
18445
18446
18447
18448
18449
18450
18451
18452
18453
18455
18456
18457
18458
18459
18460
18461
18462
18463
18464
18466
18467
18468
18469
18470
18471
18472
18474
18475
18476
18477
18478
18479
18480
18482
18483
18484
18485
18486
18487
18488
18489
18490
18491
18492
18493
18494
18496
18497
18498
18499
18500
18501
18502
18503
18504
18505
18506
18508
18509
18512
18513
18514
18515
18517
18518
18519
18520
18521
18522
18523
18524
18525
18526
18527
18528
18529
18531
18533
18534
18535
18536
18537
18538
18539
18540
18541
18542
18543
18544
18545
18546
18547
18548
18549
18550
18552
18553
18554
18555
18556
18557
18558
18559
18560
18561
18562
18563
18564
18566
18567
18568
18569
18570
18571
18572
18573
18574
18575
18576
18577
18578
18579
18580
18581
18582
18583
18584
18585
18586
18587
18588
18589
18590
18591
18592
18593
18594
18595
18596
18597
18598
18599
18600
18601
18602
18603
18604
18605
18606
18607
18608
18609
18610
18611
18612
18613
18615
18616
18617
18618
18619
18620
18621
18622
18623
18624
18625
18626
18627
18628
18629
18630
18631
18632
18633
18634
18635
18636
18637
18639
18640
18641
18642
18643
18644
18645
18646
18647
18648
18649
18650
18651
18652
18654
18655
18658
18660
18661
18663
18664
18665
18666
18667
18668
18669
18670
18672
18673
18674
18676
18677
18678
18679
18680
18681
18682
18683
18684
18685
18687
18688
18689
18690
18691
18692
18693
18694
18695
18697
18698
18699
18701
18702
18704
18705
18706
18708
18709
18710
18712
18713
18714
18715
18717
18718
18719
18720
18721
18722
18725
18726
18727
18728
18729
18730
18731
18733
18734
18735
18736
18738
18740
18742
18743
18744
18745
18746
18747
18749
18750
18751
18752
18753
18755
18756
18759
18760
18761
18764
18766
18767
18768
18769
18774
18776
18777
18778
18779
18780
18781
18782
18783
18784
18785
18786
18789
18790
18793
18794
18795
18796
18798
18800
18802
18803
18805
18806
18807
18809
18810
18811
18813
18814
18816
18817
18818
18819
18820
18821
18822
18824
18825
18826
18827
18828
18829
18830
18832
18833
18834
18836
18838
18839
18841
18843
18844
18845
18847
18849
18851
18852
18853
18855
18856
18857
18858
18860
18861
18862
18863
18864
18865
18866
18867
18868
18869
18870
18871
18872
18873
18874
18875
18877
18878
18879
18880
18881
18882
18883
18884
18886
18888
18889
18891
18892
18893
18894
18898
18900
18902
18907
18909
18914
18915
19038
19059
19061
19062
19064
19069
19070
19072
19113
19115
19124
19126
19183
19201
19216
19236
19248
19251
19253
19257
19267
19268
19269
19270
19271
19272
19273
19275
19375
19377
19380
19753
19755
19762
19789
19791
19797
19830
19901
19950
19976
20123
20125
20128