4
122
272
455
484
809
894
926
1350
1497
1854
1946
1952
1964
2248
2249
2250
2251
2252
2253
2254
2255
2256
2257
2258
2259
2260
2261
2262
2263
2264
2265
2266
2517
2518
3021
3028
3030
3032
3041
3430
4310
4480
4482
4485
4488
4490
4491
4495
4497
4498
4501
5490
7022
7032
7476
7484
7485
7486
7487
7488
7683
7688
7693
7694
7698
8334
8346
8349
8353
8366
8370
8375
8376
8382
8403
8418
8420
8478
8481
8483
8667
8799
8805
10109
10145
10468
10482
10902
11095
11255
11401
11419
11492
11545
11818
11819
11858
12419
12658
12870
13068
13224
13331
13362
13438
14255
14431
14660
15373
15383
15384
15406
15418
15450
15472
15485
15498
15506
15525
15530
15541
15542
15820
16092
16142
16544
16728
17113
18122
19027
19580
19583
19586
19588
19595