628
930
2151
2155
2158
2164
2166
2169
2173
2180
2192
2339
3060
3064
3066
4906
4951
5407
5411
6626
6627
6629
6634
6637
6642
6792
6825
6960
6964
6986
7207
8314
8584
8715
8718
9875
10154
10241
10252
10260
10307
10464
10474
10496
10512
10514
10535
10553
10602
10613
10627
10629
10659
10691
10702
10703
10724
10725
10729
10741
11667
11668
11670
11687
11690
11692
11693
11696
11750
11771
12544
12723
12848
13019
13147
13181
13186
13411
13500
13508
13587
13790
13930
14337
14340
14377
14378
14379
14380
14382
14383
14384
14385
14386
14387
14388
14389
14390
14391
14392
14393
14394
14395
14396
14593
14673
14993
15947
18977
18983
18987
18993
18995
19002
19477
19482