36
45
58
94
97
135
160
162
170
197
353
463
557
654
669
699
704
721
735
745
773
811
841
842
868
881
888
889
892
951
1043
1047
1226
1237
1242
1497
1632
1638
1655
1800
1806
1892
1917
1959
2110
2116
2258
2328
2350
2460
2474
2485
2559
2610
2611
2626
2631
2633
2655
2657
2670
2673
2676
2677
2678
2693
2707
2716
2732
2747
2766
2776
2809
2849
2872
2955
2997
3193
3200
3210
3222
3346
3455
3483
3546
3556
3991
4129
4367
4438
4842
4871
4934
4993
4997
5282
5394
5395
5423
5682
5780
5977
6301
6364
6405
6406
6410
6418
6668
6733
6798
6804
6925
7084
7245
7270
7339
7345
7458
7503
7505
7586
7609
7713
7991
8029
8324
8325
8326
8448
8467
8471
8480
8483
8491
8504
8521
8553
8610
8621
8627
8630
8913
8944
9008
9413
9424
9494
9690
9758
9760
9876
9927
9929
9932
9943
10062
10151
10457
10628
10743
10757
10886
10899
10902
10963
11041
11091
11192
11234
11261
11278
11321
11327
11332
11378
11398
11409
11411
11416
11421
11570
11625
11668
11710
11713
11741
11752
11870
11880
12226
12233
12246
12366
12394
12454
12482
12532
12651
12668
12680
12684
12692
12824
12832
12861
12903
12942
12994
13001
13154
13200
13289
13411
13469
13474
13493
13593
13609
13611
13795
13842
14188
14207
14284
14336
14407
14953
15005
15467
15625
15857
15941
15980
16099
16133
16170
16293
16677
16814
16952
17098
17453
17480
17487
17544
17675
17852
18002
18108
18145
18398
18528
18534
18628
19032
19068
19071
19385
19386
19830
20056
20060
20079
20195
20209