570
951
952
1103
1134
1138
1235
1236
1239
1385
1450
1524
1611
2008
2054
2318
4533
4599
4615
4620
4622
4626
4629
4636
4639
4657
4664
4666
4673
4678
4683
4685
4700
4754
4757
4760
4761
4763
4779
4784
4787
4799
4801
4809
4939
5061
5143
5182
5590
5596
5997
6217
6627
6733
7491
7716
7723
7727
7731
7732
7734
7877
8027
8522
9853
9892
10029
10129
10131
10135
11083
11085
11086
11087
11089
11090
11091
11672
11673
11678
11680
11681
11937
11939
12382
12444
12488
12582
12598
12630
12659
12718
12750
12778
12790
12806
12847
12938
12946
12955
12985
12991
13113
13206
13299
13406
13499
14296
14519
14593
14595
14623
14627
14769
14860
15038
15141
15434
15618
15619
15822
15823
15963
15965
15972
16247
16250
16256
16257
16258
16276
16468
16543
16593
16862
16866
16873
16877
16889
16892
16906
16919
16927
16928
16937
16940
16943
16945
16948
16953
16960
16963
16970
16973
16978
16987
16994
17001
17005
17007
17008
17025
17026
17032
17035
17045
17069
17073
17082
17091
17097
17109
17116
17119
17129
17136
17138
17164
17168
17170
17175
17187
17192
17193
17197
17201
17211
17214
17224
17234
17239
17246
17263
17268
17274
17280
17293
17298
17300
17315
17316
17317
17323
17324
17349
17351
17361
17364
17366
17369
17372
17378
17382
17386
17391
17398
17400
17402
17410
17414
17418
17434
17447
17453
17455
17456
17465
17466
17475
17483
17490
17521
17525
17526
17528
17529
17530
17540
17545
17550
17552
17554
17561
17577
17580
17589
17598
17610
17618
17622
17647
17648
17651
17663
17667
17668
17672
17682
17684
17686
17697
17703
17704
17707
17722
17727
17733
17748
17751
17758
17769
17771
17776
17780
17787
17792
17798
17804
17806
17812
17819
17822
17825
17827
17832
17835
17836
17840
17849
17859
17868
17881
17888
17901
17910
17913
17914
17924
17925
17944
17948
17950
17956
17963
17964
17966
17969
17976
17978
17988
17993
17994
18000
18008
18010
18035
18039
18042
18049
18065
18067
18081
18093
18099
18102
18106
18114
18120
18123
18128
18137
18141
18146
18151
18172
18176
18187
18205
18209
18232
18234
18235
18238
18244
18253
18255
18264
18291
18294
18306
18307
18313
18326
18327
18340
18341
18353
18363
18377
18378
18380
18387
18389
18390
18396
18398
18401
18403
18404
18406
18430
18437
18438
18444
18454
18455
18457
18461
18462
18463
18467
18475
18495
18497
18504
18514
18517
18523
18526
18547
18548
18553
18558
18561
18564
18577
18579
18594
18595
18600
18602
18605
18606
18618
18621
18626
18654
18705
18710
18719
18767
18788
18799
18810
18827
18839
18894