593
594
595
596
597
600
602
603
610
611
615
616
617
619
620
624
625
626
629
631
633
634
635
637
639
642
643
644
730
1827
2192
2945
3913
4140
4519
4523
4524
4905
4931
6765
6900
6952
6953
7042
7130
7141
7184
7383
8304
8305
8309
8314
8315
8317
8322
8331
8352
8585
9593
9637
9648
9649
9657
9665
10111
10152
10160
10161
10168
10172
10176
10178
10179
10180
10181
10182
10185
10187
10190
10191
10193
10195
10197
10198
10199
10200
10202
10205
10207
10209
10219
10226
10229
10231
10232
10234
10236
10237
10238
10239
10242
10244
10247
10248
10249
10250
10252
10254
10255
10258
10259
10261
10262
10264
10266
10269
10270
10273
10276
10281
10284
10285
10286
10288
10290
10294
10295
10300
10303
10305
10307
10312
10315
10317
10319
10321
10323
10326
10328
10330
10331
10337
10338
10342
10343
10344
10351
10354
10357
10359
10360
10361
10362
10363
10367
10368
10371
10375
10377
10378
10379
10380
10382
10383
10384
10385
10386
10387
10390
10391
10394
10395
10398
10399
10402
10404
10407
10409
10410
10411
10412
10413
10417
10423
10437
10438
10439
10441
10449
10451
10454
10456
10457
10460
10464
10466
10467
10471
10477
10479
10480
10482
10484
10486
10487
10488
10490
10493
10496
10499
10508
10510
10511
10512
10513
10517
10518
10520
10522
10524
10526
10533
10534
10535
10538
10539
10540
10541
10543
10546
10547
10549
10552
10554
10557
10559
10563
10568
10570
10572
10574
10575
10576
10581
10582
10584
10592
10593
10595
10596
10603
10611
10614
10615
10616
10617
10623
10625
10632
10634
10635
10637
10639
10642
10643
10644
10645
10646
10651
10652
10655
10659
10662
10664
10665
10668
10669
10671
10676
10680
10686
10691
10696
10698
10699
10700
10706
10707
10708
10709
10710
10714
10718
10719
10720
10724
10727
10728
10734
10736
10741
10745
10746
10747
10748
10749
10750
10753
10754
10755
10756
11196
11307
11334
11378
12409
12721
12833
13101