0
1
13
57
58
61
73
90
106
115
118
123
126
129
149
156
163
208
219
241
246
247
252
275
277
284
294
303
331
338
343
355
364
370
408
436
447
453
459
460
473
475
489
498
502
510
519
525
526
551
574
596
601
611
612
618
622
624
646
655
656
657
660
664
665
668
674
676
677
678
690
694
696
699
702
703
708
709
711
713
714
716
721
722
723
724
725
726
731
735
738
742
747
749
751
752
755
764
765
766
767
773
777
778
779
783
787
789
792
794
799
803
805
806
808
809
812
813
815
817
820
821
823
824
827
830
837
838
840
843
845
848
849
850
852
854
856
857
862
864
865
868
870
873
874
875
876
881
882
884
885
888
890
892
893
894
896
897
900
904
905
906
911
912
915
919
920
922
927
937
938
959
1087
1129
1132
1136
1177
1211
1214
1234
1239
1247
1251
1259
1276
1287
1295
1305
1353
1382
1405
1435
1467
1599
1701
1721
1763
1793
1805
1808
1812
1813
1834
1859
1865
1871
1873
1879
1939
2004
2050
2051
2058
2074
2126
2152
2229
2232
2239
2241
2286
2287
2288
2290
2310
2318
2336
2345
2525
2577
2602
2616
2622
2657
2667
2676
2686
2702
2707
2746
2763
2766
2789
2809
2810
2824
2828
2888
2987
2993
3000
3162
3189
3192
3205
3207
3210
3220
3261
3276
3279
3286
3288
3311
3326
3329
3356
3368
3369
3373
3400
3403
3427
3436
3437
3501
3503
3518
3536
3545
3551
3565
3576
3582
3585
3597
3603
3605
3616
3637
3656
3664
3696
3718
3730
3731
3795
3797
3801
3803
3823
3826
3838
3866
3901
3917
3920
3931
3932
3957
3962
3977
4028
4030
4038
4057
4129
4132
4157
4163
4205
4229
4237
4290
4302
4305
4386
4387
4434
4435
4438
4447
4451
4454
4467
4470
4622
4650
4654
4678
4679
4688
4704
4717
4725
4733
4802
4808
4816
4887
4896
4940
5035
5039
5117
5132
5140
5231
5242
5248
5257
5352
5368
5376
5390
5440
5467
5487
5495
5496
5498
5561
5620
5644
5699
5756
5790
5976
6062
6067
6073
6075
6102
6118
6134
6140
6283
6305
6363
6364
6370
6380
6427
6429
6433
6658
6674
6733
6750
6766
6770
6771
6787
6807
6868
6872
6879
6882
6883
6892
6898
6899
6904
6920
6927
6929
6943
6946
6951
6953
6962
6976
6986
6994
6997
6998
7000
7007
7019
7020
7027
7030
7034
7042
7045
7052
7069
7071
7082
7083
7084
7091
7094
7099
7104
7106
7107
7124
7134
7142
7145
7153
7154
7167
7168
7169
7170
7185
7202
7205
7223
7225
7227
7229
7240
7243
7326
7335
7340
7341
7342
7351
7365
7391
7407
7463
7536
7537
7569
7570
7573
7608
7612
7666
7733
7972
7994
7995
7997
8002
8004
8005
8007
8008
8009
8010
8012
8014
8015
8017
8268
8298
8299
8316
8352
8368
8396
8420
8421
8480
8500
8504
8553
8571
8597
8601
8603
8699
8721
8722
8723
8726
8729
8735
8736
8739
8742
8743
8744
8745
8746
8751
8752
8755
8819
8821
8830
8839
8845
8856
8980
8981
9076
9156
9313
9317
9324
9341
9350
9351
9378
9381
9397
9501
9502
9505
9621
9625
9666
9699
9700
9701
9713
9871
9873
9874
9876
9877
9920
9921
9925
9926
9928
9930
9934
9935
9944
9948
9949
9951
9952
9954
10020
10028
10032
10039
10097
10103
10148
10154
10175
10177
10178
10179
10180
10188
10190
10194
10196
10214
10216
10221
10223
10226
10228
10229
10234
10240
10254
10260
10262
10267
10273
10282
10295
10312
10313
10319
10322
10327
10331
10343
10350
10355
10362
10365
10369
10384
10388
10389
10392
10413
10430
10431
10440
10453
10456
10463
10468
10470
10474
10478
10483
10486
10498
10500
10507
10508
10512
10513
10517
10520
10564
10567
10585
10602
10613
10619
10625
10633
10649
10653
10656
10667
10675
10678
10693
10708
10721
10725
10726
10927
10990
11086
11089
11093
11095
11107
11127
11135
11138
11150
11165
11167
11168
11184
11186
11198
11203
11210
11214
11215
11222
11223
11224
11226
11231
11234
11241
11242
11248
11251
11255
11259
11264
11268
11271
11274
11275
11278
11289
11293
11297
11300
11303
11304
11306
11307
11313
11315
11329
11330
11333
11335
11341
11347
11350
11351
11355
11356
11360
11369
11370
11371
11373
11377
11378
11384
11385
11389
11391
11393
11396
11398
11402
11405
11408
11409
11412
11413
11416
11421
11423
11425
11428
11429
11432
11435
11438
11445
11447
11449
11450
11452
11460
11463
11466
11467
11471
11474
11477
11486
11489
11491
11493
11494
11495
11497
11498
11499
11500
11501
11505
11507
11509
11519
11521
11524
11539
11541
11542
11544
11545
11549
11550
11553
11555
11556
11558
11559
11560
11565
11567
11568
11570
11571
11657
11668
11736
11816
11862
11929
12207
12254
12257
12270
12365
12385
12424
12444
12461
12501
12583
12585
12774
12778
12830
12861
12863
12922
12966
12991
13008
13017
13023
13033
13059
13114
13120
13195
13206
13281
13325
13353
13362
13387
13441
13474
13485
13501
13532
13539
13580
13611
13620
13713
13783
13927
13930
14042
14227
14230
14273
14276
14277
14278
14280
14282
14295
14328
14331
14336
14338
14417
14433
14440
14444
14458
14518
14522
14599
14606
14648
14652
14655
14701
14772
14793
14794
14874
14875
14887
14893
14908
14938
14952
14953
14968
14969
15125
15162
15171
15195
15201
15204
15207
15217
15287
15288
15290
15291
15292
15411
15427
15429
15439
15440
15465
15487
15495
15496
15504
15520
15529
15541
15552
15573
15580
15589
15590
15593
15613
15618
15620
15693
15696
15708
15714
15715
15722
15737
15744
15745
15755
15757
15758
15762
15764
15772
15792
15795
15819
15823
15824
15826
15828
15832
15934
15936
15940
16000
16094
16109
16189
16213
16214
16216
16228
16235
16253
16266
16274
16287
16716
16717
16778
16779
16787
16790
16807
16809
16813
16818
16819
16821
16823
16860
16889
16890
16902
16928
16947
16978
16979
16990
17006
17013
17044
17050
17057
17067
17071
17083
17097
17106
17125
17134
17158
17161
17165
17187
17196
17207
17208
17211
17216
17224
17303
17317
17343
17358
17369
17371
17372
17385
17396
17413
17418
17421
17429
17434
17439
17482
17486
17506
17517
17532
17535
17589
17596
17597
17599
17608
17633
17656
17688
17697
17720
17726
17730
17736
17742
17748
17751
17764
17774
17792
17797
17832
17844
17849
17857
17860
17861
17863
17881
17914
17938
17942
17964
17965
17978
18002
18005
18009
18014
18021
18028
18036
18063
18074
18102
18108
18111
18124
18128
18177
18182
18191
18193
18218
18227
18235
18244
18246
18275
18277
18278
18282
18312
18320
18341
18377
18380
18382
18388
18396
18398
18462
18483
18520
18525
18526
18538
18541
18566
18582
18595
18675
18690
18720
18724
18753
18770
18827
18868
18886
18890
18975
19018
19021
19028
19040
19045
19046
19047
19050
19060
19081
19083
19096
19103
19107
19183
19201
19222
19405
19407
19410
19425
19430
19480
19501
19502
19503
19609
19613
19617
19618
19621
19624
19629
19643
19651
19653
19659
19661
19664
19665
19668
19670
19674
19677
19681
19684
19685
19687
19689
19694
19695
19696
19697
19924
19941
19943
20001
20013
20122
20138
20159
20160