556
571
576
3233
3453
4415
4830
5427
5433
5439
5459
5581
5582
5696
6245
6569
6579
6581
6582
6583
6586
7227
7705
7838
8188
8349
8361
9272
9287
9292
9312
9728
9729
9731
9732
9734
9777
9890
10092
10818
12078
12322
12332
12360
12384
12462
12653
12663
12679
12696
12724
12747
12858
13026
13058
13364
13377
13407
13624
13762
13813
13921
14146
14636
15023
15226
15227
15235
15240
15241
15243
15251
15253
15257
15260
15261
15266
15269
15271
15530
15676
15681
16117
16120
16121
16123
16124
19451
19464
19882
19884
19885
19886
19887
20206
20207
20209