561
562
574
1237
1262
1297
1304
1414
1809
1840
1939
2358
3057
3062
3071
3090
3287
4233
4283
4284
4285
4286
4287
4288
4289
4290
4601
4626
4635
4639
4693
4696
4718
4768
4776
4968
4973
4983
5126
5132
5583
6191
6227
7552
7752
7954
7956
8015
8421
8439
8443
8449
8450
8454
8455
8457
8460
8467
8471
8473
8475
8481
8487
8516
8591
8718
9026
9492
9701
10069
10143
10989
11110
11681
11901
12211
12357
12359
12363
12372
12389
12411
12442
12447
12455
12468
12488
12525
12537
12539
12555
12595
12599
12633
12646
12676
12687
12727
12771
12836
12845
12894
12896
12909
12918
12931
12936
12962
13232
13633
13684
13712
13835
14186
14430
14622
14627
14822
14937
14997
15003
15008
15048
15064
15122
15429
15440
15454
15603
15618
15819
15962
16685
16799
16877
16899
16915
16920
16936
16945
16946
16964
16968
16970
16972
16979
16993
17007
17015
17036
17077
17084
17093
17104
17109
17146
17147
17155
17157
17162
17176
17179
17184
17191
17192
17198
17200
17201
17204
17212
17217
17218
17238
17248
17258
17260
17262
17300
17301
17304
17308
17323
17324
17328
17334
17341
17344
17350
17372
17383
17388
17400
17403
17404
17406
17415
17421
17438
17451
17470
17493
17504
17506
17510
17533
17541
17543
17548
17579
17581
17599
17610
17615
17625
17644
17648
17649
17650
17657
17673
17690
17708
17724
17727
17728
17733
17735
17737
17745
17746
17748
17766
17775
17793
17798
17799
17801
17808
17812
17821
17823
17834
17862
17866
17868
17869
17877
17879
17893
17903
17907
17921
17944
17961
17991
18023
18037
18040
18041
18042
18050
18051
18055
18065
18075
18077
18086
18093
18094
18095
18100
18106
18117
18122
18126
18131
18152
18153
18160
18166
18178
18196
18197
18216
18220
18229
18248
18252
18254
18257
18264
18265
18269
18278
18288
18295
18303
18311
18312
18324
18329
18337
18344
18345
18351
18387
18389
18391
18395
18405
18422
18430
18431
18437
18442
18444
18450
18455
18456
18464
18477
18480
18497
18499
18512
18520
18550
18553
18557
18577
18579
18594
18604
18606
18616
18739
18921
19070
19072
19144
19184
19322
19491
19492
19493
19495
19496