0
1
3
4
300
305
552
553
556
561
567
568
570
574
576
578
581
582
648
649
930
932
946
947
949
950
955
956
957
958
960
962
976
978
1001
1003
1009
1020
1023
1025
1026
1027
1037
1040
1043
1044
1045
1048
1050
1058
1060
1061
1063
1072
1078
1084
1085
1086
1087
1089
1090
1092
1093
1094
1097
1098
1099
1100
1102
1104
1105
1106
1107
1108
1109
1110
1111
1112
1113
1114
1115
1116
1117
1118
1119
1120
1122
1123
1124
1126
1130
1131
1133
1134
1135
1136
1138
1139
1140
1141
1143
1144
1145
1146
1147
1148
1149
1150
1151
1152
1153
1155
1156
1157
1158
1159
1161
1162
1164
1165
1166
1167
1168
1169
1170
1173
1174
1175
1176
1177
1179
1180
1181
1182
1183
1184
1185
1187
1190
1191
1192
1193
1194
1198
1199
1200
1201
1204
1205
1233
1235
1236
1237
1238
1239
1240
1245
1246
1254
1255
1256
1258
1259
1266
1271
1272
1273
1274
1278
1280
1285
1286
1287
1290
1292
1299
1302
1304
1306
1307
1317
1319
1321
1322
1323
1324
1325
1326
1327
1331
1333
1334
1336
1337
1341
1343
1345
1346
1347
1350
1353
1354
1355
1356
1357
1358
1359
1360
1361
1362
1363
1364
1368
1370
1371
1373
1374
1375
1378
1382
1385
1387
1388
1390
1391
1392
1393
1395
1396
1397
1398
1399
1401
1404
1414
1429
1431
1436
1437
1447
1463
1469
1487
1488
1489
1490
1492
1493
1494
1495
1496
1497
1498
1499
1500
1501
1502
1503
1511
1518
1520
1522
1524
1527
1531
1533
1534
1536
1539
1540
1541
1542
1545
1546
1547
1549
1550
1553
1557
1561
1569
1572
1573
1576
1578
1580
1582
1583
1587
1588
1589
1593
1596
1597
1599
1604
1606
1609
1611
1614
1617
1618
1619
1620
1625
1626
1627
1629
1633
1636
1639
1643
1649
1651
1661
1662
1663
1666
1683
1684
1688
1690
1691
1692
1695
1699
1700
1701
1702
1703
1704
1705
1706
1707
1708
1709
1710
1711
1712
1713
1714
1715
1717
1718
1719
1720
1722
1723
1724
1725
1726
1727
1729
1730
1731
1733
1734
1735
1739
1740
1741
1742
1744
1745
1746
1748
1749
1750
1752
1753
1755
1757
1759
1760
1761
1762
1763
1765
1766
1767
1769
1771
1772
1773
1776
1777
1781
1782
1783
1785
1786
1787
1790
1794
1795
1799
1800
1801
1805
1809
1810
1816
1818
1821
1824
1837
1838
1839
1840
1841
1842
1843
1844
1845
1846
1848
1850
1851
1853
1854
1866
1867
1870
1872
1873
1874
1876
1877
1889
1895
1899
1960
2002
2003
2006
2007
2010
2017
2018
2019
2020
2021
2023
2025
2026
2027
2029
2030
2037
2038
2039
2040
2042
2043
2048
2052
2054
2062
2063
2065
2066
2080
2085
2086
2092
2093
2095
2097
2098
2100
2101
2102
2103
2104
2105
2106
2107
2109
2113
2114
2115
2117
2118
2122
2125
2127
2128
2129
2132
2133
2135
2139
2141
2142
2143
2144
2145
2146
2147
2151
2152
2153
2155
2156
2160
2163
2164
2168
2170
2171
2172
2175
2178
2180
2182
2183
2185
2187
2188
2193
2195
2197
2198
2199
2204
2208
2212
2213
2216
2248
2250
2252
2253
2254
2255
2256
2257
2259
2260
2261
2262
2263
2265
2266
2271
2273
2277
2289
2291
2302
2303
2309
2310
2314
2326
2329
2333
2334
2336
2338
2339
2340
2341
2346
2350
2351
2354
2355
2364
2367
2368
2369
2373
2374
2376
2377
2379
2381
2382
2388
2389
2390
2393
2394
2395
2401
2403
2404
2405
2406
2409
2410
2415
2416
2418
2419
2420
2421
2422
2423
2424
2425
2428
2437
2461
2464
2471
2472
2487
2502
2503
2504
2508
2510
2517
2518
2519
2524
2526
2528
2531
2532
2951
3020
3021
3022
3023
3024
3025
3026
3029
3030
3032
3033
3034
3035
3036
3037
3038
3039
3040
3041
3042
3043
3044
3045
3048
3050
3053
3054
3055
3056
3057
3058
3059
3060
3061
3062
3063
3064
3065
3066
3067
3068
3069
3070
3071
3072
3074
3075
3076
3079
3080
3086
3087
3088
3090
3093
3099
3103
3106
3107
3111
3114
3124
3126
3135
3139
3140
3145
3146
3148
3155
3160
3163
3165
3167
3172
3175
3182
3428
3616
3684
3779
3925
4033
4054
4092
4210
4230
4231
4232
4233
4235
4236
4237
4238
4239
4240
4241
4242
4243
4245
4246
4254
4255
4256
4258
4260
4280
4281
4282
4283
4287
4289
4291
4292
4302
4303
4304
4305
4307
4308
4310
4311
4313
4316
4317
4323
4328
4330
4334
4336
4338
4340
4341
4349
4350
4351
4368
4373
4376
4382
4383
4384
4385
4386
4387
4391
4394
4396
4398
4402
4406
4407
4408
4409
4411
4412
4413
4414
4422
4425
4480
4483
4486
4489
4491
4492
4494
4495
4496
4497
4498
4502
4504
4505
4506
4510
4512
4513
4515
4518
4522
4527
4530
4558
4562
4566
4571
4582
4593
4595
4596
4597
4599
4601
4604
4606
4620
4621
4622
4626
4627
4629
4630
4633
4634
4635
4636
4638
4639
4642
4654
4655
4656
4658
4660
4662
4664
4666
4671
4672
4673
4674
4675
4676
4677
4680
4681
4688
4690
4691
4696
4704
4709
4717
4718
4719
4720
4722
4723
4725
4733
4739
4743
4744
4745
4746
4748
4754
4755
4760
4761
4765
4766
4767
4768
4771
4772
4776
4777
4779
4784
4789
4791
4793
4796
4799
4803
4805
4807
4808
4815
4820
4821
4822
4823
4824
4825
4826
4827
4828
4829
4830
4831
4832
4833
4834
4835
4838
4839
4854
4858
4860
4861
4862
4864
4870
4872
4875
4876
4877
4880
4881
4884
4886
4889
4894
4895
4896
4897
4900
4902
4903
4905
4906
4907
4908
4910
4911
4912
4935
4939
4940
4944
4947
4948
4949
4950
4951
4956
4957
4958
4959
4961
4962
4966
4967
4973
4979
4983
4985
4986
4993
4994
4996
4997
5000
5013
5017
5020
5021
5022
5023
5024
5025
5030
5031
5032
5034
5035
5039
5041
5043
5059
5061
5069
5073
5085
5087
5092
5093
5094
5097
5098
5106
5109
5110
5112
5113
5114
5116
5143
5145
5146
5147
5150
5152
5153
5155
5156
5158
5159
5161
5162
5163
5164
5165
5166
5167
5168
5169
5170
5171
5173
5174
5175
5176
5177
5178
5180
5181
5182
5183
5184
5185
5186
5187
5188
5189
5190
5191
5192
5193
5194
5196
5197
5198
5199
5200
5201
5202
5203
5204
5220
5221
5224
5233
5236
5238
5240
5241
5244
5248
5251
5257
5261
5262
5263
5265
5267
5268
5271
5275
5277
5286
5297
5308
5311
5312
5316
5318
5320
5321
5322
5323
5325
5326
5327
5328
5329
5330
5333
5334
5335
5336
5337
5339
5344
5346
5350
5366
5374
5379
5387
5390
5391
5396
5397
5398
5399
5400
5403
5404
5405
5406
5409
5410
5411
5412
5419
5422
5423
5424
5425
5446
5447
5449
5453
5458
5468
5471
5481
5532
5541
5543
5551
5561
5566
5580
5581
5582
5583
5584
5585
5588
5589
5599
5618
5619
5620
5629
5642
5645
5646
5647
5648
5649
5651
5652
5653
5655
5657
5659
5661
5662
5663
5668
5669
5671
5684
5689
5694
5696
5701
5710
5723
5775
5782
5785
5789
5791
5800
5804
5836
5889
5893
5894
5895
5899
5900
5902
5906
5907
5908
5914
5916
5917
5918
5919
5921
5924
5925
5926
5929
5932
5935
5936
5937
5941
5943
5954
5958
5972
5973
5981
6008
6032
6047
6074
6082
6093
6104
6130
6149
6153
6154
6155
6159
6160
6162
6164
6167
6169
6170
6171
6172
6173
6175
6176
6177
6178
6179
6180
6181
6182
6183
6184
6185
6186
6188
6196
6200
6212
6217
6219
6220
6222
6227
6229
6231
6233
6234
6245
6249
6252
6253
6283
6294
6303
6323
6326
6336
6350
6372
6378
6379
6389
6398
6399
6402
6404
6408
6415
6416
6419
6421
6461
6506
6507
6508
6510
6511
6512
6513
6514
6515
6516
6518
6520
6521
6522
6524
6525
6526
6527
6528
6530
6531
6535
6536
6540
6559
6560
6562
6563
6564
6565
6569
6570
6575
6576
6578
6581
6585
6586
6591
6598
6603
6606
6607
6608
6609
6611
6612
6615
6618
6620
6621
6624
6625
6626
6627
6628
6629
6630
6632
6633
6635
6636
6637
6638
6640
6642
6643
6648
6655
6656
6658
6659
6663
6665
6666
6669
6670
6672
6674
6676
6682
6687
6717
6720
6722
6725
6726
6727
6735
6752
6817
6818
6821
6822
6823
6825
6826
6831
6833
6834
6836
6838
6839
6840
6841
7172
7173
7215
7258
7260
7264
7265
7267
7269
7271
7274
7280
7282
7291
7304
7307
7359
7363
7369
7371
7372
7377
7388
7395
7397
7403
7412
7421
7423
7429
7436
7441
7442
7443
7444
7445
7446
7447
7448
7453
7455
7462
7475
7476
7477
7478
7480
7481
7482
7483
7484
7485
7486
7488
7489
7490
7492
7493
7495
7498
7500
7501
7503
7504
7505
7506
7509
7510
7512
7513
7516
7517
7518
7519
7520
7521
7523
7524
7539
7541
7542
7547
7552
7559
7561
7562
7563
7568
7587
7589
7592
7601
7605
7606
7616
7617
7618
7620
7623
7624
7625
7627
7628
7629
7630
7631
7632
7650
7653
7655
7658
7660
7663
7664
7665
7667
7668
7669
7670
7674
7677
7681
7684
7686
7687
7688
7689
7691
7693
7694
7696
7698
7710
7714
7717
7718
7719
7720
7722
7723
7725
7727
7728
7729
7730
7732
7734
7745
7747
7750
7752
7753
7754
7755
7756
7757
7758
7759
7788
7812
7832
7867
7871
7872
7875
7876
7882
7884
7885
7886
7887
7888
7889
7890
7891
7892
7893
7894
7895
7896
7897
7898
7899
7905
7906
7907
7908
7909
7910
7918
7929
7931
7932
7933
7934
7935
7937
7938
7940
7944
7951
7952
7953
7954
7955
7956
7957
7958
7959
7960
7961
7969
7970
7971
7973
7976
7979
7986
7989
7992
7995
7997
8000
8001
8002
8003
8006
8007
8010
8011
8017
8018
8023
8024
8025
8027
8028
8029
8030
8032
8033
8034
8035
8036
8039
8041
8044
8082
8131
8139
8153
8174
8189
8232
8235
8236
8237
8250
8252
8253
8254
8255
8258
8259
8264
8266
8267
8274
8275
8279
8324
8333
8346
8361
8363
8366
8378
8385
8404
8407
8432
8435
8436
8437
8491
8494
8510
8512
8513
8515
8518
8520
8521
8526
8534
8535
8536
8538
8541
8547
8550
8551
8568
8573
8575
8578
8580
8581
8582
8584
8591
8592
8596
8599
8606
8617
8618
8619
8638
8640
8643
8645
8653
8661
8667
8668
8672
8677
8680
8681
8682
8694
8697
8704
8712
8713
8714
8715
8716
8717
8718
8719
8739
8747
8757
8758
8761
8763
8766
8770
8771
8772
8773
8775
8777
8778
8780
8781
8782
8785
8788
8790
8793
8794
8797
8809
8815
8827
8855
8859
8861
8872
8875
8878
8879
8882
8889
8890
8891
8893
8897
8902
8903
8904
8905
8906
8907
8909
8910
8911
8913
8914
8916
8918
8919
8921
8937
8946
8952
8954
8955
8956
8957
8958
8959
8960
8963
8966
8970
8973
8975
8976
8980
8986
8991
8993
9006
9026
9077
9116
9118
9126
9185
9198
9297
9318
9320
9339
9382
9399
9408
9409
9423
9436
9440
9442
9443
9452
9453
9454
9459
9461
9466
9468
9470
9471
9473
9474
9476
9477
9490
9492
9493
9495
9496
9498
9507
9515
9539
9561
9570
9599
9612
9641
9664
9669
9672
9680
9699
9701
9704
9707
9730
9747
9755
9756
9761
9763
9764
9765
9766
9767
9774
9781
9788
9789
9790
9792
9793
9794
9795
9796
9797
9799
9800
9801
9804
9806
9807
9809
9811
9812
9821
9822
9824
9826
9828
9835
9839
9840
9869
9884
9890
9894
9903
9904
9913
9916
9929
9931
9937
9939
9945
9947
9960
9961
9965
9967
9980
9981
9983
10011
10013
10014
10020
10023
10030
10035
10036
10039
10049
10052
10053
10061
10065
10067
10074
10078
10079
10080
10099
10110
10119
10125
10126
10128
10130
10131
10132
10136
10139
10140
10141
10142
10144
10146
10157
10209
10221
10268
10542
10560
10598
10608
10742
10762
10764
10765
10766
10767
10769
10770
10771
10773
10775
10777
10781
10783
10784
10785
10786
10789
10790
10792
10794
10796
10801
10804
10849
10853
10862
10863
10864
10865
10866
10868
10869
10870
10872
10873
10874
10875
10878
10879
10882
10884
10893
10898
10902
10903
10907
10908
10909
10911
10918
10919
10932
10933
10935
10936
10937
10950
10957
10958
10959
10960
10961
10962
10977
10978
10981
10986
10987
10989
10998
10999
11000
11001
11002
11003
11008
11009
11010
11023
11025
11040
11049
11057
11073
11074
11075
11076
11080
11084
11085
11088
11127
11359
11398
11418
11433
11468
11514
11528
11534
11539
11544
11548
11550
11555
11561
11568
11570
11574
11575
11579
11580
11581
11587
11606
11607
11611
11616
11619
11624
11627
11628
11629
11631
11650
11661
11662
11663
11664
11665
11666
11667
11668
11669
11670
11671
11672
11673
11675
11676
11677
11678
11680
11681
11682
11683
11684
11685
11686
11687
11688
11689
11690
11691
11692
11693
11694
11695
11696
11707
11709
11711
11712
11713
11714
11715
11716
11717
11718
11719
11720
11721
11722
11724
11725
11727
11729
11731
11732
11739
11742
11743
11745
11746
11748
11749
11750
11752
11753
11766
11768
11769
11770
11771
11775
11776
11777
11778
11789
11796
11798
11799
11803
11810
11814
11816
11818
11819
11820
11821
11822
11823
11827
11829
11836
11837
11843
11856
11857
11858
11865
11873
11874
11876
11881
11886
11887
11888
11889
11897
11901
11903
11906
11907
11908
11910
11911
11912
11913
11914
11916
11922
11923
11924
11926
11927
11928
11929
11930
11932
11936
11940
11955
11967
12020
12021
12027
12028
12029
12031
12033
12034
12036
12044
12054
12065
12083
12086
12088
12098
12100
12103
12168
12170
12175
12180
12190
12196
12197
12198
12199
12203
12204
12207
12208
12214
12215
12216
12217
12218
12219
12222
12225
12227
12228
12231
12232
12233
12235
12236
12238
12239
12240
12242
12245
12246
12247
12249
12250
12253
12256
12259
12261
12267
12269
12280
12290
12296
12305
12309
12312
12314
12319
12325
12326
12333
12339
12342
12344
12345
12349
12352
12355
12356
12357
12359
12361
12363
12367
12372
12374
12377
12379
12386
12388
12396
12400
12413
12414
12415
12416
12417
12418
12419
12420
12425
12429
12433
12437
12444
12445
12447
12448
12451
12452
12455
12457
12459
12463
12466
12468
12479
12487
12492
12494
12499
12500
12505
12508
12514
12517
12525
12528
12529
12534
12535
12541
12544
12546
12547
12549
12550
12551
12552
12554
12555
12557
12558
12562
12563
12566
12568
12569
12570
12571
12578
12582
12585
12592
12594
12595
12598
12599
12600
12601
12602
12609
12616
12617
12626
12634
12636
12638
12641
12642
12643
12647
12648
12652
12654
12656
12658
12659
12668
12670
12671
12673
12684
12687
12688
12691
12694
12695
12697
12699
12707
12710
12711
12717
12718
12721
12722
12723
12727
12735
12736
12738
12739
12742
12745
12746
12750
12753
12755
12756
12762
12766
12767
12769
12778
12779
12781
12785
12790
12794
12801
12807
12811
12812
12813
12816
12822
12828
12829
12833
12835
12836
12837
12844
12845
12846
12852
12854
12855
12859
12860
12861
12862
12864
12867
12873
12893
12894
12895
12896
12898
12902
12904
12907
12910
12911
12916
12918
12920
12921
12922
12923
12925
12929
12930
12931
12933
12936
12938
12946
12955
12956
12957
12973
12975
12980
12992
12995
12998
13001
13004
13007
13009
13013
13014
13015
13019
13024
13025
13027
13028
13035
13038
13045
13046
13047
13050
13051
13056
13057
13061
13063
13065
13068
13069
13071
13078
13080
13081
13087
13092
13093
13095
13097
13098
13111
13113
13115
13123
13130
13132
13134
13136
13141
13147
13151
13152
13153
13162
13172
13175
13180
13181
13183
13184
13186
13188
13190
13193
13198
13201
13210
13213
13222
13224
13227
13228
13232
13241
13244
13246
13250
13256
13257
13263
13266
13278
13286
13300
13303
13304
13305
13313
13314
13316
13321
13323
13326
13330
13333
13334
13348
13349
13350
13351
13352
13356
13371
13372
13382
13384
13392
13393
13397
13416
13422
13425
13427
13428
13430
13433
13438
13440
13441
13448
13452
13455
13460
13461
13463
13464
13468
13470
13476
13477
13484
13488
13495
13500
13513
13517
13525
13527
13543
13546
13548
13549
13550
13555
13558
13574
13576
13590
13591
13597
13598
13600
13609
13610
13612
13616
13619
13624
13626
13632
13633
13635
13649
13663
13672
13677
13682
13686
13698
13702
13704
13706
13707
13712
13724
13726
13729
13731
13737
13738
13739
13743
13745
13746
13769
13783
13791
13795
13798
13799
13801
13806
13807
13808
13811
13812
13813
13817
13818
13820
13822
13823
13824
13825
13827
13828
13830
13831
13832
13835
13836
13838
13840
13843
13845
13846
13849
13853
13854
13858
13859
13860
13861
13863
13887
13902
13926
13927
13928
13929
13930
13931
13932
13933
13934
13936
13956
13962
13967
13969
13970
13971
13988
13992
14001
14004
14005
14017
14019
14024
14031
14032
14068
14079
14100
14112
14116
14118
14119
14132
14134
14150
14151
14153
14154
14159
14179
14183
14184
14186
14187
14192
14196
14201
14202
14211
14213
14219
14223
14224
14225
14235
14249
14250
14251
14256
14257
14258
14264
14265
14272
14278
14290
14292
14293
14298
14299
14300
14301
14302
14303
14304
14305
14306
14322
14333
14334
14335
14339
14340
14341
14350
14351
14352
14353
14354
14355
14357
14361
14363
14364
14368
14371
14372
14382
14385
14389
14398
14400
14408
14410
14418
14430
14432
14439
14440
14445
14449
14462
14463
14466
14467
14468
14469
14470
14471
14479
14481
14488
14489
14494
14495
14507
14534
14539
14541
14546
14547
14550
14551
14552
14553
14554
14555
14559
14562
14567
14570
14583
14584
14585
14588
14593
14600
14614
14616
14622
14625
14627
14628
14629
14638
14639
14640
14643
14649
14651
14653
14659
14660
14661
14662
14666
14675
14697
14711
14723
14725
14729
14737
14738
14740
14741
14742
14743
14744
14746
14751
14752
14755
14757
14763
14768
14769
14770
14771
14776
14778
14780
14781
14782
14783
14784
14785
14786
14787
14788
14799
14800
14801
14803
14804
14805
14806
14807
14808
14809
14810
14812
14813
14814
14815
14816
14822
14823
14825
14829
14832
14855
14864
14866
14890
14896
14897
14901
14907
14920
14940
14941
14942
14945
14950
14953
14956
14959
14961
14964
14995
14996
14997
14998
14999
15000
15001
15002
15003
15004
15005
15008
15010
15011
15013
15014
15015
15016
15017
15018
15020
15021
15022
15025
15026
15027
15028
15029
15030
15031
15033
15034
15036
15037
15038
15040
15041
15043
15044
15045
15046
15049
15050
15051
15052
15053
15056
15057
15061
15062
15063
15064
15065
15066
15067
15068
15071
15072
15073
15075
15077
15079
15098
15103
15106
15107
15119
15123
15124
15127
15128
15129
15130
15135
15141
15185
15222
15277
15279
15280
15283
15294
15296
15299
15302
15303
15304
15327
15328
15330
15334
15336
15341
15342
15345
15352
15353
15354
15357
15358
15360
15363
15373
15375
15377
15378
15380
15387
15397
15400
15412
15418
15419
15420
15421
15422
15423
15425
15426
15427
15428
15429
15430
15431
15433
15435
15436
15437
15438
15439
15440
15442
15444
15445
15446
15447
15448
15450
15451
15452
15453
15454
15456
15458
15459
15460
15461
15462
15463
15464
15465
15466
15467
15468
15470
15472
15477
15483
15484
15489
15490
15491
15494
15512
15513
15533
15541
15553
15560
15566
15587
15588
15591
15600
15602
15603
15604
15608
15610
15611
15615
15619
15621
15622
15629
15636
15642
15644
15645
15646
15647
15650
15651
15652
15653
15654
15655
15656
15659
15665
15671
15673
15676
15700
15701
15707
15709
15711
15712
15714
15715
15716
15717
15720
15721
15723
15724
15727
15730
15731
15732
15736
15738
15740
15743
15744
15746
15747
15748
15751
15753
15756
15758
15759
15760
15761
15762
15764
15766
15767
15768
15774
15779
15781
15789
15790
15795
15798
15801
15806
15807
15809
15812
15814
15816
15817
15818
15819
15820
15821
15822
15823
15824
15826
15828
15830
15831
15833
15834
15843
15852
15855
15857
15881
15902
15909
15919
15921
15923
15924
15926
15928
15935
15948
15949
15950
15951
15952
15953
15954
15955
15956
15957
15958
15959
15960
15961
15962
15963
15966
15970
15971
15972
15979
15981
15984
15985
15986
15990
15991
15997
15998
15999
16004
16013
16018
16021
16022
16024
16047
16049
16061
16063
16064
16071
16072
16075
16076
16082
16085
16086
16087
16088
16089
16090
16091
16092
16093
16094
16095
16096
16098
16109
16127
16132
16142
16143
16144
16145
16146
16147
16148
16150
16151
16154
16155
16159
16162
16163
16164
16166
16167
16170
16171
16172
16173
16176
16178
16187
16191
16197
16200
16204
16206
16208
16210
16212
16213
16218
16223
16229
16234
16236
16237
16242
16244
16259
16260
16261
16262
16263
16264
16265
16266
16267
16268
16269
16270
16271
16272
16273
16274
16276
16277
16314
16317
16319
16323
16328
16329
16330
16332
16333
16334
16338
16339
16340
16341
16342
16343
16345
16347
16348
16349
16366
16395
16399
16405
16412
16430
16493
16503
16544
16578
16579
16591
16607
16627
16629
16648
16661
16667
16671
16675
16677
16679
16682
16683
16685
16686
16687
16688
16690
16691
16697
16700
16702
16703
16710
16728
16729
16731
16733
16734
16741
16742
16743
16745
16746
16747
16749
16751
16756
16757
16759
16760
16761
16765
16766
16771
16773
16835
16837
16838
16839
16840
16842
16845
16849
16854
16858
16859
16861
16863
16864
16868
16869
16870
16871
16872
16873
16877
16878
16885
16886
16889
16890
16891
16892
16894
16895
16896
16897
16899
16900
16901
16902
16904
16906
16907
16909
16910
16911
16915
16917
16918
16920
16922
16923
16926
16928
16929
16930
16933
16936
16937
16938
16940
16941
16942
16943
16945
16946
16947
16949
16950
16953
16954
16955
16959
16960
16961
16964
16965
16967
16968
16969
16970
16971
16972
16975
16979
16981
16985
16986
16991
16992
16993
16995
16997
16998
16999
17001
17003
17004
17006
17007
17008
17009
17010
17012
17013
17014
17015
17017
17019
17021
17022
17023
17024
17026
17035
17036
17037
17038
17039
17040
17041
17042
17043
17044
17047
17048
17049
17050
17052
17053
17054
17055
17057
17058
17060
17063
17064
17065
17066
17067
17068
17069
17070
17071
17072
17073
17075
17076
17077
17078
17079
17083
17084
17085
17086
17087
17088
17090
17091
17092
17093
17094
17095
17096
17097
17098
17099
17101
17102
17105
17107
17108
17109
17110
17111
17112
17113
17114
17115
17117
17118
17123
17128
17130
17131
17133
17134
17135
17136
17137
17138
17139
17142
17145
17147
17148
17149
17152
17153
17154
17155
17156
17157
17159
17161
17162
17163
17164
17165
17167
17168
17170
17171
17172
17175
17176
17178
17179
17180
17181
17182
17183
17184
17186
17187
17188
17190
17191
17192
17193
17196
17197
17199
17201
17202
17204
17208
17209
17210
17211
17212
17213
17214
17215
17216
17217
17218
17219
17220
17223
17225
17227
17228
17232
17234
17235
17236
17239
17242
17243
17244
17245
17246
17247
17248
17250
17251
17253
17255
17257
17258
17261
17262
17265
17266
17267
17268
17269
17270
17271
17272
17273
17274
17277
17278
17280
17282
17283
17284
17288
17292
17293
17294
17295
17296
17298
17299
17301
17303
17304
17305
17306
17307
17308
17310
17315
17316
17317
17318
17319
17321
17322
17323
17324
17325
17331
17335
17337
17341
17343
17344
17345
17346
17348
17349
17350
17351
17352
17354
17355
17358
17360
17361
17362
17363
17364
17366
17367
17368
17370
17372
17373
17374
17375
17376
17378
17379
17380
17381
17382
17383
17386
17387
17391
17392
17395
17400
17402
17403
17404
17407
17409
17410
17411
17413
17414
17415
17416
17417
17418
17421
17422
17424
17425
17426
17427
17428
17429
17432
17433
17434
17436
17437
17438
17440
17441
17444
17445
17447
17448
17449
17450
17451
17452
17453
17455
17456
17457
17461
17462
17463
17464
17465
17466
17467
17470
17472
17473
17474
17476
17477
17478
17479
17481
17482
17484
17485
17486
17487
17488
17489
17491
17492
17493
17494
17495
17498
17499
17501
17503
17504
17505
17506
17507
17509
17510
17512
17514
17516
17518
17519
17520
17522
17523
17525
17526
17527
17528
17529
17531
17532
17533
17534
17535
17536
17537
17538
17539
17541
17545
17546
17552
17553
17554
17556
17557
17561
17562
17563
17565
17566
17567
17569
17570
17571
17573
17574
17575
17578
17579
17580
17581
17582
17584
17586
17588
17589
17590
17591
17592
17594
17596
17598
17604
17605
17606
17607
17608
17609
17610
17611
17613
17615
17617
17618
17622
17624
17625
17626
17628
17629
17635
17637
17639
17644
17645
17646
17647
17648
17649
17650
17651
17652
17654
17657
17658
17661
17663
17664
17666
17667
17668
17669
17672
17673
17674
17675
17677
17678
17679
17680
17681
17682
17683
17684
17686
17688
17689
17690
17691
17692
17693
17694
17697
17699
17701
17703
17705
17706
17707
17709
17710
17711
17712
17715
17716
17717
17718
17720
17724
17725
17726
17727
17728
17729
17730
17731
17732
17733
17734
17735
17736
17737
17738
17739
17740
17741
17742
17743
17744
17746
17747
17748
17750
17751
17752
17753
17754
17755
17756
17758
17759
17761
17766
17768
17770
17772
17774
17775
17777
17778
17779
17780
17781
17784
17785
17786
17787
17788
17789
17790
17792
17793
17795
17796
17797
17798
17799
17801
17803
17804
17806
17808
17809
17812
17814
17815
17817
17818
17820
17821
17822
17823
17825
17827
17828
17831
17832
17833
17834
17835
17838
17839
17840
17841
17844
17845
17846
17847
17849
17850
17852
17853
17854
17855
17860
17861
17864
17866
17867
17869
17871
17872
17873
17874
17876
17877
17878
17879
17880
17884
17885
17886
17887
17888
17889
17890
17894
17895
17897
17900
17901
17902
17903
17905
17907
17912
17913
17914
17916
17917
17918
17920
17922
17923
17924
17925
17926
17927
17928
17930
17932
17933
17935
17937
17938
17939
17940
17942
17943
17944
17946
17947
17950
17952
17953
17954
17955
17956
17957
17958
17959
17960
17961
17962
17963
17964
17965
17966
17967
17968
17969
17970
17972
17975
17976
17977
17978
17984
17986
17987
17988
17989
17990
17991
17994
17998
17999
18000
18001
18002
18003
18005
18007
18008
18009
18010
18012
18013
18015
18016
18017
18018
18020
18021
18022
18023
18024
18026
18027
18029
18030
18031
18032
18034
18035
18036
18037
18039
18041
18043
18046
18047
18049
18050
18051
18052
18054
18055
18057
18058
18059
18060
18061
18062
18064
18065
18066
18067
18068
18069
18070
18071
18072
18074
18075
18076
18077
18079
18080
18081
18083
18092
18093
18094
18095
18097
18098
18099
18100
18103
18104
18106
18109
18110
18113
18114
18115
18118
18119
18120
18122
18125
18126
18127
18131
18132
18133
18135
18136
18137
18138
18140
18141
18142
18143
18144
18146
18147
18148
18150
18151
18152
18155
18158
18159
18160
18162
18163
18166
18168
18169
18173
18175
18176
18177
18178
18179
18181
18182
18183
18184
18186
18187
18190
18191
18193
18195
18196
18197
18201
18202
18203
18204
18205
18206
18207
18208
18210
18213
18214
18215
18216
18217
18218
18219
18220
18222
18224
18226
18227
18228
18229
18231
18232
18234
18235
18236
18237
18238
18239
18242
18244
18246
18247
18248
18249
18252
18253
18257
18259
18261
18262
18263
18264
18265
18266
18267
18269
18271
18273
18274
18275
18276
18277
18278
18279
18281
18282
18283
18286
18287
18288
18290
18291
18292
18296
18298
18299
18300
18301
18302
18303
18305
18306
18307
18309
18311
18312
18313
18314
18315
18316
18318
18321
18324
18326
18328
18329
18330
18332
18336
18337
18338
18339
18342
18343
18344
18346
18347
18349
18351
18354
18355
18356
18358
18360
18361
18362
18363
18365
18366
18369
18371
18372
18377
18378
18379
18381
18382
18386
18387
18389
18390
18391
18394
18395
18396
18397
18398
18400
18401
18402
18403
18404
18406
18410
18412
18413
18414
18415
18416
18419
18420
18422
18424
18425
18426
18427
18428
18430
18431
18432
18433
18435
18436
18437
18438
18439
18441
18442
18443
18444
18448
18449
18450
18451
18452
18454
18455
18458
18459
18460
18462
18463
18464
18466
18467
18468
18471
18474
18475
18477
18479
18480
18481
18482
18487
18488
18489
18490
18492
18493
18495
18496
18497
18498
18500
18501
18503
18507
18508
18510
18511
18512
18514
18515
18517
18518
18519
18520
18521
18522
18523
18524
18526
18528
18529
18531
18533
18535
18536
18537
18538
18539
18541
18543
18544
18545
18546
18547
18548
18550
18551
18552
18553
18554
18555
18556
18558
18559
18561
18562
18563
18564
18565
18566
18567
18569
18570
18571
18573
18574
18577
18578
18579
18581
18582
18583
18585
18589
18590
18591
18593
18594
18595
18596
18601
18602
18603
18604
18605
18606
18610
18611
18612
18613
18615
18616
18617
18618
18620
18622
18623
18625
18627
18628
18632
18633
18634
18635
18636
18639
18640
18642
18643
18644
18649
18650
18651
18654
18655
18661
18663
18664
18665
18666
18668
18669
18672
18673
18674
18675
18677
18680
18681
18682
18684
18685
18691
18692
18694
18695
18699
18704
18706
18709
18710
18711
18712
18713
18714
18715
18717
18718
18723
18724
18728
18729
18730
18731
18732
18734
18737
18739
18740
18742
18743
18746
18748
18749
18751
18752
18753
18756
18760
18761
18764
18767
18768
18769
18770
18774
18775
18776
18777
18778
18779
18781
18782
18786
18787
18788
18789
18791
18794
18795
18796
18798
18800
18802
18803
18804
18806
18809
18810
18811
18812
18815
18817
18818
18819
18820
18823
18824
18827
18828
18832
18834
18835
18838
18839
18840
18841
18843
18849
18851
18852
18853
18855
18858
18859
18862
18863
18864
18866
18867
18868
18869
18870
18871
18872
18874
18875
18877
18883
18884
18888
18890
18892
18894
18896
18909
18913
18914
18917
18918
18919
18920
18921
18922
18923
18924
18925
18926
18928
18929
18931
18933
18934
18935
18936
18937
18938
18940
18941
18942
18947
18948
18949
18950
18952
18955
18956
18957
18962
18963
18964
18965
18966
18969
18970
18971
18972
18973
18976
18977
18979
18982
18984
18987
18989
18990
18993
18994
18998
19001
19003
19005
19009
19011
19013
19015
19018
19022
19023
19024
19026
19027
19029
19031
19035
19055
19056
19057
19061
19062
19070
19071
19077
19078
19089
19090
19091
19093
19095
19097
19100
19101
19103
19104
19105
19106
19107
19112
19115
19116
19118
19119
19120
19121
19124
19127
19128
19129
19141
19148
19154
19159
19165
19171
19175
19182
19184
19185
19187
19188
19189
19190
19191
19204
19206
19207
19208
19209
19210
19219
19220
19240
19243
19248
19259
19260
19261
19263
19264
19280
19283
19287
19291
19292
19293
19295
19296
19299
19300
19302
19303
19304
19305
19306
19307
19308
19312
19320
19324
19327
19332
19336
19337
19338
19339
19340
19341
19342
19343
19344
19354
19356
19359
19361
19362
19370
19393
19394
19399
19400
19439
19448
19466
19469
19472
19474
19481
19484
19486
19487
19488
19491
19492
19493
19495
19496
19497
19501
19508
19511
19514
19515
19516
19517
19518
19531
19532
19535
19538
19539
19542
19543
19547
19566
19579
19580
19583
19584
19586
19588
19595
19596
19597
19599
19600
19601
19606
19615
19619
19628
19640
19641
19658
19660
19690
19693
19705
19710
19711
19713
19714
19724
19725
19732
19733
19738
19745
19747
19749
19773
19777
19795
19800
19827
19828
19835
19849
19875
19878
19880
19888
19896
19908
19948
19949
19950
19953
19956
19968
19989
19990
19991
20000
20022
20026
20036
20052
20053
20054
20056
20071
20073
20075
20077
20081
20082
20083
20085
20086
20087
20088
20104
20106
20112
20113
20114
20115
20116
20118
20119
20120
20121
20182
20191
20195
20198
20202
20203
20209