594
600
601
612
613
614
615
616
617
621
623
624
626
627
628
629
631
632
634
635
637
646
6753
6774
8303
8309
8317
8322
9542
10148
10151
10155
10156
10158
10160
10168
10169
10170
10171
10175
10181
10182
10184
10191
10194
10195
10196
10197
10199
10202
10204
10205
10207
10208
10210
10213
10218
10220
10222
10223
10230
10237
10238
10242
10244
10246
10248
10250
10251
10254
10256
10259
10260
10261
10264
10271
10273
10278
10279
10281
10282
10285
10290
10295
10296
10300
10301
10303
10306
10307
10309
10312
10315
10321
10322
10330
10331
10335
10340
10341
10346
10348
10352
10354
10360
10361
10365
10366
10367
10370
10373
10381
10383
10384
10385
10386
10389
10398
10399
10403
10405
10406
10412
10413
10414
10417
10421
10425
10426
10428
10431
10435
10436
10438
10439
10440
10442
10444
10446
10450
10451
10454
10456
10458
10460
10463
10469
10471
10474
10478
10479
10480
10492
10495
10497
10500
10501
10502
10509
10510
10511
10517
10521
10522
10524
10525
10526
10527
10534
10535
10537
10539
10547
10558
10561
10564
10567
10569
10578
10579
10582
10587
10598
10602
10603
10606
10610
10614
10616
10618
10619
10620
10621
10625
10626
10635
10637
10638
10639
10642
10643
10644
10647
10650
10657
10659
10660
10661
10662
10667
10671
10672
10677
10688
10689
10692
10694
10696
10702
10709
10715
10716
10719
10722
10724
10726
10727
10729
10736
10737
10739
10740
10741
10744
10745
10749
10751
10755
11196
12409
12731
12768
13101
13252
19418
19425