569
1567
1581
1589
1801
1973
1976
1977
1986
1988
1992
3032
5619
5620
5629
5634
5636
5643
5955
5962
5965
5967
5968
5970
5972
5977
5981
5992
5999
6010
6013
6014
6020
6031
6045
6060
6076
6081
6083
6088
6105
6110
6124
6126
6132
6141
6143
6412
6548
6557
6800
7526
7755
8406
9409
9412
9413
9414
9415
9416
9418
9419
9420
9421
9422
9423
9425
9426
9427
9428
9430
9466
10760
10941
10942
10947
10948
10955
11068
12181
12182
12183
12184
12185
12186
12187
12190
12191
12193
12194
12195
12197
12547
13274
13289
13360
13378
13380
13416
13787
14755
14758
15567
16740
16741
16757
16759
19165