200
204
250
276
336
362
395
459
525
538
543
576
596
656
658
660
675
687
697
698
711
720
721
722
726
732
739
740
755
759
760
762
764
774
789
792
813
842
847
848
862
867
898
915
919
921
1215
1788
1941
2494
3207
3218
3233
3243
3250
3265
3267
3290
3326
3332
3341
3360
3362
3379
3428
3454
3512
3521
3535
3647
3689
3696
3700
3709
3746
3749
3754
3799
3806
3807
3811
3816
3932
3955
3979
4013
4044
4050
4068
4089
4091
4097
4132
4145
4152
4189
4266
4270
4437
5108
5468
5480
5507
5518
5519
5520
5526
5717
5720
5735
5756
5766
5769
5773
6859
7032
7378
7398
7408
8343
8397
9330
9387
9537
9539
9615
10002
10378
10582
10615
11099
11131
11136
11150
11156
11168
11172
11187
11190
11206
11207
11208
11214
11224
11234
11249
11256
11263
11269
11271
11274
11280
11290
11299
11302
11305
11315
11330
11340
11347
11356
11370
11389
11402
11414
11417
11439
11441
11453
11467
11477
11491
11494
11497
11498
11505
11858
12823
12830
13874
13882
13888
13890
13892
13898
13899
13901
13903
13906
13910
13918
13924
15201
15205
15580
19935
20144
20149
20162
20169
20178