376
397
444
631
668
671
681
682
740
816
823
829
835
847
849
860
953
1132
1164
1480
1531
1536
1638
1642
1653
1655
1656
1665
1666
1667
1668
1674
1676
1677
1679
1686
1687
1698
1701
1709
1717
1721
1728
1748
1758
1786
1800
1807
1811
1878
2084
2213
2347
2444
2502
2509
2607
2615
2725
2760
3201
3379
3382
3386
3545
3546
3639
3745
3877
3933
4029
4457
4599
4661
4715
4724
4735
4745
4769
4795
4993
5014
5230
5259
5295
5301
5352
5388
5389
5527
5560
5698
5887
6042
6043
6203
6301
6384
6426
6428
6730
6930
6961
7065
7116
7122
7130
7212
7307
7595
7612
7613
7960
8231
8392
8593
8707
8995
9313
9441
9806
10007
10035
10204
10368
10512
10633
10634
10702
10854
10998
11008
11109
11136
11141
11156
11157
11173
11227
11243
11250
11262
11264
11276
11280
11285
11296
11323
11324
11329
11341
11342
11347
11354
11417
11504
11533
11544
11565
11570
12213
12221
12223
12224
12226
12229
12233
12234
12235
12236
12242
12246
12339
12342
12350
12363
12367
12381
12386
12497
12520
12532
12572
12595
12632
12716
12718
12732
12771
12778
12794
12854
12895
12900
13446
13485
13522
13675
13796
14124
14253
14326
14352
14354
14361
14859
14963
15014
15038
15039
15050
15079
15167
15171
15172
15173
15182
15421
15423
15433
15434
15446
15627
15628
15701
15818
15975
15979
15982
15986
15992
16004
16056
16058
16152
16412
16425
16580
16604
16651
16677
17037
17084
17185
17367
17443
17473
17577
17622
17644
17658
17671
17749
17792
17834
17876
17879
17887
17944
18066
18119
18251
18268
18321
18377
18383
18425
18483
18554
18593
19088
19112
19115
19116
19123
19181
19193
19659
19933
19967
19968
19969
20017
20021