595
598
599
600
604
605
606
608
614
616
619
622
623
625
627
631
633
640
642
759
1782
2143
2399
4140
6778
6906
6946
6949
6953
7175
7225
7362
7720
7724
8034
8255
8303
8305
8341
9542
9651
10151
10153
10166
10167
10168
10169
10171
10172
10173
10175
10177
10182
10183
10185
10186
10187
10188
10191
10194
10195
10197
10199
10208
10215
10216
10217
10221
10222
10224
10225
10227
10229
10231
10232
10234
10236
10238
10240
10246
10247
10252
10256
10258
10263
10264
10269
10272
10276
10277
10278
10282
10284
10287
10289
10291
10292
10293
10294
10302
10312
10315
10316
10318
10322
10323
10326
10327
10330
10332
10336
10337
10338
10339
10340
10341
10346
10348
10350
10352
10353
10354
10357
10364
10365
10374
10376
10377
10379
10380
10384
10388
10392
10396
10397
10399
10400
10402
10404
10408
10410
10415
10417
10419
10424
10425
10427
10428
10433
10437
10439
10444
10450
10452
10455
10457
10461
10462
10466
10468
10470
10471
10472
10474
10480
10483
10486
10489
10492
10493
10497
10502
10506
10507
10508
10510
10511
10512
10513
10515
10516
10517
10518
10519
10524
10528
10529
10531
10532
10536
10537
10540
10541
10544
10546
10547
10555
10556
10559
10561
10562
10564
10566
10567
10568
10570
10571
10573
10578
10583
10588
10592
10602
10605
10606
10618
10619
10620
10623
10626
10629
10635
10641
10643
10645
10646
10647
10648
10656
10657
10663
10666
10667
10670
10675
10681
10683
10686
10689
10690
10692
10694
10697
10708
10709
10710
10715
10717
10722
10723
10725
10727
10729
10731
10734
10736
10737
10740
10741
10751
11168
11209
11320
11370
11445
12590
14634
15816