6
9
18
21
23
25
28
37
42
47
48
52
58
59
60
63
64
67
69
70
80
86
87
90
91
92
96
102
106
110
111
115
118
119
122
124
128
129
132
133
134
135
137
141
144
149
159
162
164
166
181
183
187
188
198
202
220
221
222
223
230
236
242
245
249
262
296
297
298
317
328
333
353
366
369
372
379
382
383
385
387
401
402
430
436
450
480
506
511
524
527
535
551
589
599
620
645
649
662
667
675
676
683
707
717
722
736
750
764
768
776
780
794
802
803
812
813
818
822
826
854
868
882
897
901
1046
1207
1213
1215
1216
1298
1660
1664
1687
1789
1798
1822
1835
1860
1879
1896
1897
1911
1917
1921
1923
1937
1941
1942
1948
1955
1982
1984
1993
1996
2001
2004
2006
2053
2058
2061
2159
2198
2218
2221
2225
2233
2272
2275
2278
2279
2280
2281
2284
2287
2288
2290
2333
2335
2368
2376
2377
2380
2388
2391
2394
2396
2412
2413
2495
2530
2542
2558
2566
2575
2583
2586
2589
2592
2593
2595
2599
2610
2614
2616
2627
2633
2634
2635
2657
2661
2665
2667
2671
2676
2680
2681
2688
2696
2701
2703
2708
2714
2719
2724
2727
2729
2733
2736
2742
2745
2755
2758
2761
2762
2766
2767
2768
2782
2790
2806
2809
2811
2816
2818
2819
2822
2823
2828
2835
2838
2842
2844
2850
2854
2865
2868
2873
2876
2887
2888
2892
2900
2910
2913
2919
2921
2926
2927
2935
2937
2939
2946
2952
2956
2965
2971
2979
2988
2997
3002
3008
3015
3063
3177
3182
3190
3219
3221
3222
3225
3226
3233
3254
3256
3263
3271
3273
3278
3280
3285
3293
3294
3307
3309
3311
3313
3329
3345
3347
3354
3355
3358
3365
3374
3392
3403
3409
3413
3442
3455
3474
3479
3480
3482
3487
3492
3494
3497
3509
3523
3534
3546
3550
3552
3555
3580
3598
3610
3630
3636
3641
3643
3654
3656
3676
3691
3700
3708
3710
3736
3767
3780
3790
3802
3804
3808
3815
3819
3820
3827
3830
3840
3844
3848
3851
3859
3868
3871
3880
3891
3892
3899
3922
3924
3926
3927
3933
3934
3936
3941
3962
3966
3968
3972
3981
3983
4013
4020
4034
4038
4056
4057
4058
4067
4072
4081
4085
4095
4096
4111
4114
4116
4122
4136
4140
4149
4151
4155
4167
4171
4184
4189
4203
4208
4209
4210
4213
4217
4221
4224
4236
4240
4241
4242
4244
4245
4262
4264
4267
4268
4274
4277
4279
4295
4298
4306
4329
4336
4343
4353
4366
4378
4478
4487
4932
4935
5088
5093
5132
5195
5242
5305
5368
5530
5543
5544
5560
5562
5663
5700
5740
5932
5964
5968
5969
5977
6029
6047
6067
6075
6083
6092
6102
6113
6114
6118
6119
6133
6134
6136
6208
6259
6261
6269
6270
6278
6281
6288
6303
6307
6316
6317
6321
6330
6332
6349
6353
6357
6395
6577
6628
6658
6671
6728
6740
6747
6770
6776
6777
6784
6788
6789
6801
6812
6816
6820
6828
6830
6831
6839
6847
6851
6853
6855
6857
6861
6863
6864
6870
6878
6879
6897
6908
6909
6919
6920
6929
6931
6945
6948
6949
6952
6958
6959
6965
6968
6981
6984
6989
6998
7025
7036
7039
7053
7086
7101
7109
7117
7125
7129
7134
7135
7167
7182
7184
7185
7190
7192
7197
7202
7205
7207
7212
7218
7244
7315
7345
7369
7375
7377
7384
7399
7411
7412
7445
7446
7447
7466
7566
7570
7608
7612
7718
7720
7880
7920
8030
8289
8293
8294
8307
8314
8320
8338
8342
8344
8353
8363
8373
8388
8393
8406
8411
8416
8420
8424
8431
8468
8492
8500
8503
8509
8585
8601
8603
8615
8706
8712
8793
8816
8839
8849
8850
8852
8908
9317
9327
9331
9371
9410
9411
9413
9414
9416
9418
9421
9422
9424
9426
9428
9481
9512
9522
9524
9527
9529
9536
9543
9544
9547
9549
9553
9557
9560
9563
9564
9565
9566
9573
9577
9579
9580
9583
9584
9586
9590
9592
9597
9600
9601
9604
9606
9609
9611
9616
9628
9630
9639
9646
9650
9651
9652
9653
9660
9662
9669
9670
9676
9677
9699
9727
9733
9746
9748
9867
9872
9873
9874
9878
9921
9924
9936
9943
9953
9987
10025
10029
10069
10101
10262
10382
10397
10415
10514
10590
10610
10623
10647
10660
10734
10748
10757
10853
10856
10927
10957
11007
11043
11065
11072
11086
11089
11099
11108
11141
11155
11158
11159
11164
11165
11175
11214
11215
11218
11237
11239
11249
11260
11264
11265
11266
11268
11270
11271
11275
11278
11279
11285
11290
11297
11321
11325
11330
11333
11341
11375
11402
11403
11406
11417
11442
11456
11461
11482
11494
11498
11502
11507
11508
11523
11524
11528
11533
11536
11543
11545
11549
11553
11555
11556
11557
11559
11563
11570
11571
11575
11576
11577
11595
11599
11652
11665
11907
11915
12181
12183
12185
12186
12188
12189
12248
12301
12371
12381
12412
12435
12454
12474
12514
12629
12704
12748
12810
12833
12834
12886
13001
13102
13107
13162
13176
13236
13337
13351
13387
13399
13403
13415
13450
13532
13550
13590
13598
13636
13736
13761
13803
13844
13867
13872
13896
13925
13931
14049
14056
14081
14084
14089
14095
14107
14108
14173
14248
14261
14272
14274
14283
14329
14361
14409
14436
14495
14519
14542
14655
14701
14746
14766
14767
14780
14879
14898
14952
15097
15156
15163
15180
15197
15204
15210
15212
15218
15220
15290
15309
15336
15490
15493
15505
15507
15515
15517
15522
15527
15534
15538
15540
15547
15564
15570
15572
15583
15596
15605
15607
15623
15625
15641
15707
15709
15714
15726
15729
15731
15742
15748
15771
15780
15792
15793
15800
15803
15805
15807
15809
15813
15835
15840
15841
15945
16099
16103
16104
16105
16108
16112
16177
16208
16264
16267
16276
16290
16774
16777
16784
16795
16825
16827
16836
16983
17182
17252
17329
17940
17945
18117
18305
18462
18472
18544
18556
18948
19080
19081
19086
19154
19168
19193
19196
19323
19416
19621
19633
19674
19677
19681
19685
19806
19915
19923
19924
19938
19946
19971
20001
20007
20009
20035
20044
20052
20083
20146
20147
20148
20150
20170
20172
20177
20185