9
19
22
26
31
35
38
40
47
49
54
56
57
58
59
64
66
71
79
82
91
94
105
106
114
123
129
139
148
153
162
165
171
173
183
184
195
200
204
208
217
231
239
250
261
282
285
288
299
303
312
313
316
332
342
353
354
358
359
394
414
424
440
442
445
450
453
457
469
474
475
478
488
493
503
525
534
543
547
600
614
616
620
621
622
627
631
646
651
653
655
658
660
662
664
665
667
669
670
672
673
675
676
677
681
683
685
687
688
689
691
693
694
695
696
701
705
709
713
717
719
726
728
729
737
741
742
746
747
748
749
750
760
761
763
765
766
767
768
770
772
777
778
781
789
790
793
794
795
797
799
800
801
802
804
805
807
808
810
814
815
816
817
818
822
825
826
827
829
832
833
836
837
838
841
842
843
844
848
850
853
855
856
857
859
860
870
873
875
877
878
880
883
885
887
888
890
896
897
898
899
912
913
915
916
917
926
928
1054
1057
1213
1261
1687
1701
1751
1777
1819
1820
1823
1827
1828
1834
1873
1896
1927
1943
1947
1949
2061
2161
2242
2268
2280
2285
2335
2377
2388
2400
2537
2545
2547
2558
2561
2564
2576
2579
2593
2599
2600
2631
2653
2655
2669
2676
2679
2680
2688
2696
2700
2704
2712
2724
2725
2732
2734
2744
2751
2759
2760
2766
2771
2773
2787
2795
2797
2801
2804
2805
2806
2808
2809
2812
2816
2839
2877
2888
2891
2899
2901
2915
2930
2939
2946
2970
2972
2976
2978
2981
2984
2985
2998
2999
3015
3074
3172
3184
3204
3212
3221
3235
3243
3266
3289
3290
3295
3304
3305
3307
3310
3314
3327
3329
3333
3334
3356
3358
3359
3362
3368
3392
3396
3401
3405
3410
3416
3423
3448
3449
3450
3460
3464
3465
3513
3515
3517
3529
3536
3538
3541
3548
3549
3565
3567
3568
3573
3581
3586
3597
3600
3602
3603
3605
3619
3620
3630
3642
3643
3644
3650
3651
3656
3662
3664
3671
3681
3682
3684
3685
3695
3696
3697
3699
3700
3706
3721
3722
3723
3724
3731
3761
3774
3779
3795
3800
3811
3818
3838
3845
3846
3852
3853
3855
3858
3863
3865
3866
3877
3882
3893
3900
3909
3918
3932
3956
3959
3977
3986
3998
4004
4041
4044
4058
4063
4065
4074
4078
4091
4097
4109
4125
4127
4131
4132
4146
4150
4152
4154
4156
4157
4161
4163
4167
4169
4176
4181
4184
4189
4194
4200
4203
4205
4223
4226
4233
4273
4300
4378
4405
4431
4441
4443
4445
4452
4993
5028
5042
5262
5391
5393
5402
5403
5495
5529
5555
5705
5713
5717
5734
5736
5740
5741
5769
5789
5794
5802
5928
5932
5967
5977
5996
6000
6042
6062
6073
6109
6113
6114
6118
6129
6212
6308
6384
6629
6646
6742
6744
6745
6747
6748
6752
6757
6758
6760
6768
6769
6771
6773
6784
6792
6807
6819
6824
6828
6829
6831
6842
6844
6847
6848
6853
6854
6857
6858
6859
6865
6866
6870
6871
6872
6873
6874
6876
6878
6881
6882
6885
6893
6895
6897
6900
6902
6904
6906
6907
6909
6911
6912
6913
6915
6918
6919
6922
6923
6924
6929
6930
6931
6933
6934
6936
6938
6939
6940
6941
6948
6951
6952
6954
6958
6962
6964
6966
6970
6972
6973
6977
6980
6982
6983
6984
6985
6987
6988
6991
6996
6997
6999
7000
7001
7003
7004
7009
7011
7012
7014
7015
7016
7017
7019
7026
7028
7030
7032
7033
7040
7041
7042
7045
7050
7055
7056
7058
7060
7069
7071
7072
7077
7083
7085
7091
7092
7093
7097
7098
7099
7103
7108
7109
7110
7111
7118
7119
7121
7125
7129
7130
7133
7135
7138
7139
7141
7142
7143
7144
7146
7147
7149
7151
7158
7161
7165
7166
7167
7169
7172
7174
7175
7177
7180
7182
7184
7185
7186
7187
7191
7192
7196
7206
7207
7208
7209
7210
7211
7215
7217
7218
7219
7226
7227
7229
7231
7233
7237
7243
7245
7249
7250
7251
7252
7255
7321
7323
7336
7385
7607
7614
7733
7953
7960
7999
8002
8004
8006
8009
8010
8011
8297
8314
8321
8342
8349
8354
8356
8358
8373
8392
8421
8541
8570
8579
8640
8641
8642
8829
8838
8839
8849
8852
9323
9326
9334
9341
9342
9343
9345
9346
9350
9352
9364
9375
9378
9399
9420
9463
9487
9502
9513
9516
9530
9532
9540
9546
9549
9550
9559
9568
9575
9588
9601
9609
9619
9628
9657
9670
9678
9717
9864
9871
9873
9936
9937
10021
10028
10035
10123
10130
10194
10196
10197
10198
10201
10205
10212
10213
10221
10223
10242
10244
10247
10252
10260
10273
10276
10283
10287
10293
10300
10301
10304
10307
10309
10313
10318
10319
10320
10322
10323
10331
10338
10341
10344
10346
10349
10350
10373
10380
10389
10391
10399
10400
10401
10404
10419
10422
10423
10424
10427
10429
10432
10440
10444
10447
10458
10463
10467
10483
10486
10499
10500
10507
10514
10520
10527
10529
10537
10549
10553
10554
10596
10597
10601
10602
10604
10627
10632
10638
10639
10659
10661
10681
10682
10685
10702
10709
10718
10720
10721
10728
10729
10740
10741
10751
10752
10858
10886
11094
11095
11097
11099
11102
11104
11106
11109
11115
11119
11120
11121
11122
11125
11129
11132
11145
11149
11150
11153
11156
11157
11159
11161
11163
11173
11176
11180
11183
11184
11186
11187
11188
11189
11190
11192
11193
11194
11200
11202
11206
11207
11208
11209
11212
11213
11214
11215
11217
11219
11220
11221
11223
11225
11226
11228
11229
11236
11238
11239
11240
11241
11242
11243
11245
11249
11252
11254
11256
11257
11258
11261
11263
11264
11266
11268
11270
11274
11275
11276
11280
11281
11282
11283
11285
11286
11290
11291
11292
11293
11297
11298
11300
11302
11305
11308
11312
11314
11315
11316
11318
11319
11321
11323
11325
11326
11327
11328
11329
11330
11331
11332
11336
11338
11339
11342
11343
11347
11349
11354
11355
11357
11358
11360
11363
11364
11370
11373
11374
11375
11376
11377
11380
11381
11382
11389
11390
11392
11393
11394
11396
11397
11401
11402
11403
11404
11405
11406
11407
11410
11411
11412
11417
11419
11421
11429
11433
11435
11436
11439
11441
11442
11443
11446
11447
11451
11452
11455
11460
11472
11477
11478
11479
11480
11481
11482
11485
11487
11489
11490
11491
11492
11494
11497
11500
11502
11504
11521
11527
11531
11534
11535
11541
11544
11548
11549
11550
11554
11555
11556
11558
11559
11563
11565
11567
11568
11569
11570
11573
11574
11575
11600
11604
11643
11819
11870
12298
12346
12376
12387
12422
12429
12431
12449
12468
12491
12501
12504
12568
12622
12652
12673
12685
12702
12704
12705
12731
12761
12762
12787
12868
12912
12924
12936
13057
13119
13137
13160
13192
13316
13317
13346
13446
13451
13547
13593
13626
13646
13656
13675
13691
13791
13889
13910
14052
14060
14062
14065
14074
14083
14084
14107
14108
14137
14253
14384
14389
14411
14442
14626
14644
14645
14647
14648
14673
14766
14793
14878
14970
14985
14993
15152
15153
15157
15158
15159
15161
15165
15167
15170
15171
15189
15191
15192
15195
15199
15206
15207
15210
15211
15212
15213
15215
15220
15457
15515
15527
15529
15531
15567
15621
15628
15711
15716
15723
15725
15726
15728
15733
15735
15746
15747
15749
15752
15759
15761
15765
15767
15780
15792
15794
15797
15799
15834
16218
16301
16706
16708
16714
16780
16782
16786
17197
17307
17699
17952
18541
19004
19080
19082
19084
19085
19086
19415
19425
19608
19610
19619
19628
19633
19635
19636
19645
19647
19648
19658
19671
19679
19687
19696
19698
19699
19923
19932
19933
19936
19937
19939
19944
19946
20002
20016
20030
20038
20153
20160