574
581
941
953
957
1020
1468
2319
4594
4596
4606
4642
4662
4670
4677
4679
4750
4760
4761
4776
4808
4811
4814
5060
5566
6156
6160
6518
6520
6521
7418
7423
7599
7873
7993
9032
9043
9069
9071
9115
9118
9130
9200
9222
9230
9725
11018
11052
11846
11933
12308
12410
12424
12440
12485
12587
12595
12657
12693
12708
12728
12974
13227
13409
13721
14839
15105
15437
15615
15618
15818
15962
15979
15990
16013
16414
16503
16584
16596
16618
16675
16756
16864
16865
16867
16868
16871
16885
16886
16891
16901
16904
16906
16924
16927
16928
16933
16940
16946
16947
16950
16958
16962
16963
16964
16967
16971
16974
16975
16981
16985
16988
16990
16991
16993
16996
16998
17001
17009
17011
17013
17015
17021
17022
17025
17030
17032
17035
17041
17042
17043
17045
17064
17065
17066
17071
17076
17077
17092
17097
17099
17101
17102
17104
17105
17110
17111
17112
17117
17118
17126
17128
17129
17131
17138
17147
17154
17157
17160
17164
17167
17176
17178
17186
17190
17191
17193
17202
17204
17207
17209
17211
17212
17213
17215
17217
17219
17239
17245
17246
17253
17255
17265
17266
17271
17274
17278
17280
17295
17298
17320
17330
17331
17346
17348
17350
17355
17357
17368
17372
17374
17376
17397
17402
17403
17409
17413
17414
17415
17419
17423
17427
17431
17433
17440
17441
17444
17448
17449
17463
17470
17473
17477
17482
17485
17493
17494
17498
17499
17505
17512
17520
17522
17527
17528
17529
17530
17533
17535
17537
17538
17539
17542
17545
17546
17549
17550
17553
17556
17559
17562
17563
17569
17570
17574
17577
17582
17586
17591
17592
17594
17595
17598
17600
17601
17609
17616
17617
17622
17624
17625
17626
17639
17644
17651
17652
17653
17654
17668
17675
17679
17681
17684
17686
17689
17690
17693
17699
17700
17702
17703
17707
17709
17715
17718
17723
17724
17728
17729
17733
17742
17744
17747
17750
17751
17756
17761
17768
17770
17771
17774
17778
17779
17785
17788
17789
17795
17797
17803
17806
17812
17823
17829
17834
17836
17838
17844
17850
17868
17871
17879
17880
17889
17895
17901
17910
17912
17913
17916
17918
17919
17920
17922
17928
17945
17947
17948
17953
17954
17955
17958
17961
17964
17970
17971
17984
17990
17991
17998
18005
18009
18011
18012
18015
18018
18021
18025
18027
18039
18047
18049
18052
18055
18058
18059
18060
18061
18064
18065
18066
18067
18069
18072
18074
18076
18077
18079
18080
18083
18097
18102
18103
18110
18114
18116
18119
18121
18122
18128
18131
18135
18137
18140
18142
18143
18144
18158
18159
18162
18174
18178
18181
18183
18191
18196
18203
18206
18209
18220
18221
18226
18228
18229
18240
18247
18248
18249
18250
18275
18276
18277
18278
18279
18282
18286
18287
18297
18314
18320
18324
18330
18339
18341
18342
18344
18350
18353
18355
18356
18374
18382
18395
18396
18399
18404
18414
18415
18420
18422
18427
18428
18429
18433
18438
18444
18445
18457
18460
18461
18466
18471
18474
18475
18477
18480
18489
18490
18496
18498
18499
18500
18511
18515
18521
18528
18535
18536
18544
18545
18555
18558
18564
18565
18569
18576
18585
18586
18587
18589
18591
18597
18602
18612
18625
18650
18656
18672
18704
18705
18709
18718
18728
18832
18875
18880
18885
18888
18909
19061
19213
19218
19221
19313
19316
19320
19379
19383
19911