23
25
47
69
79
82
172
207
216
232
250
277
288
296
328
343
348
391
455
493
511
595
596
601
620
622
625
641
646
650
662
675
679
683
698
709
713
719
727
728
760
778
788
794
810
811
812
816
821
823
837
855
858
870
894
907
915
919
922
926
932
938
1050
1776
1793
1798
1906
1923
2139
2140
2141
2142
2144
2146
2149
2159
2161
2163
2169
2170
2174
2175
2180
2181
2182
2183
2188
2190
2192
2193
2194
2196
2339
2418
2579
2587
2615
2639
2648
2746
2754
2806
2888
2903
2998
3066
3160
3210
3242
3263
3271
3283
3320
3343
3350
3369
3373
3396
3400
3450
3463
3475
3513
3536
3540
3557
3576
3578
3603
3622
3644
3664
3679
3746
3749
3807
3816
3857
3977
4013
4041
4132
4133
4271
4433
4445
4519
4904
4951
5023
5029
5039
5409
5620
5651
5711
5774
5933
5935
5996
6075
6140
6603
6604
6620
6634
6638
6733
6747
6764
6773
6784
6792
6818
6829
6831
6833
6841
6844
6859
6861
6862
6864
6865
6866
6880
6881
6883
6885
6889
6898
6915
6920
6928
6930
6942
6947
6964
6989
7000
7035
7051
7060
7063
7065
7071
7076
7082
7099
7104
7126
7137
7151
7152
7155
7165
7173
7181
7183
7196
7200
7203
7207
7212
7218
7219
7242
7251
7336
7401
7545
7908
7956
8033
8311
8320
8326
8586
8587
8641
8642
8729
8746
8840
9335
9377
9383
9385
9386
9389
9463
9510
9519
9564
9571
9611
9617
9651
9874
9950
10027
10107
10130
10154
10178
10184
10186
10196
10201
10205
10210
10211
10216
10217
10223
10227
10234
10245
10247
10251
10273
10282
10283
10291
10306
10311
10316
10318
10319
10322
10327
10331
10341
10342
10351
10355
10360
10362
10363
10371
10373
10380
10382
10402
10438
10440
10443
10448
10453
10456
10457
10462
10464
10465
10468
10474
10482
10486
10487
10495
10500
10504
10508
10509
10532
10536
10553
10559
10567
10574
10587
10597
10602
10612
10619
10621
10627
10634
10638
10639
10642
10650
10656
10659
10663
10675
10677
10679
10684
10692
10697
10702
10708
10722
10723
10729
10746
10755
10756
10858
11098
11106
11142
11143
11152
11164
11168
11212
11241
11247
11249
11253
11289
11292
11298
11300
11314
11327
11334
11370
11375
11376
11378
11383
11389
11407
11419
11435
11479
11483
11496
11505
11551
11556
11696
11768
12299
12501
12863
13019
13039
13126
13181
13186
13258
13321
13461
13508
13930
14000
14068
14097
14152
14156
14207
14335
14339
14370
14383
14384
14386
14388
14567
14640
14674
14768
14967
14968
14969
14970
14974
14977
14982
14994
15207
15216
15220
15815
15835
16167
16301
16302
18987
18995
19081
19082
19083
19087
19090
19388
19425
19926