0
1
66
70
76
77
78
574
582
932
957
978
1138
1185
1189
1191
1236
1292
1306
1354
1371
1373
1387
1388
1391
1518
1522
1524
1589
1757
1789
1866
1947
1953
2039
2040
2277
2424
2426
2549
2571
2591
2629
2665
2736
2782
2800
2824
2846
2856
2865
2891
2896
2934
2954
2956
2966
2974
2990
3018
3296
3335
3397
3594
3733
3741
4005
4016
4080
4106
4130
4347
4414
4519
4524
4592
4657
4680
4688
4733
4757
4760
4791
4802
4888
4896
4897
4950
4964
5024
5037
5447
5512
5529
5585
5614
5618
5644
5931
5952
5977
5998
6031
6077
6087
6129
6185
6196
6210
6217
6257
6258
6315
6333
6336
6352
6362
6388
6516
6550
6577
6607
6661
6672
6735
6842
6914
7225
7239
7363
7368
7374
7378
7389
7390
7395
7400
7403
7409
7536
7573
7631
7875
7907
8333
8366
8429
8443
8445
8467
8487
8494
8504
8509
8516
8520
8534
8599
8626
8718
8781
8881
8916
9314
9331
9333
9335
9367
9380
9384
9395
9396
9468
9519
9522
9572
9633
9643
9648
9650
9656
9699
10111
10118
10122
10144
10145
10146
10226
10231
10262
10316
10325
10328
10452
10456
10506
10519
10523
10543
10548
10607
10616
10648
10707
10735
10751
10756
10857
10859
10966
11091
11416
11587
11589
11598
11672
11822
12199
12271
12309
12339
12359
12416
12458
12464
12519
12527
12564
12582
12595
12598
12600
12635
12648
12658
12676
12684
12689
12694
12707
12722
12735
12748
12755
12762
12776
12856
12861
12882
12919
12925
12935
12941
12952
12962
12972
13013
13033
13101
13170
13246
13257
13276
13394
13404
13521
13641
13719
13830
13866
13917
14000
14025
14026
14048
14051
14055
14073
14075
14079
14080
14087
14090
14096
14097
14118
14334
14490
14519
14698
14700
14742
14819
14907
14910
14997
14998
15012
15014
15027
15034
15035
15044
15050
15051
15052
15054
15114
15124
15128
15141
15166
15357
15360
15362
15373
15374
15381
15424
15427
15428
15434
15438
15480
15488
15555
15566
15603
15724
15773
15791
15819
15822
15964
15965
15974
15979
16249
16298
16789
16868
16877
16882
16895
16896
16897
16900
16907
16920
16924
16926
16927
16933
16935
16939
16945
16947
16959
16963
16973
16975
16981
16990
17021
17034
17040
17044
17045
17049
17054
17055
17064
17067
17068
17075
17079
17099
17108
17109
17123
17129
17131
17138
17143
17150
17158
17169
17177
17179
17193
17197
17202
17204
17207
17217
17219
17237
17241
17244
17247
17248
17251
17253
17258
17265
17277
17278
17285
17291
17298
17302
17307
17313
17316
17317
17321
17325
17331
17332
17346
17350
17352
17356
17361
17368
17372
17382
17384
17395
17397
17404
17418
17434
17438
17444
17445
17448
17451
17456
17462
17464
17465
17466
17469
17474
17479
17489
17493
17495
17504
17512
17522
17524
17527
17532
17533
17539
17543
17546
17552
17567
17581
17582
17592
17594
17595
17601
17602
17614
17615
17637
17644
17651
17652
17656
17657
17659
17662
17664
17672
17680
17691
17692
17699
17700
17711
17715
17718
17722
17724
17731
17736
17742
17747
17752
17760
17761
17764
17771
17774
17777
17779
17793
17796
17797
17808
17816
17817
17819
17820
17828
17832
17833
17836
17842
17843
17844
17847
17849
17860
17863
17865
17873
17874
17880
17897
17899
17901
17913
17921
17936
17940
17942
17944
17952
17954
17955
17956
17959
17964
17973
17977
17978
17982
17988
17991
17994
18004
18009
18012
18034
18035
18039
18040
18043
18059
18061
18064
18066
18074
18075
18080
18089
18094
18113
18114
18115
18116
18118
18120
18125
18131
18137
18139
18142
18146
18147
18158
18183
18191
18197
18203
18206
18210
18214
18218
18219
18249
18255
18266
18275
18276
18277
18278
18297
18302
18312
18317
18326
18328
18332
18346
18350
18351
18355
18356
18358
18360
18361
18378
18389
18390
18394
18398
18401
18404
18406
18412
18422
18429
18433
18434
18443
18444
18450
18457
18459
18461
18462
18470
18475
18482
18489
18490
18496
18498
18520
18535
18536
18537
18545
18566
18587
18593
18602
18613
18766
18844
18865
18949
18950
18954
19025
19293
19333
19378
19415
19419
19422
19466
19487
19509
19533
19595
19615
19681
19999
20098
20129
20209