3
246
553
554
556
560
576
581
585
931
939
940
941
944
948
964
965
967
969
982
989
1000
1001
1003
1006
1007
1008
1009
1010
1013
1014
1015
1016
1018
1019
1020
1022
1031
1035
1069
1082
1311
1312
1313
1320
1322
1323
1353
1354
1356
1362
1364
1369
1372
1376
1377
1380
1382
1388
1391
1393
1414
1442
1486
1505
1506
1509
1512
1515
1516
1525
1534
1536
1539
1540
1541
1542
1543
1544
1546
1594
1601
1603
1628
1863
2066
2068
2072
2073
2074
2079
2086
2088
2089
2090
2092
2108
2110
2114
2116
2224
2227
2233
2293
2294
2295
2297
2299
2300
2301
2321
2356
2361
2429
2433
2440
2444
2455
2456
2459
2471
2520
2525
2998
3019
3027
3035
3045
3050
3075
3108
3149
3152
3718
3721
4230
4231
4234
4237
4238
4283
4284
4289
4319
4320
4321
4325
4326
4329
4344
4350
4354
4356
4357
4358
4361
4363
4417
4422
4462
4472
4530
4538
4539
4540
4542
4546
4547
4548
4552
4553
4561
4562
4563
4564
4569
4572
4573
4574
4576
4577
4578
4579
4580
4584
4610
4612
4633
4654
4688
4710
4751
4795
4821
4822
4823
4824
4825
4826
4829
4833
4839
4847
4899
4912
4913
4914
4916
4917
4918
4919
4920
4923
4932
4935
4936
4939
4940
4942
4943
4946
4966
4967
4969
4970
4972
4973
4974
4975
4976
4978
4979
4981
4997
5002
5003
5004
5007
5010
5045
5047
5058
5084
5085
5090
5091
5113
5118
5125
5126
5127
5128
5131
5132
5135
5138
5140
5141
5142
5152
5154
5218
5220
5228
5231
5238
5242
5243
5247
5248
5250
5254
5264
5269
5270
5274
5275
5277
5333
5335
5337
5341
5343
5345
5348
5353
5358
5368
5369
5370
5371
5374
5375
5376
5377
5384
5386
5413
5416
5427
5435
5436
5438
5442
5443
5446
5448
5453
5454
5457
5458
5461
5566
5583
5584
5585
5587
5598
5657
5660
5697
5704
5812
5824
5860
5870
5879
5884
5885
5886
5887
5919
6151
6154
6155
6158
6159
6163
6164
6166
6167
6169
6196
6197
6206
6207
6238
6243
6244
6245
6249
6250
6251
6257
6365
6370
6398
6420
6423
6424
6425
6426
6427
6429
6432
6436
6437
6444
6445
6452
6467
6470
6473
6476
6479
6483
6484
6488
6500
6508
6566
6567
6569
6570
6576
6578
6579
6581
6582
6584
6585
6586
6587
6588
6592
6593
6595
6596
6598
6599
6675
6694
6697
6699
6706
6711
7257
7258
7259
7260
7263
7264
7273
7277
7282
7287
7292
7295
7296
7301
7308
7324
7340
7343
7351
7426
7427
7428
7429
7431
7433
7449
7450
7451
7452
7453
7463
7465
7466
7471
7474
7475
7480
7486
7500
7510
7511
7512
7513
7514
7515
7516
7517
7518
7527
7551
7578
7579
7580
7588
7589
7590
7591
7615
7629
7637
7640
7642
7646
7648
7649
7652
7653
7654
7655
7656
7658
7659
7660
7661
7677
7705
7744
7821
7823
7829
7840
7882
7886
7892
7893
7894
7895
7896
7897
7899
7912
7917
7918
7965
7966
7968
7969
7973
7985
7987
8021
8048
8059
8060
8075
8076
8089
8094
8097
8113
8117
8118
8129
8134
8136
8141
8142
8146
8147
8150
8152
8153
8155
8163
8165
8166
8168
8169
8170
8173
8177
8178
8183
8188
8189
8190
8194
8202
8203
8204
8207
8211
8212
8213
8216
8220
8221
8227
8228
8237
8238
8239
8242
8243
8245
8249
8258
8260
8261
8266
8278
8281
8432
8433
8435
8436
8497
8498
8500
8501
8502
8503
8507
8510
8511
8513
8514
8515
8518
8530
8532
8534
8538
8542
8544
8549
8552
8559
8560
8561
8562
8564
8567
8568
8572
8579
8589
8591
8600
8609
8610
8611
8612
8615
8617
8618
8620
8623
8624
8625
8626
8628
8629
8630
8631
8632
8633
8634
8646
8651
8653
8654
8659
8664
8665
8668
8669
8672
8673
8674
8677
8679
8683
8686
8688
8693
8697
8698
8700
8701
8702
8703
8704
8748
8751
8757
8764
8767
8769
8771
8774
8777
8779
8780
8819
8825
8827
8828
8857
8859
8860
8873
8878
8880
8919
8942
8949
8954
8955
8956
8957
8958
8959
8965
8969
8970
8979
8980
8984
8991
8993
8994
8997
9000
9004
9005
9021
9025
9026
9030
9033
9041
9051
9052
9057
9067
9070
9078
9085
9086
9088
9096
9101
9105
9113
9124
9134
9135
9136
9140
9142
9163
9166
9175
9177
9187
9195
9196
9203
9209
9211
9214
9215
9222
9223
9228
9234
9237
9248
9249
9251
9258
9260
9261
9262
9265
9267
9272
9277
9279
9281
9294
9298
9303
9307
9431
9432
9433
9434
9435
9437
9438
9472
9473
9474
9475
9477
9478
9479
9480
9492
9494
9681
9705
9706
9709
9715
9719
9720
9723
9738
9740
9742
9744
9745
9746
9747
9750
9753
9754
9755
9756
9757
9758
9759
9804
9809
9810
9812
9822
9823
9824
9825
9826
9827
9829
9831
9840
9844
9847
9851
9854
9855
9860
9861
9881
9895
9900
9902
9903
9904
9906
9907
9909
9917
9960
9979
9980
10008
10014
10019
10032
10033
10036
10039
10040
10043
10046
10047
10049
10050
10051
10052
10054
10055
10058
10059
10069
10070
10072
10073
10077
10080
10095
10099
10101
10102
10137
10138
10139
10144
10145
10146
10779
10780
10782
10783
10784
10785
10786
10795
10797
10799
10802
10806
10812
10826
10832
10835
10838
10843
10844
10848
10849
10850
10851
10852
10881
10920
10921
10927
10928
10930
10931
10932
10933
10935
10936
10958
10959
10960
10961
10962
10963
10964
10965
10988
11016
11017
11019
11020
11021
11022
11026
11029
11033
11034
11039
11040
11044
11045
11047
11049
11051
11053
11054
11056
11088
11091
11513
11516
11578
11581
11582
11584
11585
11610
11613
11620
11621
11622
11642
11651
11655
11657
11659
11695
11701
11707
11724
11727
11728
11729
11733
11734
11735
11738
11741
11755
11757
11760
11761
11762
11763
11779
11780
11781
11783
11788
11790
11792
11793
11795
11797
11798
11799
11801
11807
11808
11809
11820
11821
11823
11825
11828
11834
11835
11837
11838
11844
11847
11849
11853
11855
11856
11859
11865
11867
11890
11892
11893
11898
11920
11921
11940
11945
11976
11977
11987
11993
11998
12006
12010
12014
12017
12020
12022
12024
12025
12026
12029
12032
12042
12046
12057
12066
12076
12082
12092
12103
12104
12110
12112
12115
12127
12133
12143
12150
12158
12168
12172
12209
12210
12211
12289
12296
12329
12330
12332
12340
12347
12351
12356
12366
12377
12383
12392
12399
12403
12406
12421
12438
12439
12450
12455
12472
12480
12486
12506
12509
12516
12518
12523
12524
12529
12536
12553
12565
12572
12592
12614
12618
12619
12627
12642
12645
12660
12662
12666
12680
12683
12686
12689
12701
12711
12712
12715
12722
12733
12735
12736
12739
12747
12759
12763
12776
12781
12784
12797
12802
12811
12815
12831
12840
12841
12844
12851
12853
12875
12876
12908
12909
12917
12929
12931
12941
12947
12949
12952
12958
12960
12961
12968
12971
12979
12986
12998
13000
13012
13023
13026
13027
13034
13041
13055
13056
13061
13071
13106
13110
13116
13132
13153
13154
13161
13168
13172
13184
13196
13208
13220
13222
13225
13230
13232
13234
13243
13276
13285
13294
13308
13325
13326
13331
13334
13335
13338
13349
13354
13368
13373
13389
13408
13418
13421
13434
13436
13437
13440
13449
13458
13459
13479
13481
13483
13486
13488
13495
13513
13537
13538
13542
13548
13549
13563
13566
13572
13576
13578
13582
13588
13596
13614
13624
13631
13633
13637
13638
13645
13650
13664
13671
13685
13687
13696
13698
13700
13712
13714
13715
13724
13725
13732
13733
13740
13741
13748
13753
13754
13757
13763
13770
13773
13849
13851
13855
13860
13947
13957
13962
13964
13965
13968
13974
14115
14120
14162
14163
14166
14168
14186
14193
14202
14208
14213
14222
14233
14265
14271
14281
14300
14305
14306
14317
14319
14321
14335
14336
14337
14340
14341
14342
14343
14350
14358
14360
14362
14363
14369
14371
14375
14402
14404
14405
14406
14417
14429
14434
14449
14457
14460
14468
14469
14470
14471
14480
14484
14485
14492
14493
14505
14511
14516
14519
14520
14527
14528
14532
14533
14536
14541
14542
14543
14544
14546
14547
14554
14555
14561
14577
14581
14584
14585
14602
14604
14606
14607
14608
14612
14625
14631
14632
14654
14657
14664
14667
14668
14684
14687
14692
14693
14695
14721
14724
14732
14733
14735
14736
14737
14749
14754
14778
14789
14803
14808
14810
14819
14826
14827
14828
14830
14833
14843
14848
14851
14857
14858
14859
14864
14870
14885
14892
14893
14907
14910
14923
14924
14925
14927
14928
14929
14930
14931
14933
14934
14937
14938
14998
15006
15010
15013
15014
15017
15022
15028
15030
15039
15041
15049
15058
15066
15114
15127
15128
15130
15134
15146
15262
15265
15286
15289
15293
15330
15340
15353
15355
15356
15358
15359
15361
15363
15364
15365
15366
15367
15368
15369
15371
15374
15376
15378
15380
15381
15451
15470
15471
15604
15643
15651
15653
15662
15664
15669
15676
15685
15688
15690
15783
15789
15825
15843
15845
15863
15864
15868
15869
15870
15871
15877
15882
15889
15890
15892
15896
15898
15899
15900
15902
15903
15906
15909
15910
15914
15920
15922
15925
15935
15956
15964
15965
15969
15975
15977
15991
15992
15998
16006
16007
16010
16015
16025
16027
16029
16030
16031
16034
16037
16046
16077
16078
16088
16091
16092
16096
16120
16121
16128
16129
16186
16187
16189
16192
16193
16194
16201
16202
16304
16307
16308
16311
16314
16315
16316
16317
16320
16325
16326
16327
16328
16329
16330
16331
16332
16334
16335
16336
16338
16340
16341
16344
16349
16355
16377
16385
16531
16534
16538
16582
16607
16608
16616
16645
16657
16659
16664
16667
16676
16677
16678
16686
16687
16694
16695
16704
16706
16718
16719
16720
16721
16722
16723
16736
16738
16751
16759
16838
16839
16841
16848
16882
16949
16999
17000
17011
17030
17043
17065
17082
17140
17142
17184
17190
17200
17229
17230
17231
17299
17303
17340
17342
17375
17377
17395
17402
17446
17452
17457
17504
17507
17532
17538
17573
17574
17581
17585
17613
17626
17630
17666
17716
17808
17842
17853
17854
17873
17874
17881
17899
17907
17916
17936
17982
18004
18052
18056
18091
18117
18161
18175
18181
18254
18271
18300
18339
18342
18366
18410
18458
18551
18590
18603
18604
18620
18910
19117
19121
19132
19134
19135
19137
19143
19146
19200
19206
19212
19223
19225
19228
19243
19256
19259
19263
19266
19273
19302
19309
19317
19320
19321
19323
19328
19345
19348
19357
19358
19361
19362
19365
19366
19434
19435
19439
19443
19444
19447
19450
19452
19463
19469
19476
19478
19479
19480
19483
19484
19487
19498
19501
19504
19555
19561
19577
19586
19590
19592
19593
19764
19777
19778
19779
19782
19787
19790
19795
19796
19798
19800
19802
19803
19807
19809
19812
19819
19827
19828
19836
19848
19879
19880
19882
19883
19884
19885
19886
19887
19897
19900
19904
19905
19906
19908
19909
19949
19953
19978
19983
19993
20089
20090
20092
20093
20094
20125
20130
20135
20137
20142
20188
20190
20191
20192
20194
20195
20196
20197
20198
20200
20201
20202
20203
20205
20206
20207
20208
20209