206
231
232
237
242
246
247
277
303
339
350
352
365
368
375
389
393
418
424
425
437
445
459
474
477
486
496
497
504
507
510
513
519
521
524
539
593
596
632
658
659
660
664
665
696
700
701
707
722
724
726
729
730
737
742
754
755
760
763
765
778
800
805
806
807
810
817
820
822
831
833
845
851
858
859
884
891
895
903
904
907
914
947
1645
1790
1805
1840
1896
1897
1900
1912
1913
1922
1937
1939
1940
1955
1968
2018
2277
2282
2374
2408
2424
2462
2494
2584
2928
3171
3220
3239
3258
3265
3288
3295
3308
3322
3335
3362
3368
3379
3382
3383
3395
3398
3402
3403
3420
3440
3444
3475
3476
3482
3487
3489
3507
3509
3513
3518
3551
3556
3560
3562
3581
3587
3600
3618
3628
3632
3637
3649
3653
3679
3681
3684
3689
3697
3699
3711
3716
3721
3730
3734
3764
3782
3792
3799
3806
3834
3852
3854
3877
3882
3893
3917
3933
3938
3946
3954
3958
3962
3964
3987
3988
3995
4015
4022
4028
4051
4058
4114
4138
4147
4178
4188
4193
4205
4206
4208
4211
4226
4353
4405
4434
4507
4876
5024
5034
5037
5289
5469
5473
5476
5477
5503
5504
5512
5524
5534
5545
5562
5662
6035
6064
6085
6099
6126
6171
6548
6552
6579
6600
6740
6744
6746
6759
6859
6889
6972
6996
7011
7071
7079
7098
7140
7141
7216
7240
7317
7357
7394
7397
7398
7403
7407
8292
8324
8354
8358
8361
8386
8387
8392
8402
8403
8406
8412
8423
8424
8427
8431
8484
8493
8587
8803
8810
9334
9344
9371
9395
9541
9580
9598
9735
10115
10178
10201
10260
10283
10286
10328
10362
10383
10405
10452
10469
10608
10618
10621
10629
10683
10892
10898
11078
11154
11161
11192
11204
11210
11219
11222
11224
11236
11241
11242
11248
11253
11268
11286
11297
11325
11333
11334
11338
11346
11353
11357
11370
11371
11373
11375
11377
11391
11398
11408
11412
11413
11415
11425
11436
11442
11444
11457
11460
11461
11462
11463
11467
11470
11477
11485
11486
11539
11544
11600
12435
12521
12650
12826
13047
13059
13906
14064
14173
14252
14284
14286
14440
14495
14762
15477
15482
15483
15484
15495
15509
15515
15520
15522
15530
15541
15555
15589
15611
15762
15771
15781
15798
18041
19083
19089
19923
19933
19939
19947
20145
20148