1455
2215
4347
4546
5014
5016
5017
5229
5594
5597
5834
7282
7283
7284
7285
7286
7287
7288
7420
7498
7673
7942
8020
8023
8437
8881
8882
8884
8885
8886
8887
8893
8900
8901
10016
11045
11059
11585
11850
12355
12359
12428
12591
12594
12619
12767
12866
12889
12979
13022
13514
13733
13814
13815
13816
13818
13819
14222
14475
14476
14477
14478
14479
14480
14481
14482
14483
14834
14916
14919
16203
16386
16398
16410
16416
16441
16455
16486
16508
16545
16555
16563
16595
16608
16637
18837
19560
19948
19950
19951
19952
19953