618
641
668
727
868
1138
1164
1563
1571
2003
2041
2119
2133
4865
4958
4964
5024
5081
5193
5396
5609
5890
5892
5895
5897
5898
5909
5910
5924
5927
5969
6040
6056
6064
6092
6093
6097
6100
6115
6117
6135
6137
6139
6171
6175
6177
6179
6180
6181
6182
6187
6209
6211
6532
6533
6540
6545
6559
6560
6561
6564
6565
6644
6647
6649
6654
6657
6662
6817
6940
7040
7163
7250
7359
7391
7397
7477
7491
7521
7524
7525
7663
7666
7667
7668
7669
7670
7896
8035
8326
8327
8420
8599
8602
9321
9322
9331
9335
9339
9360
9371
9383
9389
9390
9408
9410
9411
9417
9424
10045
10065
10125
10128
10136
10260
10305
10399
10610
10760
10761
10944
10953
10966
11001
11125
11136
11141
11317
11536
11537
11546
11570
11574
11575
12269
12271
12280
12283
12285
13237
13263
13322
13398
13415
13482
13535
13751
13821
13822
13823
13825
14024
14038
14047
14055
14057
14061
14062
14071
14073
14078
14096
14097
14098
14100
14136
14137
14146
14153
14155
14157
14224
14225
14411
14566
14661
14771
14783
15306
15317
15318
15320
15321
15323
15324
15390
15461
15478
15513
15600
15713
15715
15717
15720
15721
15724
15726
15730
15732
15733
15735
15738
15743
15746
15747
15748
15749
15750
15760
15762
15766
15773
16143
16146
16147
16166
16232
18458
18943
19093
19173
19304
19305
19306
19307
19308
19539
20110