19
61
85
250
274
333
391
532
596
610
620
622
640
643
677
683
719
760
762
773
783
794
800
810
811
832
836
882
888
897
1055
1065
1735
1752
1785
1800
1820
1921
2159
2172
2237
2333
2334
2336
2339
2340
2341
2364
2408
2418
2535
2551
2613
2642
2716
2809
2812
3064
3065
3071
3074
3214
3244
3305
3362
3531
3550
3657
3705
3775
3779
3804
3851
3980
3997
4180
4231
4295
4300
4500
5932
5979
6075
6079
6081
6093
6096
6108
6119
6130
6620
6629
6721
6744
6746
6748
6752
6755
6765
6768
6779
6815
6817
6818
6819
6825
6826
6829
6831
6834
6836
6841
6844
6851
6853
6854
6855
6858
6859
6865
6870
6871
6873
6878
6879
6882
6885
6886
6891
6898
6901
6902
6906
6910
6918
6923
6927
6932
6938
6940
6943
6944
6945
6946
6948
6949
6960
6961
6964
6966
6967
6971
6978
6981
6982
6985
6986
6989
6990
6996
6997
6999
7001
7002
7003
7012
7013
7017
7020
7021
7024
7025
7029
7030
7032
7039
7040
7050
7054
7058
7059
7060
7061
7065
7069
7070
7073
7077
7079
7080
7084
7088
7093
7097
7101
7107
7108
7109
7113
7116
7119
7121
7123
7129
7130
7131
7132
7136
7146
7148
7149
7154
7158
7167
7169
7170
7173
7175
7178
7182
7183
7185
7186
7188
7191
7196
7201
7207
7218
7219
7227
7229
7233
7236
7237
7240
7242
7244
7245
7247
7255
7378
8023
8034
8309
8311
8314
8316
8318
8326
8583
8641
8642
9313
9343
9516
9519
9617
9651
9865
9866
9868
9873
9874
9876
9877
9878
9950
10027
10148
10154
10163
10166
10167
10178
10179
10180
10185
10187
10194
10195
10201
10206
10212
10215
10227
10233
10241
10252
10254
10260
10262
10268
10273
10276
10279
10289
10294
10304
10307
10309
10322
10333
10335
10338
10344
10349
10354
10355
10361
10382
10390
10391
10393
10394
10402
10404
10413
10415
10417
10421
10422
10428
10436
10440
10447
10451
10454
10456
10457
10464
10472
10474
10475
10479
10481
10486
10487
10489
10496
10500
10507
10512
10521
10522
10527
10536
10537
10540
10556
10557
10562
10566
10574
10577
10581
10585
10597
10602
10604
10611
10619
10626
10627
10633
10634
10638
10639
10646
10648
10649
10653
10656
10659
10663
10665
10667
10668
10671
10682
10687
10689
10691
10693
10695
10698
10703
10708
10712
10722
10724
10725
10729
10741
10758
11095
11104
11109
11120
11123
11125
11136
11168
11169
11185
11186
11190
11193
11214
11215
11216
11217
11223
11227
11228
11238
11243
11245
11251
11254
11255
11256
11258
11270
11274
11286
11292
11299
11305
11318
11323
11324
11325
11342
11351
11355
11357
11358
11362
11369
11376
11378
11391
11394
11395
11401
11409
11413
11435
11436
11480
11493
11499
11502
11508
11509
11541
11549
11669
11768
11769
11770
11771
12299
12350
12376
12422
12443
12501
12502
12568
12583
12590
12713
12723
12729
12731
12786
12787
12830
12842
12868
13093
13107
13186
13321
13411
13424
13501
13508
13539
13547
13550
13629
13646
13683
13758
13790
13930
14080
14341
14370
14377
14382
14383
14386
14387
14388
14389
14390
14393
14395
14436
14640
14672
14682
14880
14968
14969
14975
14982
14985
15195
15220
15288
15521
15596
15708
15720
15794
15796
15798
15799
15800
15803
15807
15814
15815
15816
15818
15825
15834
16050
17515
18225
19003
19004
19005
19080
19081
19083
19084
19085
19087
19924
20009