1
200
405
436
557
1093
1095
1118
1119
1122
1128
1138
1140
1147
1164
1166
1172
1176
1178
1184
1189
1195
1198
1200
1348
1566
1572
1573
1577
1580
1588
1597
1598
1648
1839
1888
1998
2001
2048
2049
2054
2117
2119
2124
2125
2126
2127
2132
2133
2134
2136
2138
2166
2303
2305
2309
2378
2389
2393
2407
2469
3162
3878
4373
4386
4411
4414
4486
4499
4503
4505
4518
4866
4870
4875
4957
4959
4960
5073
5095
5164
5178
5185
5193
5197
5198
5200
5397
5400
5605
5639
5647
5777
5911
5938
5939
5941
5943
5945
5949
5954
5956
5980
6008
6030
6040
6046
6049
6063
6126
6132
6172
6173
6174
6175
6178
6185
6302
6548
6549
6560
6562
6564
6661
6670
6671
7395
7414
7521
7523
7525
7526
9314
9322
9352
9356
9364
9381
9399
9404
9406
9460
10626
11548
12272
12278
12284
12494
12514
12665
12992
13009
13074
13194
13350
13398
13597
13674
13719
13746
13751
13820
13821
13822
13824
13826
14001
14002
14007
14008
14009
14015
14022
14024
14025
14030
14031
14037
14038
14042
14044
14048
14056
14065
14073
14075
14084
14085
14086
14091
14092
14097
14136
14153
14158
14897
15172
15320
15323
15700
15756
16197
16744
18923
18959
18961
18990
19304
19305
19307
19536
19541
19543
19711
19731
20082
20083