1093
1098
1100
1128
1133
1136
1176
1187
1199
1201
1203
1347
1403
1431
1525
1599
1689
2058
2061
2121
2125
2148
2157
2162
2171
2185
2188
2190
2308
2311
2373
2375
2377
2391
2399
2422
2512
4236
4282
4302
4303
4305
4306
4307
4414
4828
4883
4894
5035
5041
5097
5111
5290
5623
5642
5687
5930
5933
5935
5945
5966
6049
6100
6257
6289
6351
6629
6631
6635
6639
6717
6824
6836
6957
7383
7536
7538
7549
7570
7714
7715
7719
7722
7728
7729
7731
7732
7907
7922
8028
8034
8211
8418
8519
8548
8584
8717
8718
8783
9389
9645
9761
9763
9765
9766
9769
9920
9924
9932
9939
9944
9962
10106
10123
10125
10128
10129
10131
10135
10139
10700
10853
10857
10900
10903
10907
10909
10911
11085
11569
12206
12220
12230
12482
12597
12627
12707
12748
13019
13057
13508
13598
14055
14065
14080
14094
14596
14741
14742
14743
14813
14817
15448
15612
15620
15708
15717
15739
15747
15759
15819
15826
15830
15831
15833
15858
15972
16102
16164
16165
16205
16264
16277
16299
16740
16864
16907
17079
17134
17293
17369
17387
17470
17969
18117
18123
18126
18136
18209
18476
18556
19022
19112
19118
19131
19199
19204
19219
19304
19305
19337
19342
19602
19613
19626
19674