7
12
15
24
25
28
43
49
66
79
87
90
93
96
100
116
125
128
166
169
179
182
386
2539
2553
2565
2569
2589
2594
2595
2601
2602
2610
2614
2617
2623
2629
2645
2651
2660
2664
2666
2668
2674
2682
2683
2689
2700
2706
2709
2716
2717
2718
2725
2730
2731
2750
2770
2773
2775
2791
2792
2811
2813
2814
2819
2820
2821
2829
2833
2843
2844
2863
2866
2868
2873
2875
2881
2883
2894
2902
2920
2921
2929
2939
2943
2951
2955
2960
2962
2967
2971
2977
2981
2984
2986
2990
2992
2997
3010
3012
3014
3016
3422
7923
8445
9935
9939
11008
13690
13785
14417
15836
16279
16280
16281
16282
16284
16285
16288
16289
16292
16293
16294
16295
16706