13
32
61
92
118
121
138
178
211
262
264
266
285
314
318
331
338
354
383
516
523
534
620
623
672
679
680
782
822
835
925
1217
1673
1796
1812
1821
1835
1884
1896
1924
1928
1951
2006
2276
2590
2600
2612
2646
2663
2685
2826
2893
2938
2947
2953
2985
3009
3215
3240
3270
3291
3302
3307
3323
3338
3363
3378
3413
3426
3435
3438
3440
3460
3474
3491
3493
3502
3517
3521
3539
3564
3596
3625
3674
3691
3785
3786
3791
3803
3824
3835
3903
3912
3929
3947
4182
4215
4216
4217
4439
4954
5464
5498
5513
5621
5644
6084
6140
6269
6621
6782
6887
6892
6954
6989
7104
7115
7184
7186
7237
7251
7355
7370
7371
7393
8364
8847
8854
9359
9364
9380
9519
9538
9568
9589
9620
9625
9870
9878
10365
10404
10424
10561
10580
10589
11104
11122
11135
11164
11344
11406
12346
12584
12628
13872
13895
13900
13903
13927
15155
15192
15196
15400
15559
15567
15623
15625
15778
16830
19084
19419
19642
20154
20160
20165
20171
20183
20184