24
27
28
47
63
69
73
79
81
92
101
102
114
118
130
133
140
146
152
164
188
204
223
245
247
316
343
431
471
596
611
620
642
643
645
650
728
780
783
855
921
928
1065
1701
1755
1800
1827
1939
1951
2166
2237
2247
2333
2334
2335
2338
2339
2340
2341
2365
2368
2369
2372
2373
2377
2388
2389
2390
2391
2392
2394
2397
2403
2405
2416
2418
2462
2549
2561
2589
2625
2633
2635
2642
2643
2646
2650
2669
2676
2684
2706
2720
2744
2764
2765
2788
2806
2818
2822
2844
2852
2855
2857
2858
2883
2892
2893
2897
2899
2942
2944
2946
2952
2973
2980
2984
2991
2995
2998
2999
3004
3005
3233
3247
3263
3280
3370
3373
3429
3450
3475
3504
3528
3536
3655
3664
3733
3775
3894
3919
3922
3958
4013
4017
4025
4069
4125
4132
4194
4221
4230
4235
4238
4294
4295
4299
4300
4963
5201
5203
5424
5933
5967
5970
5977
5978
5983
5986
6027
6045
6047
6074
6079
6084
6093
6096
6097
6103
6104
6108
6110
6113
6118
6119
6122
6130
6131
6134
6135
6137
6405
6557
6638
6721
6747
6765
6767
6768
6773
6776
6792
6808
6815
6819
6825
6826
6829
6830
6831
6834
6836
6838
6839
6844
6845
6851
6855
6859
6866
6870
6873
6885
6890
6891
6898
6901
6918
6923
6927
6943
6944
6945
6951
6961
6962
6964
6966
6967
6971
6974
6978
6982
6986
6995
7001
7002
7003
7012
7020
7025
7030
7032
7039
7040
7071
7073
7077
7079
7080
7084
7087
7088
7093
7097
7101
7108
7112
7119
7130
7131
7152
7155
7158
7167
7169
7173
7182
7185
7196
7200
7207
7218
7229
7237
7242
7244
7247
7385
7388
7717
7955
8009
8033
8305
8314
8320
8326
8340
8354
8642
9319
9374
9384
9401
9406
9487
9519
9521
9572
9608
9613
9617
9651
9864
9865
9866
9868
9871
9872
9873
9874
9875
9876
9877
9878
9934
9950
9960
9961
10206
10251
10252
10254
10259
10262
10276
10308
10314
10344
10364
10378
10404
10407
10411
10416
10431
10441
10444
10450
10457
10474
10478
10479
10496
10500
10505
10509
10514
10522
10526
10528
10536
10547
10553
10566
10567
10577
10597
10602
10610
10611
10614
10627
10633
10634
10655
10656
10659
10678
10679
10686
10691
10708
10729
10741
10744
10745
10757
10758
10765
11064
11065
11067
11068
11070
11071
11073
11094
11111
11113
11167
11186
11199
11208
11214
11215
11249
11268
11292
11358
11369
11389
11390
11391
11393
11396
11451
11463
11509
11555
11561
11567
12299
12306
12350
12422
12590
12622
12704
12713
12723
12729
12731
12786
12787
12826
12830
12836
12868
12975
13019
13107
13321
13411
13416
13446
13450
13501
13539
13931
14370
14386
14387
14388
14436
14562
14564
14570
14640
14648
14662
14682
14794
14968
14975
14983
15220
15288
15505
15521
15552
15610
15611
15795
15796
15798
15799
15800
15803
15805
15806
15807
15810
15811
15813
15814
15817
15818
15819
15825
15835
18058
18148
18468
19005
19080
19084
19102
19688
19915
19918
19926
19938
20156