2
56
77
195
217
229
230
236
240
241
245
252
254
261
278
280
295
296
298
303
308
309
310
314
322
324
331
334
339
341
342
345
348
350
354
356
365
373
375
384
389
394
396
399
408
412
413
419
422
424
425
432
434
435
436
441
445
451
465
466
467
480
481
486
492
496
498
501
512
515
519
522
523
530
539
543
544
595
607
611
612
617
618
619
627
641
651
652
660
664
665
671
687
708
725
730
753
760
762
786
807
814
824
826
840
847
850
866
869
880
902
903
905
914
915
918
935
957
971
972
981
989
992
1043
1140
1166
1222
1332
1353
1557
1572
1758
1769
1786
1805
1932
1947
1951
1961
1965
1993
2006
2049
2055
2104
2195
2310
2315
2365
2377
2412
2417
2425
2427
2462
2494
2510
2519
2657
2860
3061
3161
3205
3206
3208
3218
3228
3237
3238
3240
3244
3247
3255
3257
3258
3288
3293
3316
3319
3330
3350
3361
3370
3373
3397
3403
3409
3419
3444
3453
3467
3477
3479
3489
3496
3499
3505
3506
3509
3526
3535
3538
3551
3554
3580
3587
3624
3632
3633
3636
3639
3640
3653
3658
3665
3668
3673
3676
3677
3705
3709
3712
3717
3731
3734
3735
3737
3747
3754
3770
3783
3795
3803
3805
3831
3850
3857
3865
3877
3884
3893
3907
3908
3921
3923
3927
3928
3938
3940
3950
3952
3962
3963
3964
4014
4026
4050
4063
4078
4084
4120
4134
4136
4141
4178
4185
4186
4188
4202
4207
4216
4220
4222
4228
4243
4300
4376
4394
4405
4447
4448
4508
4524
4628
4630
4674
4721
4805
4814
4931
4949
4954
5001
5035
5184
5218
5268
5310
5318
5462
5463
5479
5494
5507
5509
5513
5566
5568
5573
5634
5662
5672
5673
5674
5675
5713
5736
5928
5934
5985
5986
6036
6043
6049
6053
6079
6080
6083
6087
6095
6096
6110
6120
6171
6172
6183
6209
6215
6257
6267
6382
6383
6385
6393
6394
6396
6399
6401
6407
6414
6426
6532
6542
6562
6604
6609
6629
6637
6640
6674
6717
6724
6725
6755
6793
6809
6810
6839
6860
6864
6884
6921
6938
6944
6989
6993
7027
7035
7040
7078
7098
7113
7146
7184
7242
7336
7365
7382
7386
7389
7408
7425
7522
7611
7613
7678
7731
7953
7954
8034
8317
8381
8388
8393
8403
8404
8407
8416
8421
8642
8810
8856
8944
9313
9314
9323
9343
9345
9350
9360
9363
9368
9374
9378
9385
9387
9389
9390
9392
9396
9400
9401
9468
9517
9538
9541
9572
9575
9581
9582
9586
9590
9592
9596
9597
9608
9611
9612
9618
9633
9639
9640
9647
9648
9649
9652
9654
9660
9663
9666
9674
9675
9677
9678
9770
9791
9863
9875
9877
9924
9972
10020
10031
10110
10121
10168
10179
10191
10192
10203
10264
10287
10320
10322
10331
10370
10382
10402
10422
10439
10440
10450
10452
10453
10476
10484
10517
10537
10556
10561
10567
10570
10586
10620
10634
10639
10647
10676
10677
10751
10859
10944
10986
10998
11007
11009
11102
11108
11109
11112
11135
11136
11161
11178
11186
11192
11215
11221
11237
11258
11259
11271
11276
11278
11279
11281
11283
11295
11297
11298
11312
11318
11326
11334
11337
11341
11349
11358
11361
11377
11385
11401
11402
11407
11416
11430
11431
11447
11468
11477
11480
11489
11490
11501
11502
11527
11533
11559
11598
11606
11624
11669
11767
11874
11875
12272
12407
12425
12474
12586
12632
12695
12716
12742
12745
12803
12839
12863
12927
12972
13035
13045
13104
13107
13169
13190
13206
13252
13347
13387
13453
13651
13719
13826
13867
13884
13887
13892
13895
13927
13931
14043
14052
14059
14078
14085
14093
14097
14100
14102
14103
14147
14151
14157
14204
14568
14647
14770
15149
15154
15171
15183
15184
15187
15189
15196
15216
15220
15325
15387
15395
15408
15413
15415
15422
15433
15440
15442
15448
15451
15472
15488
15499
15512
15516
15518
15527
15529
15577
15621
15630
15698
15711
15721
15723
15727
15729
15731
15735
15743
15748
15760
15762
15769
15771
15990
15992
15994
16000
16099
16108
16165
16261
16298
16338
16409
16478
16493
16553
16566
16709
16894
16919
16970
16972
17015
17021
17040
17113
17215
17239
17244
17250
17342
17400
17510
17518
17592
17593
17608
17680
17688
17694
17727
17729
17772
17895
17902
18067
18121
18155
18179
18287
18394
18497
18511
18544
18613
18629
18701
18800
18943
18978
19025
19056
19069
19080
19128
19131
19188
19233
19234
19238
19239
19242
19243
19245
19246
19250
19252
19256
19257
19258
19260
19264
19323
19337
19343
19344
19509
19579
19607
19609
19651
19670
19671
19696
19755
19805
19914
19916
20026
20105