1
2
11
15
17
20
22
24
26
27
29
32
33
34
36
37
39
40
41
45
47
48
49
51
56
60
62
67
68
70
71
76
77
78
86
88
93
94
95
96
99
102
105
106
107
109
113
115
116
120
125
129
131
132
133
134
136
140
142
143
144
146
147
152
153
155
156
160
162
163
166
168
169
172
173
176
178
184
187
188
192
194
196
202
211
215
218
224
232
238
244
245
246
267
269
272
275
278
279
285
292
298
299
303
305
311
313
322
325
326
327
328
329
334
335
336
337
340
345
354
355
356
365
366
367
368
369
371
372
373
377
380
396
398
399
401
403
405
406
408
409
412
421
424
426
427
429
432
434
437
438
441
444
446
448
451
452
455
463
466
475
477
481
486
487
488
490
498
501
510
511
512
531
532
534
536
540
541
542
549
563
573
575
593
594
595
601
605
608
612
613
614
615
618
619
621
622
623
628
637
640
641
645
646
650
651
652
655
656
658
659
664
666
667
668
670
671
673
676
680
681
682
683
684
685
686
690
693
695
696
698
700
701
705
709
712
713
717
718
719
724
727
728
729
730
735
737
738
745
747
750
751
753
754
755
756
757
759
760
761
764
768
770
771
772
774
776
779
780
784
785
786
787
790
791
794
795
798
801
805
807
812
813
816
817
821
824
825
826
831
832
833
846
849
851
857
861
862
865
870
871
872
873
875
880
881
883
884
885
889
890
892
895
899
900
903
907
909
912
914
915
916
917
918
921
924
926
941
942
946
959
1014
1040
1042
1043
1045
1046
1047
1060
1061
1062
1064
1066
1095
1098
1100
1103
1108
1109
1113
1115
1121
1123
1126
1127
1136
1138
1140
1142
1145
1149
1150
1153
1156
1170
1188
1189
1191
1194
1200
1201
1202
1205
1207
1222
1226
1229
1231
1312
1346
1348
1354
1478
1525
1533
1534
1549
1551
1555
1556
1563
1571
1597
1600
1614
1618
1660
1664
1666
1670
1675
1676
1677
1679
1686
1699
1716
1719
1721
1734
1737
1738
1747
1784
1792
1796
1802
1803
1804
1806
1810
1816
1817
1818
1820
1822
1824
1827
1831
1832
1834
1835
1848
1849
1851
1852
1860
1861
1862
1863
1868
1872
1874
1877
1879
1881
1882
1885
1886
1887
1897
1900
1901
1906
1909
1914
1916
1921
1930
1933
1936
1938
1944
1948
1952
1953
1955
1958
1969
1971
1973
1976
1978
1979
1983
1984
1985
1987
1992
1994
1995
1996
1997
1999
2002
2003
2004
2023
2024
2042
2048
2049
2051
2053
2055
2056
2060
2067
2100
2101
2102
2104
2124
2125
2136
2154
2158
2161
2167
2171
2175
2180
2195
2198
2201
2216
2218
2220
2223
2227
2240
2243
2244
2246
2247
2267
2269
2270
2272
2274
2275
2277
2278
2279
2282
2283
2284
2286
2288
2290
2304
2305
2306
2307
2308
2309
2310
2311
2325
2331
2365
2374
2375
2376
2386
2388
2389
2391
2394
2398
2419
2420
2430
2445
2448
2449
2450
2459
2461
2473
2475
2477
2479
2480
2481
2483
2485
2489
2490
2491
2492
2495
2497
2498
2499
2500
2516
2533
2534
2540
2543
2550
2553
2568
2569
2570
2574
2575
2582
2583
2586
2587
2590
2594
2597
2598
2601
2605
2606
2607
2608
2613
2614
2622
2626
2627
2633
2637
2639
2640
2644
2645
2646
2649
2650
2651
2652
2654
2657
2658
2661
2667
2673
2674
2680
2681
2682
2684
2686
2687
2688
2689
2690
2692
2693
2694
2698
2699
2719
2720
2723
2724
2727
2730
2732
2733
2736
2739
2743
2744
2749
2754
2757
2761
2764
2767
2768
2775
2776
2777
2780
2785
2797
2800
2801
2804
2805
2809
2810
2814
2815
2818
2824
2825
2826
2830
2837
2838
2843
2847
2848
2851
2856
2863
2864
2865
2879
2880
2883
2889
2891
2894
2905
2906
2910
2914
2916
2918
2920
2924
2926
2927
2928
2931
2934
2937
2939
2942
2943
2945
2948
2949
2952
2955
2960
2962
2967
2974
2982
2987
2991
2992
2996
2999
3003
3008
3009
3011
3012
3016
3017
3028
3030
3061
3062
3064
3158
3166
3172
3173
3174
3178
3179
3182
3191
3192
3193
3199
3209
3210
3212
3213
3215
3226
3227
3230
3234
3241
3246
3247
3248
3249
3251
3255
3260
3264
3268
3269
3270
3274
3277
3279
3280
3281
3282
3285
3287
3288
3289
3290
3291
3292
3294
3295
3306
3315
3319
3320
3322
3323
3331
3346
3349
3351
3353
3354
3357
3359
3364
3368
3372
3379
3380
3381
3386
3390
3393
3411
3413
3414
3422
3425
3433
3434
3437
3441
3442
3445
3447
3448
3453
3454
3457
3462
3466
3469
3470
3473
3482
3486
3487
3489
3490
3491
3495
3499
3502
3511
3512
3519
3523
3524
3525
3534
3545
3551
3553
3554
3557
3562
3564
3565
3568
3570
3579
3587
3593
3606
3617
3630
3636
3638
3643
3644
3647
3648
3650
3654
3663
3665
3677
3678
3679
3681
3682
3684
3691
3692
3696
3698
3705
3708
3710
3718
3719
3721
3730
3735
3745
3748
3749
3754
3756
3759
3762
3770
3771
3772
3775
3779
3792
3803
3804
3805
3809
3822
3823
3831
3834
3841
3843
3844
3847
3851
3858
3860
3862
3871
3873
3875
3876
3880
3881
3882
3891
3896
3897
3898
3902
3903
3910
3912
3913
3918
3925
3928
3933
3934
3935
3942
3946
3952
3954
3961
3962
3963
3965
3971
3973
3974
3978
4001
4003
4011
4025
4027
4029
4032
4038
4041
4042
4048
4049
4054
4059
4061
4074
4075
4077
4083
4092
4096
4097
4099
4101
4104
4115
4116
4119
4126
4128
4144
4152
4156
4163
4171
4172
4173
4174
4181
4188
4199
4204
4206
4207
4209
4210
4211
4215
4216
4218
4219
4225
4243
4244
4264
4265
4267
4268
4272
4273
4276
4296
4298
4310
4340
4343
4367
4368
4369
4377
4378
4382
4386
4391
4436
4483
4488
4495
4500
4517
4518
4521
4522
4525
4613
4672
4680
4828
4851
4853
4870
4872
4874
4876
4886
4893
4910
4928
4932
4937
4945
4948
4949
4951
4952
4953
4956
4962
4964
4968
5034
5035
5038
5042
5064
5066
5067
5068
5069
5070
5072
5073
5074
5075
5076
5077
5078
5079
5080
5081
5082
5083
5093
5098
5100
5103
5161
5185
5196
5201
5216
5230
5253
5261
5266
5289
5304
5305
5320
5370
5396
5397
5402
5408
5419
5421
5429
5464
5470
5472
5499
5504
5520
5522
5524
5527
5531
5532
5534
5536
5542
5545
5546
5549
5553
5554
5557
5561
5564
5583
5601
5603
5604
5605
5614
5620
5624
5627
5629
5630
5631
5632
5634
5635
5648
5649
5650
5663
5665
5667
5677
5679
5681
5682
5684
5685
5690
5691
5710
5711
5712
5726
5729
5730
5737
5738
5742
5743
5745
5748
5754
5756
5759
5761
5764
5765
5772
5790
5803
5916
5930
5931
5934
5936
5939
5941
5943
5955
5956
5958
5961
5963
5965
5966
5967
5969
5972
5979
5981
5984
5986
5987
5988
5990
5991
5992
5997
6000
6002
6004
6005
6007
6010
6017
6018
6024
6025
6033
6036
6038
6040
6042
6043
6047
6049
6055
6056
6064
6065
6067
6074
6076
6077
6081
6084
6085
6086
6087
6088
6092
6093
6095
6096
6098
6099
6100
6101
6103
6108
6109
6110
6113
6115
6116
6117
6118
6120
6121
6128
6134
6135
6138
6143
6148
6149
6150
6177
6195
6208
6209
6212
6254
6255
6256
6257
6258
6259
6261
6262
6263
6264
6265
6268
6269
6270
6271
6274
6275
6276
6278
6279
6280
6281
6283
6284
6285
6286
6287
6289
6290
6291
6293
6294
6295
6297
6298
6299
6300
6302
6303
6304
6305
6307
6309
6310
6311
6312
6313
6314
6315
6317
6318
6319
6320
6322
6323
6324
6325
6326
6327
6328
6329
6330
6331
6332
6333
6334
6335
6336
6337
6339
6341
6345
6346
6347
6348
6349
6350
6351
6352
6353
6354
6355
6356
6359
6360
6361
6403
6405
6407
6409
6411
6413
6415
6417
6418
6419
6444
6456
6459
6532
6537
6538
6600
6609
6610
6612
6613
6622
6623
6628
6629
6631
6635
6637
6646
6655
6658
6661
6672
6673
6716
6717
6719
6721
6743
6744
6745
6746
6747
6748
6749
6751
6752
6765
6766
6769
6770
6774
6775
6776
6780
6782
6796
6799
6800
6802
6804
6816
6818
6820
6821
6822
6829
6830
6832
6836
6841
6844
6845
6849
6850
6851
6857
6862
6868
6873
6878
6881
6883
6888
6893
6899
6901
6908
6910
6912
6913
6914
6915
6916
6919
6923
6924
6929
6932
6936
6938
6939
6940
6941
6944
6946
6947
6952
6956
6958
6959
6966
6969
6970
6972
6976
6977
6978
6980
6981
6982
6989
6991
6994
6996
7002
7004
7006
7011
7014
7016
7020
7023
7024
7027
7029
7033
7035
7040
7047
7048
7052
7059
7063
7065
7066
7068
7069
7070
7077
7078
7079
7083
7084
7087
7090
7091
7093
7097
7104
7105
7107
7108
7110
7112
7113
7115
7116
7117
7118
7121
7124
7126
7127
7128
7129
7131
7133
7135
7137
7140
7143
7145
7146
7148
7150
7154
7155
7157
7158
7161
7164
7166
7167
7168
7172
7173
7174
7175
7176
7184
7185
7188
7190
7192
7194
7195
7196
7197
7200
7201
7202
7209
7211
7212
7213
7214
7215
7223
7224
7227
7228
7231
7232
7234
7236
7240
7242
7246
7249
7252
7253
7314
7315
7316
7317
7318
7319
7320
7322
7324
7325
7326
7327
7328
7329
7332
7333
7334
7335
7336
7337
7338
7339
7349
7350
7353
7356
7357
7358
7359
7362
7377
7383
7389
7401
7405
7409
7414
7446
7454
7455
7459
7463
7469
7473
7480
7491
7495
7496
7534
7537
7546
7547
7553
7554
7562
7565
7571
7581
7608
7609
7612
7613
7614
7631
7715
7719
7720
7724
7726
7728
7733
7743
7750
7907
7920
7921
7922
7924
7928
7929
7932
7933
7934
7936
7940
7977
7999
8031
8032
8033
8034
8238
8239
8240
8242
8245
8287
8289
8290
8292
8294
8298
8299
8305
8306
8307
8314
8320
8326
8328
8336
8343
8345
8347
8348
8349
8351
8353
8354
8356
8359
8360
8362
8364
8366
8375
8376
8378
8380
8384
8385
8386
8387
8400
8402
8403
8404
8406
8408
8410
8411
8415
8416
8418
8420
8424
8431
8438
8440
8442
8443
8444
8446
8448
8449
8450
8453
8454
8457
8459
8463
8465
8466
8467
8469
8473
8476
8477
8480
8482
8483
8484
8485
8486
8487
8492
8493
8494
8495
8516
8518
8525
8532
8540
8542
8543
8556
8568
8586
8601
8603
8604
8612
8637
8638
8700
8707
8711
8763
8764
8769
8781
8783
8785
8795
8812
8813
8815
8816
8819
8829
8831
8832
8833
8837
8838
8840
8841
8842
8843
8844
8845
8846
8847
8848
8849
8850
8851
8852
8853
8854
8855
8856
8868
8870
8890
8944
8952
8972
9317
9318
9320
9325
9333
9335
9339
9346
9364
9367
9372
9375
9378
9386
9394
9400
9405
9408
9412
9430
9454
9456
9464
9467
9483
9486
9511
9513
9515
9517
9523
9537
9543
9553
9554
9559
9560
9561
9566
9576
9577
9579
9588
9603
9606
9614
9634
9643
9649
9650
9651
9652
9655
9657
9662
9663
9678
9698
9715
9730
9731
9732
9753
9754
9757
9758
9763
9766
9770
9789
9794
9809
9822
9863
9864
9865
9873
9875
9877
9923
9924
9932
9935
9939
9942
9949
9954
9955
9956
9962
9968
9970
9971
9972
9974
9975
9976
9977
9978
9986
9993
9994
9998
10004
10008
10021
10028
10060
10063
10064
10066
10084
10085
10086
10087
10088
10089
10091
10092
10093
10095
10096
10099
10105
10107
10114
10115
10116
10120
10126
10141
10150
10157
10158
10159
10163
10171
10174
10175
10176
10177
10178
10179
10181
10182
10194
10198
10201
10209
10216
10217
10218
10224
10232
10233
10234
10235
10237
10238
10248
10257
10265
10266
10267
10269
10274
10276
10279
10281
10290
10291
10296
10299
10303
10311
10318
10319
10320
10326
10332
10334
10339
10343
10350
10355
10357
10363
10364
10368
10370
10372
10378
10382
10386
10387
10389
10390
10392
10396
10399
10400
10405
10406
10407
10409
10413
10419
10421
10422
10424
10425
10427
10428
10429
10437
10438
10439
10441
10446
10449
10450
10453
10454
10456
10457
10459
10461
10463
10464
10466
10470
10472
10476
10478
10486
10489
10494
10495
10501
10504
10507
10508
10513
10514
10520
10522
10525
10529
10531
10539
10542
10543
10544
10546
10548
10552
10557
10558
10563
10564
10565
10570
10578
10582
10586
10588
10590
10593
10595
10597
10598
10599
10601
10602
10605
10607
10608
10609
10610
10611
10613
10615
10617
10623
10630
10632
10636
10637
10641
10644
10647
10648
10652
10654
10661
10673
10676
10678
10680
10682
10683
10685
10686
10687
10689
10700
10704
10706
10709
10714
10717
10718
10725
10726
10731
10733
10734
10747
10749
10750
10752
10753
10756
10757
10758
10760
10763
10765
10766
10770
10778
10853
10855
10856
10857
10858
10859
10861
10888
10889
10890
10892
10896
10905
10907
10908
10909
10938
10940
10955
10956
10957
10967
10969
10970
10978
10981
10998
11009
11066
11074
11075
11076
11079
11099
11103
11106
11108
11112
11113
11122
11126
11132
11139
11146
11148
11151
11157
11161
11166
11169
11173
11176
11178
11181
11184
11188
11204
11205
11206
11209
11214
11217
11221
11222
11224
11236
11237
11250
11251
11252
11256
11258
11261
11264
11265
11266
11267
11268
11270
11271
11272
11278
11279
11280
11285
11286
11287
11288
11291
11293
11297
11300
11303
11304
11305
11307
11312
11313
11314
11315
11316
11317
11320
11321
11322
11327
11332
11333
11335
11337
11342
11345
11353
11354
11356
11360
11365
11366
11369
11370
11372
11374
11375
11377
11378
11380
11381
11384
11387
11390
11391
11395
11398
11402
11403
11407
11411
11414
11415
11416
11420
11422
11425
11427
11430
11434
11435
11446
11447
11448
11449
11450
11451
11454
11458
11461
11462
11463
11464
11468
11469
11470
11473
11475
11476
11478
11480
11482
11485
11486
11487
11490
11491
11493
11494
11495
11497
11499
11504
11505
11509
11522
11524
11526
11527
11528
11529
11530
11532
11533
11536
11537
11538
11541
11542
11543
11544
11547
11548
11549
11550
11553
11554
11555
11557
11559
11560
11563
11564
11566
11567
11568
11570
11573
11574
11575
11577
11589
11591
11597
11605
11607
11614
11662
11664
11711
11716
11717
11719
11734
11738
11746
11772
11774
11775
11777
11800
11807
11810
11814
11826
11854
11856
11858
11862
11885
11886
11902
11906
11909
11911
11915
12185
12186
12189
12229
12237
12239
12241
12243
12250
12251
12271
12278
12279
12283
12284
12292
12299
12344
12346
12363
12370
12384
12398
12404
12421
12435
12454
12469
12474
12479
12481
12484
12488
12491
12503
12504
12514
12521
12527
12576
12586
12593
12595
12597
12599
12605
12629
12635
12651
12657
12664
12665
12668
12673
12677
12685
12686
12691
12698
12716
12721
12748
12752
12759
12765
12780
12786
12787
12790
12826
12828
12834
12838
12849
12863
12865
12876
12907
12924
12926
12929
12942
12949
12965
12972
12976
12981
12996
13005
13006
13013
13018
13023
13026
13028
13033
13039
13047
13052
13065
13078
13080
13090
13094
13095
13099
13113
13117
13134
13135
13138
13142
13156
13170
13176
13180
13193
13202
13229
13230
13236
13237
13249
13261
13269
13282
13301
13302
13327
13337
13346
13353
13357
13363
13381
13396
13399
13415
13432
13433
13448
13450
13451
13466
13474
13487
13492
13493
13510
13530
13580
13582
13587
13598
13600
13611
13628
13629
13630
13634
13636
13640
13641
13644
13652
13653
13655
13657
13658
13659
13665
13673
13675
13686
13687
13707
13709
13713
13717
13722
13726
13729
13747
13768
13775
13777
13791
13792
13796
13809
13823
13824
13836
13844
13846
13866
13868
13876
13878
13883
13892
13895
13916
13924
13929
13931
13955
13963
14001
14004
14006
14008
14018
14020
14038
14040
14056
14058
14075
14085
14093
14096
14133
14134
14135
14139
14150
14151
14158
14171
14192
14193
14195
14247
14249
14250
14260
14261
14262
14282
14284
14288
14290
14297
14302
14308
14309
14310
14311
14312
14315
14316
14329
14373
14386
14397
14407
14411
14439
14440
14441
14442
14445
14451
14474
14490
14539
14566
14570
14575
14586
14587
14596
14616
14620
14624
14640
14642
14646
14648
14650
14659
14671
14672
14691
14695
14702
14745
14759
14760
14761
14762
14774
14782
14783
14785
14787
14794
14797
14868
14872
14876
14877
14878
14879
14880
14881
14882
14898
14899
14902
14903
14963
14964
14965
14970
14972
14977
14978
14980
14982
14983
14984
14988
14989
15038
15083
15086
15088
15089
15092
15097
15098
15150
15154
15158
15160
15161
15163
15164
15167
15169
15170
15171
15172
15173
15175
15177
15178
15179
15180
15183
15184
15186
15191
15194
15198
15202
15204
15206
15211
15213
15214
15218
15298
15300
15302
15307
15308
15317
15322
15388
15391
15394
15395
15396
15398
15402
15405
15409
15416
15421
15455
15473
15477
15478
15480
15482
15485
15489
15490
15492
15493
15495
15497
15504
15510
15514
15515
15516
15517
15522
15523
15525
15526
15528
15531
15537
15538
15539
15543
15544
15545
15547
15549
15552
15554
15555
15557
15561
15562
15563
15564
15565
15570
15572
15573
15576
15579
15582
15585
15594
15600
15606
15609
15610
15621
15623
15625
15628
15630
15698
15707
15713
15717
15718
15719
15720
15721
15722
15723
15724
15726
15729
15731
15732
15734
15736
15737
15740
15742
15745
15747
15748
15749
15750
15755
15758
15760
15761
15762
15763
15765
15767
15769
15771
15773
15775
15778
15779
15795
15797
15803
15804
15805
15809
15837
15839
15842
15843
15844
15845
15847
15848
15852
15854
15857
15858
15943
15964
16022
16031
16054
16055
16056
16057
16059
16099
16100
16107
16168
16179
16180
16186
16188
16189
16205
16207
16210
16213
16217
16243
16261
16267
16271
16276
16280
16281
16282
16289
16295
16297
16298
16299
16300
16668
16680
16688
16709
16710
16712
16716
16726
16727
16728
16729
16732
16734
16736
16738
16761
16763
16770
16774
16775
16781
16782
16783
16787
16788
16789
16791
16792
16795
16797
16798
16800
16802
16803
16804
16807
16808
16810
16815
16817
16818
16821
16822
16824
16826
16827
16828
16829
16831
16834
16854
16861
16875
16960
16980
17056
17065
17066
17085
17115
17131
17145
17206
17226
17261
17263
17267
17279
17303
17311
17331
17339
17340
17453
17480
17505
17557
17566
17633
17670
17715
17723
17731
17736
17780
17810
17854
17857
17864
17865
17934
17948
17976
18002
18012
18028
18038
18045
18055
18088
18128
18129
18198
18199
18256
18272
18300
18312
18322
18334
18357
18375
18388
18434
18450
18453
18463
18476
18486
18556
18557
18593
18603
18607
18916
18917
18918
18922
18923
18924
18927
18928
18930
18933
18934
18935
18937
18938
18939
18940
18942
18952
18960
18975
19000
19016
19017
19018
19020
19024
19025
19028
19033
19034
19040
19047
19053
19054
19056
19057
19079
19083
19091
19115
19129
19130
19131
19142
19156
19160
19165
19167
19168
19173
19175
19176
19177
19180
19181
19182
19185
19187
19188
19191
19194
19198
19199
19202
19203
19205
19214
19220
19222
19231
19255
19290
19291
19319
19323
19339
19342
19344
19378
19406
19409
19412
19414
19416
19417
19418
19419
19420
19424
19426
19428
19429
19431
19469
19473
19474
19475
19483
19500
19505
19507
19508
19509
19512
19513
19533
19538
19539
19547
19581
19584
19596
19607
19609
19612
19613
19615
19616
19618
19619
19620
19621
19625
19626
19631
19640
19641
19648
19649
19650
19657
19658
19662
19665
19667
19670
19676
19678
19685
19686
19689
19690
19691
19720
19725
19734
19737
19738
19745
19764
19782
19922
19924
19935
19936
19937
19947
19989
19991
19995
19998
20005
20013
20028
20035
20037
20045
20048
20050
20056
20060
20067
20069
20070
20076
20079
20099
20101
20102
20103
20105
20107
20108
20117
20125
20129
20140
20144
20159
20161
20163
20174
20181
20186
20207