0
561
1079
1089
1090
1136
1205
1364
1497
1530
1587
1883
1974
1977
1986
1993
2034
2045
2046
2211
2213
2288
2315
2378
2408
2469
3043
3066
3453
3657
4304
4305
4346
4508
4606
4629
4633
4661
4679
4744
4767
4805
4812
4843
4949
5008
5017
5178
5218
5230
5233
5249
5257
5258
5267
5351
5361
5366
5564
5583
5584
5586
5587
5588
5589
5627
5643
5846
5959
6045
6192
6203
6249
6293
6382
6383
6384
6385
6387
6389
6391
6393
6398
6403
6404
6405
6406
6407
6408
6409
6410
6411
6412
6413
6415
6416
6418
6419
6728
6837
7303
7403
7421
7451
7457
7487
7488
7592
7594
7597
7598
7599
7600
7601
7602
7609
7678
7682
7688
7696
7699
7750
7873
7875
7881
8243
8246
8252
8278
8485
8531
8534
8547
8553
8590
8593
8595
8610
8662
8663
8666
8667
8669
8671
8673
8678
8683
8685
8788
8845
8890
8896
9172
9445
9500
9504
9507
9631
9686
9747
9787
9788
9791
9806
9828
9854
9884
9891
9979
9981
9984
9987
10060
10067
10074
10142
10956
10995
11014
11030
11050
11052
11581
11598
11613
11675
11681
11717
11719
11736
11821
11822
11839
11855
12318
12365
12380
12388
12459
12466
12687
12823
12894
12916
12955
12984
13003
13049
13073
13152
13173
13184
13348
13372
13444
13450
13471
13530
13616
13634
13703
13714
13721
13811
13817
13818
13864
14105
14111
14116
14201
14223
14515
14591
14701
14776
14953
15033
15063
15138
15223
15293
15326
15466
15467
15468
15469
15510
15587
15603
15609
15621
15623
15625
15791
15969
15973
16022
16069
16302
16357
16369
16456
16501
16549
16585
16605
16643
16675
16866
16890
16900
16937
16947
16950
16965
17005
17013
17042
17061
17071
17090
17095
17097
17099
17102
17118
17143
17150
17152
17164
17172
17176
17211
17214
17219
17222
17261
17277
17278
17295
17298
17305
17310
17314
17331
17358
17368
17372
17413
17434
17437
17443
17451
17482
17486
17491
17493
17513
17529
17531
17537
17553
17577
17579
17580
17602
17605
17608
17624
17626
17627
17652
17675
17677
17678
17688
17696
17697
17731
17742
17748
17749
17795
17797
17809
17876
17881
17895
17914
17922
17927
17928
17942
17943
17949
17954
17970
17978
17989
18021
18027
18049
18058
18064
18066
18099
18110
18117
18190
18195
18198
18215
18245
18251
18263
18275
18278
18297
18307
18310
18346
18351
18355
18360
18362
18382
18406
18427
18433
18439
18471
18476
18496
18515
18520
18538
18567
18591
18595
18694
18855
18973
19118
19157
19166
19215
19217
19233
19234
19242
19246
19257
19258
19304
19580
19773
20079
20080
20111
20113