7
25
26
37
53
114
181
191
195
197
198
199
200
202
203
204
205
206
207
209
210
212
214
215
216
217
218
219
221
222
223
224
226
227
229
230
231
232
233
235
236
238
239
240
242
243
245
247
248
249
250
251
252
253
254
255
256
257
259
260
261
262
263
265
266
269
270
274
275
276
277
278
280
281
283
285
286
287
288
289
290
291
292
294
296
297
298
299
300
301
302
303
304
306
307
308
309
310
312
313
314
315
318
319
321
322
324
325
326
327
328
329
330
331
333
335
336
337
338
339
340
341
342
343
344
345
347
348
350
351
352
354
356
357
358
359
362
363
364
365
366
367
368
369
370
373
374
375
376
377
379
381
382
383
384
385
386
387
388
389
391
392
393
394
395
397
400
401
403
404
407
408
409
410
411
412
413
414
415
416
417
418
419
420
421
422
423
424
425
426
428
429
431
432
433
434
435
436
437
438
439
440
442
443
444
445
446
447
448
449
450
451
452
453
454
455
456
457
458
459
460
461
462
465
466
467
468
469
470
471
472
473
474
475
476
477
478
479
480
481
482
483
484
486
488
489
490
491
492
493
495
496
497
498
499
501
502
503
504
505
506
508
509
510
511
512
514
515
516
517
519
520
521
522
523
524
525
526
527
528
529
530
531
532
533
534
536
537
538
539
540
542
543
544
545
546
547
549
569
589
591
593
595
598
601
604
607
612
617
618
620
621
627
628
630
632
634
641
643
645
646
648
651
652
653
658
659
660
663
664
665
666
667
668
670
671
672
673
674
676
678
680
681
682
683
684
686
687
688
689
691
693
694
695
701
702
704
705
707
709
710
711
712
713
716
717
718
719
720
721
722
723
724
725
727
728
729
730
731
732
733
734
736
737
738
739
740
741
743
745
746
748
749
750
752
753
754
755
756
757
760
761
762
763
764
766
767
768
769
771
776
777
778
779
782
783
784
786
788
790
791
793
794
796
797
798
800
801
802
803
804
805
806
807
808
809
810
811
812
814
815
816
817
818
819
820
821
822
823
825
826
827
829
830
831
832
833
834
835
836
837
839
841
842
843
845
847
848
849
851
855
857
858
859
860
861
863
864
867
868
869
870
871
872
873
874
876
878
880
881
883
884
885
887
888
889
891
892
893
894
896
897
898
900
902
903
904
905
906
907
908
909
910
911
912
913
914
915
916
917
918
919
920
921
922
927
932
938
944
960
974
1050
1053
1055
1057
1058
1065
1067
1100
1129
1173
1206
1207
1209
1213
1214
1215
1217
1220
1222
1223
1224
1225
1228
1236
1248
1257
1287
1292
1337
1557
1564
1567
1570
1571
1572
1637
1641
1664
1673
1677
1687
1700
1701
1702
1705
1707
1709
1710
1711
1712
1715
1718
1719
1720
1723
1724
1728
1729
1731
1732
1734
1735
1737
1738
1739
1741
1742
1744
1747
1748
1750
1751
1752
1753
1754
1755
1758
1762
1764
1766
1772
1776
1777
1779
1780
1782
1784
1785
1787
1788
1789
1791
1792
1793
1794
1796
1797
1798
1800
1805
1807
1808
1812
1820
1822
1823
1824
1826
1828
1833
1834
1843
1846
1859
1860
1862
1865
1867
1871
1873
1884
1887
1888
1889
1890
1896
1902
1904
1911
1914
1919
1920
1922
1923
1924
1925
1928
1930
1932
1936
1940
1942
1943
1945
1948
1949
1950
1951
1953
1961
1962
1965
1970
1973
1977
1979
1986
1988
1997
1998
2003
2021
2044
2047
2052
2054
2139
2141
2143
2146
2166
2167
2180
2183
2219
2222
2224
2225
2237
2241
2243
2246
2247
2268
2280
2285
2287
2289
2304
2306
2307
2311
2333
2334
2335
2336
2337
2338
2339
2340
2341
2364
2365
2367
2370
2377
2379
2381
2382
2386
2387
2392
2393
2394
2396
2397
2399
2401
2403
2410
2411
2413
2483
2486
2495
2496
2519
2541
2549
2566
2571
2687
2806
2888
2900
2903
2925
2928
2931
2945
3006
3058
3063
3064
3071
3178
3187
3192
3193
3195
3196
3198
3202
3204
3205
3206
3208
3209
3212
3213
3214
3216
3217
3218
3219
3220
3221
3222
3223
3224
3226
3227
3228
3229
3231
3235
3236
3237
3238
3239
3241
3242
3243
3244
3246
3247
3249
3250
3252
3253
3254
3255
3256
3257
3258
3260
3261
3262
3266
3268
3270
3271
3273
3274
3277
3278
3279
3280
3281
3283
3284
3285
3286
3288
3289
3290
3291
3293
3294
3295
3297
3298
3299
3300
3301
3302
3304
3305
3307
3308
3309
3310
3312
3313
3314
3316
3317
3318
3319
3320
3321
3322
3323
3324
3325
3326
3328
3329
3330
3332
3333
3334
3336
3337
3338
3339
3342
3343
3344
3345
3346
3347
3349
3350
3351
3352
3353
3354
3355
3358
3359
3360
3361
3362
3365
3366
3367
3368
3369
3370
3371
3372
3373
3374
3375
3378
3380
3382
3384
3385
3387
3388
3389
3392
3394
3395
3396
3398
3399
3400
3401
3402
3403
3405
3407
3408
3410
3411
3412
3413
3414
3415
3416
3417
3418
3419
3420
3422
3423
3424
3425
3428
3429
3430
3432
3433
3434
3435
3438
3439
3440
3441
3443
3444
3446
3447
3448
3449
3451
3456
3457
3459
3460
3461
3462
3463
3466
3467
3468
3469
3470
3472
3475
3476
3477
3479
3481
3483
3484
3485
3486
3487
3488
3489
3491
3492
3496
3498
3499
3500
3501
3503
3504
3505
3506
3507
3508
3509
3511
3512
3513
3514
3515
3516
3521
3522
3526
3528
3529
3532
3533
3534
3536
3537
3538
3539
3540
3542
3548
3549
3550
3551
3552
3554
3555
3556
3557
3558
3559
3560
3561
3562
3563
3565
3567
3568
3569
3571
3572
3573
3574
3575
3576
3577
3578
3580
3581
3582
3583
3584
3585
3586
3587
3588
3590
3592
3593
3594
3595
3596
3597
3598
3600
3601
3603
3604
3606
3608
3609
3612
3614
3616
3617
3618
3619
3620
3623
3624
3626
3627
3628
3631
3632
3634
3635
3636
3637
3639
3640
3644
3645
3646
3648
3650
3651
3652
3653
3655
3656
3657
3658
3660
3661
3662
3663
3664
3665
3667
3668
3669
3672
3673
3674
3675
3676
3677
3678
3681
3682
3683
3685
3686
3687
3690
3691
3692
3694
3695
3697
3699
3700
3702
3703
3704
3706
3707
3708
3710
3711
3712
3714
3715
3716
3717
3719
3720
3721
3722
3723
3727
3729
3730
3731
3732
3734
3735
3736
3737
3738
3739
3740
3742
3746
3747
3748
3750
3751
3752
3754
3757
3758
3759
3760
3761
3762
3763
3764
3766
3767
3768
3769
3770
3772
3774
3775
3777
3779
3780
3782
3784
3785
3786
3788
3789
3790
3791
3795
3796
3797
3799
3800
3803
3804
3805
3807
3808
3809
3811
3812
3813
3816
3817
3818
3819
3821
3823
3825
3826
3827
3828
3830
3831
3832
3833
3835
3836
3838
3839
3840
3842
3843
3845
3846
3847
3848
3850
3852
3853
3855
3856
3857
3858
3859
3861
3862
3863
3864
3865
3866
3868
3869
3870
3872
3874
3875
3878
3879
3880
3881
3882
3883
3884
3885
3886
3887
3888
3889
3892
3893
3894
3895
3897
3898
3899
3900
3901
3903
3905
3906
3907
3909
3912
3915
3916
3917
3918
3919
3920
3921
3922
3923
3925
3926
3927
3928
3929
3930
3931
3932
3936
3937
3938
3939
3940
3942
3943
3944
3946
3947
3948
3950
3951
3952
3954
3955
3956
3957
3958
3959
3960
3961
3962
3964
3965
3966
3967
3969
3972
3973
3974
3975
3977
3978
3979
3980
3981
3983
3984
3985
3987
3988
3989
3992
3993
3994
3995
3999
4002
4003
4004
4006
4008
4009
4011
4013
4014
4017
4019
4020
4021
4023
4024
4025
4026
4027
4028
4029
4030
4033
4036
4039
4040
4041
4042
4043
4044
4045
4046
4048
4051
4052
4053
4054
4056
4057
4058
4060
4062
4063
4064
4065
4066
4067
4068
4069
4070
4072
4073
4074
4075
4076
4078
4079
4080
4081
4082
4084
4085
4086
4087
4088
4089
4090
4091
4092
4093
4094
4095
4096
4097
4098
4099
4100
4101
4102
4103
4105
4106
4107
4108
4110
4111
4112
4113
4114
4116
4117
4118
4119
4120
4121
4122
4125
4126
4127
4128
4129
4130
4131
4132
4133
4134
4135
4136
4138
4139
4140
4141
4142
4143
4144
4149
4151
4152
4155
4156
4157
4158
4159
4160
4163
4164
4166
4168
4170
4171
4173
4174
4175
4176
4177
4178
4179
4180
4183
4185
4186
4188
4189
4190
4191
4192
4193
4194
4195
4196
4200
4202
4203
4204
4205
4207
4208
4209
4210
4212
4213
4214
4216
4217
4218
4220
4221
4222
4223
4224
4226
4228
4229
4230
4231
4232
4233
4234
4235
4236
4237
4238
4239
4241
4242
4243
4244
4245
4247
4292
4293
4294
4295
4296
4297
4298
4299
4300
4301
4302
4303
4305
4306
4307
4339
4378
4379
4380
4384
4403
4405
4413
4415
4430
4432
4434
4441
4443
4453
4457
4458
4473
4481
4483
4487
4500
4503
4505
4506
4512
4517
4518
4519
4520
4521
4522
4523
4524
4526
4527
4743
4844
4867
4874
4905
4908
4926
4930
4934
4947
4948
4949
4950
4951
4952
4953
4954
4955
4959
4966
4968
4981
5024
5034
5035
5036
5037
5038
5039
5040
5041
5042
5043
5092
5093
5094
5095
5096
5097
5098
5099
5100
5101
5146
5158
5164
5167
5169
5186
5194
5195
5196
5197
5198
5200
5231
5282
5370
5393
5409
5412
5419
5425
5426
5430
5462
5463
5464
5466
5467
5468
5472
5474
5477
5479
5482
5483
5485
5487
5488
5489
5492
5493
5494
5495
5496
5498
5499
5500
5502
5503
5504
5507
5508
5509
5511
5512
5513
5514
5515
5517
5519
5520
5523
5524
5525
5526
5529
5530
5531
5535
5546
5552
5561
5564
5599
5600
5606
5607
5608
5609
5610
5611
5612
5614
5615
5618
5619
5620
5624
5625
5627
5628
5629
5633
5635
5637
5640
5641
5643
5644
5645
5647
5650
5785
5788
5792
5794
5802
5928
5929
5930
5932
5936
5937
5938
5943
5953
5954
5955
5956
5959
5960
5962
5967
5970
5971
5973
5974
5977
5978
5979
5980
5981
5982
5983
5984
5985
5986
5987
5988
5989
5990
5991
5992
5993
5995
5996
5997
5998
5999
6001
6002
6003
6004
6005
6006
6007
6008
6009
6010
6011
6012
6013
6014
6015
6016
6017
6018
6019
6020
6021
6022
6023
6024
6025
6026
6027
6028
6029
6030
6031
6032
6033
6034
6035
6036
6037
6038
6039
6040
6041
6042
6043
6044
6045
6046
6047
6048
6049
6050
6051
6052
6053
6054
6055
6056
6057
6058
6059
6060
6061
6062
6063
6064
6065
6066
6067
6068
6069
6070
6071
6072
6073
6074
6075
6076
6077
6078
6079
6080
6081
6082
6083
6084
6085
6086
6087
6088
6089
6090
6091
6092
6093
6094
6095
6096
6097
6098
6099
6100
6101
6102
6103
6104
6105
6106
6108
6109
6110
6111
6112
6113
6114
6115
6116
6117
6118
6119
6120
6121
6122
6123
6124
6125
6126
6127
6128
6129
6130
6131
6132
6133
6134
6135
6136
6137
6138
6139
6140
6141
6142
6143
6161
6171
6173
6212
6299
6300
6328
6338
6403
6405
6406
6409
6411
6412
6414
6415
6416
6419
6531
6545
6559
6561
6562
6564
6602
6608
6609
6612
6615
6616
6617
6618
6619
6620
6621
6622
6623
6638
6639
6652
6653
6654
6655
6657
6661
6662
6671
6673
6674
6716
6718
6719
6720
6721
6735
6736
6738
6739
6740
6741
6742
6743
6744
6745
6746
6747
6748
6749
6750
6751
6752
6753
6754
6755
6756
6757
6758
6759
6760
6761
6762
6763
6764
6765
6766
6767
6768
6769
6770
6771
6772
6773
6774
6775
6776
6777
6778
6779
6780
6781
6782
6783
6784
6785
6786
6787
6788
6789
6790
6791
6792
6793
6794
6795
6796
6797
6798
6799
6800
6801
6802
6803
6804
6805
6806
6807
6808
6809
6810
6811
6812
6813
6814
6815
6817
6818
6819
6820
6821
6822
6823
6824
6825
6826
6827
6828
6829
6831
6832
6833
6834
6835
6836
6837
6838
6839
6840
6841
6842
6843
6844
6845
6846
6847
6848
6849
6850
6851
6852
6853
6854
6855
6856
6857
6858
6859
6860
6861
6862
6863
6864
6865
6866
6867
6868
6869
6870
6871
6872
6873
6874
6875
6876
6877
6878
6879
6880
6881
6882
6883
6884
6885
6886
6887
6888
6889
6890
6891
6892
6893
6894
6895
6896
6897
6898
6899
6900
6901
6902
6903
6904
6905
6906
6907
6908
6909
6910
6911
6912
6913
6914
6915
6916
6917
6918
6919
6920
6921
6922
6923
6924
6925
6926
6927
6928
6929
6930
6931
6932
6933
6934
6935
6936
6937
6938
6939
6940
6941
6942
6943
6944
6945
6946
6947
6948
6949
6950
6951
6952
6953
6954
6955
6956
6957
6958
6959
6960
6961
6962
6963
6964
6965
6966
6967
6968
6969
6970
6971
6972
6973
6974
6975
6976
6977
6978
6979
6980
6981
6982
6983
6984
6985
6986
6987
6988
6989
6990
6991
6992
6993
6994
6995
6996
6997
6998
6999
7000
7001
7002
7003
7004
7005
7006
7007
7008
7009
7010
7011
7012
7013
7014
7015
7016
7017
7018
7019
7020
7021
7023
7024
7025
7026
7027
7028
7029
7030
7031
7032
7033
7034
7035
7036
7037
7038
7039
7040
7041
7042
7043
7044
7045
7046
7047
7048
7049
7050
7051
7052
7053
7054
7055
7056
7057
7058
7059
7060
7061
7062
7064
7065
7066
7067
7068
7069
7070
7071
7072
7073
7074
7075
7076
7077
7078
7079
7080
7081
7082
7083
7084
7085
7086
7087
7088
7089
7090
7091
7093
7094
7095
7096
7097
7098
7099
7100
7101
7102
7103
7104
7105
7106
7107
7108
7109
7110
7111
7112
7113
7114
7115
7116
7117
7118
7119
7120
7121
7122
7123
7124
7125
7126
7127
7128
7129
7130
7131
7132
7133
7134
7135
7136
7137
7138
7139
7140
7141
7142
7143
7144
7145
7146
7147
7148
7149
7150
7151
7152
7153
7154
7155
7156
7157
7158
7159
7160
7161
7162
7163
7164
7165
7166
7167
7168
7169
7170
7171
7172
7173
7174
7175
7176
7177
7178
7179
7180
7181
7182
7183
7184
7185
7186
7187
7188
7189
7190
7191
7192
7193
7194
7195
7196
7197
7198
7199
7200
7201
7202
7204
7205
7206
7207
7208
7209
7210
7211
7212
7214
7215
7216
7217
7218
7219
7220
7221
7222
7223
7224
7225
7226
7227
7228
7229
7230
7231
7232
7233
7234
7235
7236
7237
7238
7239
7240
7241
7242
7243
7244
7245
7246
7247
7248
7249
7250
7251
7252
7253
7254
7255
7266
7315
7318
7321
7323
7336
7357
7358
7360
7362
7365
7366
7368
7369
7370
7372
7375
7390
7393
7399
7407
7408
7410
7436
7477
7495
7523
7565
7663
7667
7668
7670
7709
7715
7717
7718
7719
7720
7724
7725
7726
7728
7729
7733
7882
7890
7892
7894
7953
7954
7955
7961
7962
7995
8001
8003
8005
8008
8016
8019
8023
8026
8027
8028
8029
8030
8032
8033
8034
8035
8036
8290
8295
8297
8299
8308
8326
8335
8338
8341
8346
8353
8355
8359
8362
8364
8365
8368
8370
8371
8373
8376
8385
8386
8387
8388
8391
8392
8393
8396
8399
8403
8412
8415
8417
8420
8421
8430
8437
8445
8450
8451
8457
8460
8466
8470
8471
8482
8520
8553
8560
8563
8571
8575
8576
8579
8585
8588
8602
8603
8604
8639
8641
8642
8645
8706
8712
8723
8746
8781
8783
8834
8838
8840
8849
8850
8852
8856
8889
8894
8895
8908
9313
9316
9317
9318
9319
9325
9326
9329
9330
9331
9332
9337
9343
9345
9349
9362
9365
9372
9374
9375
9378
9386
9395
9396
9418
9419
9420
9428
9454
9456
9463
9493
9496
9502
9510
9512
9513
9514
9515
9516
9517
9518
9519
9526
9527
9528
9529
9531
9533
9534
9536
9537
9538
9539
9540
9541
9542
9544
9545
9546
9548
9549
9551
9552
9553
9554
9555
9557
9558
9560
9561
9562
9563
9564
9565
9566
9570
9571
9572
9574
9575
9577
9578
9579
9581
9582
9583
9585
9586
9587
9588
9589
9590
9591
9593
9594
9595
9596
9597
9598
9599
9600
9601
9602
9603
9604
9605
9606
9607
9608
9609
9610
9611
9612
9613
9614
9617
9618
9620
9621
9622
9623
9624
9625
9626
9627
9628
9629
9630
9631
9632
9633
9634
9635
9636
9637
9639
9640
9641
9642
9643
9644
9645
9647
9648
9649
9650
9651
9652
9653
9654
9655
9656
9657
9658
9659
9660
9661
9662
9663
9664
9665
9666
9667
9668
9669
9670
9671
9672
9673
9674
9675
9676
9677
9678
9708
9717
9719
9723
9730
9733
9735
9736
9750
9768
9863
9864
9865
9866
9867
9868
9869
9870
9871
9872
9873
9874
9875
9876
9877
9878
9889
9890
9924
9928
9937
9952
9957
9974
9976
9977
9978
10001
10027
10028
10039
10060
10062
10087
10101
10105
10107
10108
10109
10110
10111
10112
10113
10116
10118
10120
10121
10122
10123
10124
10131
10132
10141
10148
10163
10164
10167
10171
10175
10179
10185
10196
10198
10203
10204
10212
10215
10218
10220
10223
10225
10227
10228
10231
10232
10234
10236
10242
10244
10248
10252
10254
10259
10262
10264
10267
10268
10273
10275
10280
10286
10293
10296
10297
10299
10301
10302
10303
10306
10311
10315
10316
10317
10318
10322
10328
10331
10333
10336
10337
10340
10341
10344
10346
10347
10355
10356
10357
10358
10360
10364
10370
10377
10380
10383
10386
10387
10388
10389
10392
10393
10394
10401
10402
10406
10413
10415
10416
10423
10424
10425
10427
10431
10434
10438
10441
10443
10445
10447
10448
10452
10458
10462
10463
10464
10465
10466
10468
10469
10470
10473
10474
10475
10476
10477
10478
10481
10484
10498
10500
10501
10504
10506
10509
10512
10514
10518
10520
10522
10524
10525
10532
10535
10536
10537
10539
10542
10545
10547
10554
10557
10559
10560
10563
10564
10565
10568
10571
10572
10577
10582
10589
10592
10596
10599
10600
10604
10606
10609
10610
10615
10619
10622
10623
10625
10629
10631
10632
10633
10641
10642
10643
10646
10653
10654
10656
10660
10661
10662
10667
10671
10672
10678
10679
10680
10682
10683
10685
10689
10696
10698
10700
10702
10704
10705
10708
10714
10715
10726
10727
10731
10733
10734
10735
10738
10740
10752
10755
10757
10760
10766
10767
10770
10775
10776
10853
10858
10886
10888
10890
10891
10892
10895
10897
10898
10899
10901
10903
10934
10939
10944
10946
10947
10953
10954
10955
10956
10957
10970
10971
10972
10973
10974
10978
10983
10984
10999
11055
11092
11093
11094
11095
11097
11098
11099
11100
11101
11102
11104
11105
11106
11107
11110
11112
11113
11114
11115
11116
11118
11119
11120
11122
11123
11124
11127
11129
11130
11133
11134
11135
11136
11137
11138
11143
11144
11146
11147
11149
11150
11151
11152
11153
11154
11155
11156
11157
11158
11159
11161
11162
11163
11164
11165
11168
11169
11170
11171
11172
11173
11174
11175
11176
11177
11178
11179
11180
11181
11183
11184
11186
11187
11190
11192
11193
11194
11195
11196
11199
11201
11202
11204
11205
11206
11207
11208
11210
11212
11213
11214
11215
11217
11219
11221
11222
11223
11224
11225
11226
11227
11228
11230
11231
11232
11233
11234
11235
11236
11237
11238
11239
11240
11241
11242
11243
11245
11246
11249
11251
11253
11254
11255
11256
11257
11259
11260
11261
11262
11264
11268
11270
11274
11275
11278
11279
11280
11281
11282
11284
11285
11286
11287
11289
11290
11292
11293
11294
11295
11296
11297
11298
11300
11302
11303
11304
11305
11307
11308
11309
11312
11313
11314
11315
11316
11317
11318
11319
11320
11322
11323
11324
11325
11326
11327
11328
11329
11330
11331
11332
11333
11334
11335
11336
11339
11341
11342
11343
11344
11346
11347
11348
11349
11352
11353
11357
11358
11359
11360
11362
11363
11366
11367
11369
11370
11371
11372
11373
11374
11375
11376
11377
11378
11379
11380
11381
11383
11384
11385
11386
11387
11389
11390
11391
11392
11393
11396
11397
11398
11399
11400
11401
11402
11403
11405
11406
11407
11408
11409
11411
11412
11413
11414
11415
11417
11418
11420
11421
11422
11423
11424
11425
11426
11427
11428
11430
11431
11432
11433
11434
11435
11436
11437
11438
11439
11440
11441
11442
11443
11444
11445
11446
11447
11448
11449
11450
11451
11453
11454
11455
11456
11457
11458
11459
11460
11461
11462
11464
11465
11466
11467
11468
11470
11471
11472
11473
11475
11476
11478
11479
11482
11483
11484
11486
11487
11488
11489
11490
11491
11492
11493
11494
11495
11496
11497
11498
11499
11500
11501
11502
11504
11505
11506
11507
11508
11509
11520
11521
11522
11526
11527
11531
11533
11534
11535
11538
11539
11540
11541
11542
11544
11545
11546
11549
11550
11551
11552
11553
11554
11555
11556
11557
11558
11559
11561
11563
11565
11567
11568
11571
11572
11573
11576
11595
11600
11604
11607
11663
11664
11668
11669
11692
11694
11695
11696
11731
11766
11767
11768
11769
11770
11771
11772
11850
11879
11880
11902
11912
12298
12299
12301
12306
12307
12313
12339
12346
12350
12376
12381
12384
12402
12409
12422
12431
12443
12449
12461
12469
12475
12484
12494
12501
12502
12503
12514
12527
12541
12544
12568
12575
12585
12590
12597
12598
12622
12623
12628
12635
12637
12639
12665
12667
12672
12685
12704
12707
12712
12713
12716
12721
12723
12729
12731
12748
12753
12761
12768
12786
12787
12791
12798
12828
12830
12836
12838
12842
12848
12863
12868
12901
12912
12924
12926
12945
12959
12962
12983
12989
12992
13005
13011
13013
13024
13047
13050
13052
13057
13059
13065
13084
13093
13095
13097
13098
13099
13107
13111
13119
13124
13125
13126
13129
13131
13133
13137
13147
13171
13186
13194
13202
13229
13236
13256
13281
13282
13301
13302
13317
13319
13321
13329
13337
13346
13356
13357
13362
13378
13381
13387
13396
13397
13405
13411
13416
13419
13448
13450
13454
13457
13482
13483
13487
13492
13493
13501
13508
13532
13539
13550
13552
13574
13594
13600
13605
13628
13636
13640
13641
13649
13651
13652
13656
13667
13671
13675
13683
13686
13691
13710
13768
13772
13776
13783
13787
13790
13791
13793
13795
13821
13824
13825
13831
13834
13845
13875
13880
13885
13895
13900
13915
13921
13925
13929
13930
13955
13956
13961
14005
14009
14014
14027
14031
14042
14046
14051
14052
14058
14071
14076
14079
14087
14093
14105
14108
14132
14144
14146
14147
14156
14158
14224
14225
14231
14232
14234
14235
14238
14247
14250
14252
14254
14257
14261
14263
14271
14272
14273
14275
14280
14282
14284
14285
14286
14288
14292
14295
14298
14305
14312
14328
14335
14336
14338
14339
14340
14341
14370
14371
14377
14381
14382
14383
14384
14385
14386
14387
14388
14389
14390
14392
14393
14395
14407
14411
14432
14433
14436
14440
14441
14445
14462
14474
14495
14504
14562
14570
14576
14584
14614
14626
14640
14643
14644
14648
14672
14673
14692
14698
14700
14703
14704
14706
14707
14739
14740
14746
14755
14756
14766
14767
14780
14784
14785
14786
14787
14790
14791
14796
14797
14798
14799
14811
14856
14867
14868
14869
14880
14906
14917
14968
14969
14970
14977
14982
14985
14987
15008
15064
15128
15149
15156
15157
15158
15159
15164
15165
15166
15167
15170
15171
15175
15179
15180
15183
15186
15187
15188
15189
15191
15193
15194
15195
15196
15198
15199
15200
15201
15203
15206
15207
15208
15210
15211
15212
15213
15214
15216
15218
15220
15223
15288
15289
15290
15292
15293
15294
15313
15361
15366
15371
15373
15381
15382
15384
15385
15387
15389
15390
15391
15392
15393
15394
15395
15399
15400
15401
15402
15403
15406
15411
15413
15414
15415
15417
15428
15431
15438
15457
15474
15476
15477
15480
15485
15486
15487
15491
15492
15497
15498
15499
15500
15501
15504
15510
15512
15514
15515
15516
15519
15520
15522
15524
15526
15527
15528
15531
15534
15537
15540
15542
15550
15554
15558
15564
15565
15567
15571
15577
15578
15579
15580
15583
15584
15585
15589
15593
15596
15600
15609
15610
15619
15621
15628
15693
15694
15696
15697
15698
15699
15701
15703
15704
15705
15706
15707
15708
15710
15716
15719
15724
15759
15760
15765
15769
15778
15779
15780
15792
15793
15794
15795
15796
15797
15798
15799
15800
15801
15802
15803
15804
15805
15806
15807
15808
15809
15810
15811
15813
15816
15817
15818
15819
15820
15821
15822
15823
15824
15825
15827
15828
15829
15830
15831
15832
15833
15834
15835
15934
15936
15945
16093
16150
16152
16178
16179
16182
16183
16196
16197
16198
16199
16214
16217
16227
16243
16272
16706
16715
16716
16782
16800
16807
16809
16822
16833
17134
17179
17182
17345
17407
17552
17588
17604
17759
17924
17969
18032
18036
18209
18217
18260
18312
18363
18467
18483
18526
18746
18774
18823
18966
18969
18970
18974
18987
19005
19019
19022
19041
19042
19044
19045
19048
19056
19079
19080
19081
19082
19083
19084
19086
19087
19088
19092
19093
19098
19103
19105
19184
19202
19280
19284
19288
19289
19291
19312
19388
19468
19487
19501
19503
19505
19506
19509
19510
19512
19513
19516
19517
19518
19546
19606
19607
19608
19610
19611
19612
19617
19618
19619
19620
19621
19622
19624
19626
19628
19629
19630
19633
19634
19635
19637
19638
19639
19642
19644
19646
19647
19648
19650
19651
19652
19653
19654
19656
19658
19661
19662
19663
19666
19667
19670
19671
19672
19673
19674
19675
19676
19678
19679
19683
19684
19685
19686
19687
19688
19690
19693
19694
19695
19696
19698
19699
19722
19731
19734
19756
19830
19914
19924
19933
19935
19946
19971
20001
20002
20003
20009
20013
20014
20030
20038
20042
20048
20059
20084
20100
20103
20119
20147
20152
20153
20154
20158
20160
20161
20163
20166
20167
20168
20169
20177
20182
20185
20187