133
325
554
555
558
559
560
562
566
568
587
590
693
865
931
954
964
986
994
1001
1009
1016
1024
1027
1031
1033
1068
1073
1243
1248
1261
1282
1317
1322
1326
1329
1362
1425
1455
1502
1508
1511
1515
1516
1517
1519
1534
1543
1546
1594
1611
1616
1617
1620
1627
2075
2077
2084
2088
2089
2090
2094
2114
2214
2223
2229
2233
2236
2242
2316
2357
2441
2464
2471
2505
2520
3037
3044
3046
3077
3079
3081
3082
3088
3093
3098
3099
3100
3101
3102
3103
3107
3108
3111
3115
3128
3129
3133
3134
3136
3139
3142
3146
3152
3963
4324
4328
4333
4335
4341
4342
4348
4357
4363
4424
4427
4542
4543
4547
4550
4566
4571
4577
4582
4609
4651
4654
4660
4671
4687
4693
4694
4713
4716
4718
4745
4766
4807
4809
4847
4857
4913
4914
4916
4917
4918
4919
4920
4944
5003
5008
5009
5010
5044
5045
5046
5047
5048
5049
5051
5053
5054
5090
5226
5227
5228
5232
5237
5246
5331
5343
5344
5345
5347
5369
5370
5375
5382
5383
5385
5386
5413
5571
5574
5577
5585
5592
5654
5655
5656
5657
5658
5659
5660
5806
5807
5808
5809
5813
5814
5815
5816
5817
5818
5820
5821
5823
5824
5825
5826
5827
5828
5829
5830
5831
5832
5833
5834
5835
5838
5839
5840
5843
5844
5846
5847
5849
5853
5854
5855
5856
5858
5862
5863
5864
5865
5867
5868
5871
5872
5873
5874
5875
5879
5881
5882
5884
5885
5886
5887
5888
6193
6197
6199
6202
6204
6239
6247
6248
6253
6366
6443
6483
6484
6491
6494
6499
6505
6508
6512
6513
6514
6515
6584
6595
6599
6675
6677
6681
6683
6684
6690
6691
6692
6694
6695
6697
6700
6703
6704
6705
6707
6708
6709
6710
6711
6713
6734
7257
7263
7275
7290
7293
7297
7299
7300
7322
7431
7510
7513
7515
7516
7517
7638
7639
7641
7646
7649
7650
7651
7680
7689
7700
7701
7703
7706
7708
7760
7763
7765
7776
7778
7779
7781
7785
7790
7798
7802
7803
7806
7813
7815
7817
7819
7822
7823
7825
7826
7827
7831
7834
7835
7838
7839
7840
7841
7849
7851
7852
7853
7855
7859
7860
7879
7880
7896
7900
7903
7941
7942
7943
7944
7945
7946
7947
7948
7949
7968
7969
7973
7976
7981
7993
8038
8048
8052
8068
8078
8079
8084
8103
8104
8113
8116
8123
8127
8139
8142
8143
8147
8149
8156
8162
8164
8168
8175
8179
8210
8222
8226
8251
8270
8559
8567
8591
8617
8626
8628
8632
8634
8635
8646
8647
8648
8649
8650
8651
8652
8653
8662
8664
8665
8667
8670
8683
8689
8690
8691
8692
8693
8694
8695
8696
8759
8764
8773
8774
8775
8776
8777
8778
8779
8780
8794
8827
8864
8881
8882
8883
8884
8885
8886
8888
8891
8897
8898
8925
8934
8945
8947
8976
8987
8991
8992
8993
8996
8999
9001
9002
9003
9004
9006
9008
9009
9011
9014
9015
9019
9023
9024
9026
9028
9029
9030
9031
9035
9037
9038
9040
9047
9048
9051
9055
9063
9067
9074
9075
9076
9077
9080
9085
9089
9091
9096
9101
9102
9103
9106
9107
9110
9114
9117
9124
9129
9130
9141
9142
9143
9145
9149
9150
9155
9156
9158
9159
9160
9161
9162
9165
9170
9171
9172
9176
9179
9182
9186
9190
9191
9192
9194
9197
9198
9210
9214
9215
9216
9220
9223
9224
9225
9226
9229
9232
9234
9238
9243
9250
9251
9256
9258
9276
9282
9285
9287
9289
9290
9295
9300
9301
9302
9305
9307
9431
9438
9472
9477
9490
9684
9685
9688
9689
9690
9691
9692
9719
9774
9775
9776
9779
9781
9805
9814
9815
9817
9818
9819
9820
9822
9828
9832
9839
9896
9901
9902
9905
9908
9910
9911
9913
9915
9916
9958
10017
10044
10049
10070
10071
10146
10783
10785
10787
10788
10789
10790
10791
10792
10793
10794
10796
10806
10808
10809
10811
10813
10816
10820
10821
10822
10823
10824
10825
10826
10827
10829
10830
10831
10832
10835
10837
10838
10839
10840
10841
10842
10843
10844
10845
10912
10913
10914
11011
11020
11023
11024
11042
11054
11056
11511
11607
11608
11612
11694
11706
11707
11726
11740
11741
11764
11806
11810
11811
11824
11825
11847
11867
11868
11869
11877
11892
11894
11895
11897
11898
11899
11901
11916
11920
11932
11940
11941
11943
11944
11945
11946
11947
11948
11949
11950
11951
11952
11953
11954
11955
11956
11957
11958
11959
11960
11961
11962
11963
11964
11965
11966
11967
11968
11969
11970
11971
11972
11973
11974
11975
11976
11977
11978
11979
11980
11981
11982
11983
11984
11985
11986
11987
11988
11989
11990
11991
11992
11993
11994
11995
11996
11997
11998
11999
12000
12001
12002
12003
12004
12005
12006
12007
12008
12009
12010
12011
12012
12013
12014
12015
12016
12017
12018
12019
12020
12021
12022
12023
12024
12025
12026
12027
12028
12029
12030
12031
12032
12033
12034
12035
12036
12037
12038
12039
12040
12041
12042
12043
12044
12045
12046
12047
12049
12050
12051
12052
12053
12054
12055
12056
12057
12058
12059
12060
12061
12062
12063
12064
12065
12066
12067
12068
12069
12070
12071
12072
12073
12074
12075
12076
12077
12078
12079
12080
12081
12082
12083
12084
12085
12086
12087
12088
12089
12090
12091
12092
12093
12094
12095
12096
12097
12098
12099
12100
12101
12102
12103
12104
12105
12106
12107
12108
12109
12110
12111
12112
12113
12114
12115
12116
12117
12118
12119
12120
12121
12122
12123
12124
12125
12126
12127
12128
12129
12130
12131
12132
12133
12134
12135
12136
12137
12138
12139
12140
12141
12142
12143
12144
12145
12146
12147
12148
12149
12150
12151
12152
12153
12154
12155
12156
12157
12159
12160
12161
12162
12163
12164
12165
12166
12167
12168
12169
12170
12171
12172
12173
12174
12175
12176
12177
12178
12179
12180
12209
12210
12211
12289
12291
12305
12309
12315
12316
12320
12326
12330
12331
12334
12336
12340
12351
12363
12364
12368
12374
12380
12391
12393
12394
12399
12400
12401
12403
12404
12410
12416
12421
12427
12428
12434
12439
12445
12446
12456
12458
12459
12462
12464
12465
12471
12472
12483
12489
12490
12492
12496
12500
12509
12510
12512
12518
12523
12528
12531
12550
12559
12560
12567
12573
12576
12591
12593
12594
12596
12606
12607
12609
12621
12625
12626
12641
12648
12653
12654
12662
12663
12667
12671
12675
12694
12696
12701
12706
12708
12710
12714
12715
12717
12733
12741
12743
12744
12747
12749
12751
12754
12767
12775
12776
12784
12788
12789
12791
12792
12793
12795
12797
12799
12802
12803
12807
12811
12824
12827
12831
12852
12857
12864
12865
12866
12875
12876
12880
12889
12893
12898
12900
12902
12904
12920
12925
12933
12938
12939
12944
12945
12947
12950
12952
12953
12961
12964
12969
12971
12974
12999
13017
13023
13035
13054
13055
13070
13075
13076
13087
13088
13092
13110
13122
13132
13144
13146
13149
13157
13185
13190
13198
13204
13231
13234
13240
13242
13247
13248
13254
13264
13270
13295
13309
13338
13344
13349
13351
13354
13359
13376
13379
13386
13410
13414
13418
13426
13430
13436
13443
13445
13476
13478
13488
13489
13498
13505
13509
13519
13533
13534
13541
13548
13563
13572
13575
13581
13584
13604
13614
13618
13625
13643
13661
13676
13681
13688
13695
13696
13711
13720
13724
13727
13728
13730
13733
13740
13742
13747
13753
13759
13760
13767
13770
13773
13781
13788
13802
13804
13814
13858
13861
13933
13938
13957
13968
13970
13972
13978
13984
13985
13989
13990
13993
13998
14166
14182
14184
14212
14217
14218
14219
14223
14241
14242
14243
14334
14348
14353
14366
14372
14405
14410
14419
14420
14423
14424
14425
14427
14428
14438
14456
14465
14476
14484
14486
14493
14494
14506
14529
14531
14532
14533
14535
14543
14545
14550
14551
14552
14577
14581
14582
14602
14605
14622
14629
14636
14652
14658
14664
14666
14667
14669
14676
14678
14679
14681
14683
14684
14686
14687
14688
14711
14712
14716
14751
14754
14800
14801
14802
14803
14804
14805
14806
14830
14832
14847
14855
14861
14866
14868
14869
14884
14912
14916
14918
14925
14934
14954
15031
15033
15115
15131
15136
15144
15147
15148
15226
15227
15228
15230
15232
15235
15236
15238
15248
15249
15250
15255
15257
15259
15270
15337
15422
15446
15644
15647
15679
15684
15685
15789
15790
15825
15843
15861
15863
15867
15868
15871
15877
15881
15882
15883
15897
15898
15903
15905
15906
15907
15909
15910
15911
15912
15913
15914
15915
15916
15919
15920
15921
15930
15948
15949
15953
15955
15956
15961
15967
15968
15969
15976
15983
15991
15993
15996
16001
16026
16038
16045
16046
16062
16063
16071
16074
16078
16082
16122
16124
16128
16155
16156
16158
16161
16201
16203
16313
16318
16320
16324
16326
16327
16328
16329
16331
16332
16333
16335
16336
16337
16338
16339
16340
16342
16343
16344
16346
16351
16399
16446
16448
16463
16468
16491
16550
16554
16619
16634
16693
16695
16697
16698
16699
16700
16701
16702
16703
16704
16720
16721
16722
16723
16724
16842
16847
16875
16882
16932
16952
17016
17018
17184
17189
17206
17279
17326
17378
17435
17446
17459
17494
17544
17564
17591
17603
17606
17620
17670
17677
17693
17696
17701
17756
17767
17779
17786
17791
17820
17846
17848
17857
17882
17889
17891
17906
17929
17931
17934
17948
17963
18091
18107
18113
18139
18161
18162
18173
18180
18246
18272
18319
18321
18366
18385
18399
18421
18434
18450
18482
18519
18522
18527
18533
18534
18573
18609
18631
18636
18651
18657
18664
18668
18674
18685
18686
18692
18697
18700
18701
18705
18711
18714
18716
18717
18723
18727
18753
18765
18770
18772
18774
18776
18777
18782
18783
18786
18798
18800
18804
18807
18813
18818
18831
18835
18836
18841
18857
18864
18868
18875
18877
18884
18885
18889
18890
18904
18911
18968
18973
19011
19035
19037
19041
19044
19045
19051
19110
19111
19114
19138
19141
19151
19206
19212
19215
19237
19244
19252
19258
19273
19309
19326
19360
19362
19363
19366
19378
19380
19382
19383
19432
19433
19437
19439
19440
19441
19443
19444
19445
19446
19451
19452
19453
19454
19455
19456
19457
19458
19459
19460
19461
19462
19463
19465
19467
19502
19520
19525
19526
19548
19549
19550
19551
19553
19554
19555
19556
19557
19558
19559
19560
19561
19565
19567
19570
19573
19574
19575
19576
19577
19578
19776
19784
19813
19825
19843
19844
19845
19848
19849
19851
19852
19853
19855
19856
19874
19875
19878
19879
19880
19884
19888
19889
19893
19894
19909
19911
19951
19957
19958
19962
20096
20198
20199