0
1
10
13
31
42
54
57
58
61
71
73
74
79
91
98
106
107
115
116
118
123
126
129
135
156
162
163
195
199
200
201
208
213
219
240
246
247
252
275
277
284
290
294
296
303
325
331
338
339
343
354
355
364
370
406
408
411
435
436
440
445
447
453
459
460
473
474
475
489
493
497
498
502
510
519
525
526
539
551
558
561
562
571
574
581
588
596
601
612
618
622
624
629
640
646
652
655
656
657
658
664
665
668
674
676
677
678
682
686
690
693
694
696
699
702
703
708
709
710
711
713
714
715
716
721
722
723
724
725
726
730
731
733
735
738
742
747
749
751
752
755
756
758
762
764
765
766
767
770
773
777
778
779
783
784
787
789
790
792
794
799
803
805
806
807
808
809
810
811
812
813
814
815
817
819
820
821
823
824
827
831
833
837
838
840
843
844
845
848
849
850
852
853
854
856
857
859
862
864
865
867
868
870
873
874
876
877
878
881
882
884
885
887
888
889
890
892
893
894
895
896
897
898
900
904
905
906
910
911
912
914
915
917
919
920
922
923
927
934
937
938
959
965
969
977
983
986
990
996
1003
1035
1048
1087
1114
1129
1132
1136
1154
1172
1177
1187
1211
1214
1232
1234
1239
1242
1245
1247
1251
1259
1261
1267
1269
1276
1278
1287
1290
1295
1305
1308
1311
1314
1315
1353
1382
1403
1405
1408
1410
1411
1414
1419
1420
1421
1429
1430
1431
1435
1436
1437
1438
1439
1461
1467
1479
1487
1503
1509
1515
1525
1533
1535
1597
1599
1687
1701
1715
1721
1750
1751
1760
1763
1777
1789
1793
1805
1808
1812
1813
1816
1828
1834
1859
1860
1863
1864
1865
1871
1872
1873
1874
1875
1879
1881
1882
1890
1939
1942
1973
2004
2032
2035
2037
2042
2050
2051
2055
2058
2061
2068
2071
2073
2074
2081
2090
2111
2126
2138
2152
2178
2209
2211
2217
2224
2229
2232
2239
2241
2242
2258
2268
2286
2287
2288
2290
2294
2304
2305
2309
2310
2317
2318
2335
2336
2340
2345
2348
2365
2377
2382
2388
2400
2442
2445
2447
2458
2505
2506
2525
2526
2532
2537
2549
2558
2600
2602
2616
2622
2639
2648
2655
2656
2657
2667
2671
2676
2679
2686
2702
2707
2741
2751
2763
2766
2770
2771
2773
2789
2791
2805
2808
2809
2810
2824
2828
2849
2854
2877
2881
2884
2888
2900
2901
2908
2915
2923
2925
2950
2976
2987
2988
2994
2998
3000
3006
3008
3041
3043
3051
3052
3066
3118
3127
3147
3149
3162
3164
3167
3182
3185
3189
3192
3205
3207
3210
3212
3220
3221
3222
3233
3261
3274
3276
3279
3286
3288
3309
3310
3311
3326
3327
3329
3350
3356
3368
3373
3396
3400
3403
3423
3427
3436
3437
3454
3479
3486
3488
3501
3503
3513
3518
3536
3541
3545
3546
3551
3565
3576
3577
3582
3585
3586
3597
3603
3605
3616
3618
3628
3637
3642
3644
3648
3656
3664
3680
3685
3696
3697
3718
3724
3726
3730
3731
3742
3750
3760
3763
3794
3795
3796
3797
3801
3803
3806
3822
3823
3826
3838
3844
3852
3866
3879
3901
3917
3920
3931
3932
3940
3957
3968
3977
4009
4021
4028
4030
4032
4036
4038
4040
4049
4051
4055
4057
4066
4068
4074
4087
4089
4094
4127
4129
4132
4138
4157
4161
4163
4167
4176
4182
4199
4202
4205
4223
4229
4233
4234
4235
4236
4237
4238
4241
4288
4289
4290
4302
4305
4332
4333
4344
4345
4359
4360
4361
4386
4387
4416
4417
4418
4419
4420
4421
4422
4423
4424
4425
4428
4432
4434
4435
4437
4438
4442
4447
4451
4452
4454
4457
4458
4459
4460
4462
4463
4465
4466
4469
4470
4471
4472
4475
4476
4493
4530
4532
4539
4553
4564
4569
4573
4584
4585
4592
4606
4607
4611
4612
4623
4624
4627
4634
4635
4637
4643
4646
4647
4653
4654
4656
4663
4671
4676
4679
4687
4688
4695
4697
4706
4714
4717
4725
4730
4736
4738
4743
4748
4749
4751
4753
4756
4757
4758
4759
4790
4791
4799
4802
4805
4811
4816
4857
4883
4886
4887
4890
4891
4896
4921
4923
4926
4928
4941
4945
4954
4963
4981
4985
4987
4989
4990
4991
4992
4995
4997
4999
5000
5001
5004
5007
5011
5014
5019
5020
5035
5039
5042
5051
5086
5087
5092
5117
5118
5119
5123
5124
5126
5128
5130
5132
5133
5137
5138
5140
5142
5178
5182
5206
5208
5212
5216
5217
5225
5227
5228
5230
5231
5233
5236
5241
5242
5243
5248
5255
5257
5259
5260
5261
5262
5267
5271
5273
5274
5275
5316
5331
5336
5339
5347
5350
5351
5352
5353
5357
5367
5368
5370
5374
5380
5390
5435
5440
5445
5454
5457
5460
5467
5487
5495
5496
5498
5552
5555
5561
5564
5566
5569
5572
5573
5575
5597
5620
5644
5694
5695
5698
5699
5700
5713
5736
5756
5774
5789
5790
5811
5813
5939
5960
5962
5963
5964
5966
5975
5976
5977
5984
5986
5988
5991
5995
6007
6012
6014
6016
6017
6018
6019
6024
6026
6027
6028
6033
6036
6039
6041
6042
6048
6050
6054
6057
6059
6062
6063
6067
6068
6072
6073
6075
6095
6102
6104
6109
6113
6122
6123
6124
6128
6133
6140
6168
6188
6191
6192
6222
6228
6229
6230
6231
6232
6233
6234
6235
6236
6237
6239
6242
6249
6250
6265
6283
6291
6300
6305
6308
6350
6363
6365
6367
6368
6369
6370
6371
6372
6373
6374
6375
6376
6377
6379
6380
6381
6382
6399
6402
6420
6423
6424
6425
6426
6428
6429
6430
6431
6432
6433
6438
6440
6444
6445
6465
6467
6469
6473
6474
6480
6483
6487
6489
6491
6499
6501
6519
6524
6531
6567
6571
6572
6577
6629
6643
6654
6658
6662
6671
6674
6698
6700
6723
6725
6729
6730
6731
6733
6737
6749
6750
6758
6760
6768
6770
6771
6807
6842
6854
6858
6866
6868
6871
6872
6877
6879
6880
6882
6883
6890
6892
6894
6898
6899
6904
6906
6908
6909
6915
6920
6921
6924
6925
6926
6927
6928
6929
6930
6933
6934
6941
6942
6943
6946
6951
6953
6954
6955
6958
6962
6968
6969
6973
6974
6976
6979
6980
6981
6986
6988
6994
6996
6997
6998
7000
7004
7005
7007
7009
7015
7019
7020
7023
7024
7026
7027
7030
7034
7036
7039
7042
7044
7045
7049
7050
7052
7053
7057
7061
7065
7069
7070
7071
7072
7082
7083
7084
7089
7091
7094
7095
7097
7098
7099
7104
7106
7107
7110
7113
7116
7118
7122
7124
7128
7133
7134
7135
7138
7141
7142
7148
7149
7153
7154
7161
7167
7168
7169
7170
7175
7177
7180
7185
7200
7202
7205
7221
7223
7225
7227
7229
7231
7236
7240
7243
7250
7253
7277
7291
7302
7303
7323
7324
7326
7334
7335
7336
7340
7341
7342
7347
7348
7351
7353
7354
7365
7378
7391
7407
7454
7455
7457
7459
7460
7462
7463
7466
7469
7470
7471
7472
7473
7474
7482
7485
7528
7536
7537
7544
7569
7570
7573
7587
7595
7600
7612
7614
7629
7632
7633
7648
7666
7674
7675
7676
7678
7687
7691
7694
7696
7697
7708
7709
7711
7733
7737
7738
7771
7783
7786
7788
7793
7799
7808
7818
7822
7843
7844
7867
7868
7872
7874
7876
7879
7886
7899
7907
7910
7911
7912
7913
7914
7915
7916
7917
7918
7962
7972
7985
7987
7990
7991
7993
7994
7995
7997
7998
7999
8002
8004
8005
8006
8007
8008
8009
8010
8011
8012
8013
8014
8015
8016
8017
8029
8032
8077
8080
8099
8104
8106
8108
8117
8131
8155
8161
8166
8170
8193
8198
8202
8204
8208
8209
8211
8227
8228
8229
8230
8231
8232
8233
8234
8235
8236
8248
8249
8259
8265
8267
8268
8272
8276
8277
8298
8299
8314
8316
8347
8348
8349
8352
8358
8368
8373
8384
8391
8396
8420
8421
8480
8498
8500
8502
8503
8504
8506
8507
8509
8523
8525
8530
8531
8537
8543
8545
8547
8551
8552
8553
8555
8558
8559
8560
8561
8563
8564
8568
8570
8571
8573
8577
8593
8594
8595
8601
8603
8608
8609
8610
8612
8613
8619
8625
8626
8675
8680
8683
8684
8688
8697
8699
8712
8720
8721
8722
8723
8724
8725
8726
8727
8728
8729
8730
8732
8733
8734
8735
8736
8737
8738
8739
8740
8742
8743
8744
8745
8746
8747
8748
8749
8750
8751
8752
8754
8755
8756
8763
8766
8770
8776
8819
8821
8823
8825
8828
8830
8832
8833
8839
8845
8856
8872
8918
8923
8952
8954
8957
8958
8959
8960
8963
8969
8977
8978
8979
8980
8981
8982
8983
8984
8985
8986
8989
8997
8998
9004
9005
9006
9007
9026
9081
9193
9312
9313
9317
9324
9326
9328
9333
9336
9341
9343
9344
9345
9347
9350
9351
9364
9365
9373
9378
9381
9397
9400
9439
9441
9442
9443
9448
9449
9451
9463
9470
9481
9486
9487
9489
9496
9498
9501
9502
9503
9505
9506
9510
9512
9516
9542
9559
9621
9634
9642
9649
9663
9666
9679
9682
9683
9684
9685
9686
9687
9688
9690
9691
9692
9694
9695
9696
9697
9699
9700
9701
9702
9703
9704
9708
9711
9712
9713
9715
9716
9719
9720
9721
9722
9723
9724
9725
9727
9742
9751
9755
9758
9770
9804
9806
9831
9839
9854
9858
9865
9867
9871
9873
9874
9876
9877
9878
9880
9881
9882
9885
9887
9888
9889
9892
9893
9897
9899
9903
9911
9912
9918
9919
9920
9921
9924
9925
9926
9928
9930
9933
9934
9935
9937
9938
9939
9941
9944
9948
9949
9951
9952
9954
9958
9960
9961
9962
9963
9965
9966
9973
9979
9981
9985
9987
10005
10006
10008
10009
10010
10011
10012
10013
10020
10021
10028
10032
10033
10039
10043
10049
10069
10072
10073
10081
10091
10094
10095
10097
10101
10103
10137
10138
10139
10143
10146
10148
10155
10175
10176
10177
10178
10179
10180
10188
10194
10196
10204
10213
10214
10216
10221
10223
10226
10227
10228
10229
10234
10235
10240
10241
10242
10253
10254
10260
10262
10267
10273
10274
10276
10282
10295
10304
10309
10312
10313
10319
10320
10322
10326
10327
10331
10333
10335
10343
10350
10351
10355
10359
10362
10365
10369
10371
10373
10381
10383
10384
10385
10386
10388
10389
10392
10394
10400
10408
10413
10415
10416
10429
10430
10431
10432
10436
10440
10447
10456
10457
10463
10464
10467
10468
10470
10474
10478
10483
10486
10491
10492
10500
10507
10508
10512
10513
10517
10520
10521
10522
10525
10527
10529
10532
10534
10537
10553
10556
10564
10567
10574
10575
10581
10585
10597
10598
10600
10602
10604
10608
10612
10613
10619
10621
10625
10626
10627
10630
10632
10633
10638
10639
10644
10646
10649
10653
10656
10659
10661
10665
10666
10667
10668
10671
10672
10675
10678
10683
10691
10693
10694
10702
10708
10709
10715
10716
10721
10724
10725
10726
10740
10779
10783
10792
10793
10795
10797
10799
10800
10802
10803
10827
10828
10834
10840
10850
10858
10902
10904
10919
10920
10921
10922
10925
10927
10987
10990
10992
10993
10994
10995
11014
11024
11039
11047
11056
11058
11060
11061
11074
11086
11087
11089
11093
11095
11100
11107
11121
11126
11127
11130
11135
11138
11142
11143
11145
11146
11147
11149
11150
11151
11153
11155
11156
11158
11159
11162
11163
11167
11168
11169
11177
11180
11184
11185
11186
11189
11191
11193
11194
11196
11198
11200
11203
11204
11206
11208
11210
11211
11212
11214
11215
11216
11221
11222
11224
11226
11228
11229
11230
11231
11232
11233
11234
11235
11236
11238
11241
11242
11244
11248
11251
11255
11259
11264
11268
11270
11271
11273
11274
11275
11276
11278
11281
11282
11284
11285
11286
11287
11288
11289
11291
11293
11297
11299
11300
11303
11304
11306
11307
11308
11310
11312
11313
11315
11317
11318
11321
11324
11326
11329
11330
11332
11333
11335
11341
11342
11343
11346
11347
11349
11350
11351
11353
11354
11355
11356
11358
11360
11361
11362
11366
11369
11370
11371
11373
11374
11377
11378
11380
11384
11385
11387
11389
11391
11393
11396
11398
11402
11405
11408
11412
11413
11416
11417
11420
11421
11423
11424
11425
11428
11429
11430
11432
11433
11435
11438
11439
11441
11445
11446
11447
11449
11452
11455
11460
11463
11464
11466
11467
11470
11471
11474
11477
11479
11481
11484
11485
11486
11487
11489
11491
11493
11494
11495
11497
11498
11499
11500
11501
11505
11507
11509
11519
11520
11521
11524
11525
11527
11529
11531
11538
11539
11541
11542
11544
11545
11549
11550
11553
11554
11555
11557
11558
11559
11560
11565
11567
11568
11569
11570
11572
11577
11578
11581
11585
11614
11620
11634
11636
11637
11639
11640
11642
11643
11644
11645
11646
11647
11648
11652
11653
11654
11657
11658
11659
11663
11668
11672
11677
11680
11681
11686
11695
11706
11734
11736
11741
11747
11759
11764
11782
11795
11811
11813
11814
11815
11816
11818
11819
11820
11821
11823
11824
11829
11830
11831
11833
11835
11838
11840
11842
11843
11845
11852
11854
11862
11866
11870
11873
11886
11890
11917
11920
11925
11926
11929
11930
11932
11934
11937
11938
11940
11942
12012
12023
12034
12064
12068
12143
12207
12254
12255
12257
12258
12261
12262
12270
12281
12284
12289
12294
12297
12298
12302
12303
12304
12310
12319
12321
12323
12327
12329
12331
12335
12336
12341
12343
12347
12348
12349
12352
12353
12354
12355
12356
12360
12363
12365
12366
12372
12375
12383
12385
12387
12389
12392
12395
12399
12403
12405
12417
12421
12424
12425
12441
12444
12447
12448
12449
12450
12457
12461
12471
12473
12474
12475
12476
12478
12481
12482
12486
12497
12498
12501
12506
12508
12514
12516
12517
12525
12529
12530
12533
12535
12537
12538
12543
12550
12553
12555
12560
12561
12565
12566
12570
12579
12583
12585
12589
12595
12599
12600
12606
12608
12610
12611
12612
12614
12616
12619
12628
12631
12633
12638
12640
12642
12646
12651
12652
12653
12654
12655
12657
12660
12663
12666
12667
12672
12676
12678
12681
12682
12683
12687
12688
12692
12699
12703
12715
12716
12722
12727
12728
12731
12732
12733
12738
12740
12748
12755
12756
12760
12761
12762
12763
12765
12773
12774
12777
12778
12779
12781
12785
12789
12799
12800
12801
12812
12814
12815
12816
12821
12824
12825
12830
12836
12837
12842
12848
12856
12859
12860
12861
12863
12867
12871
12876
12879
12887
12890
12896
12897
12909
12915
12916
12922
12925
12927
12933
12936
12937
12948
12953
12957
12960
12963
12968
12972
12973
12976
12981
12982
12984
12991
13003
13008
13015
13017
13023
13030
13033
13040
13041
13045
13056
13059
13066
13077
13083
13090
13093
13103
13109
13112
13113
13114
13116
13117
13120
13121
13128
13136
13143
13157
13163
13164
13169
13170
13173
13174
13178
13179
13182
13187
13190
13195
13196
13197
13200
13205
13206
13208
13209
13214
13227
13230
13235
13236
13245
13246
13259
13260
13266
13267
13279
13284
13286
13293
13299
13315
13316
13317
13322
13325
13336
13337
13353
13362
13369
13374
13387
13398
13400
13404
13406
13411
13416
13418
13419
13420
13423
13424
13425
13435
13444
13446
13458
13459
13460
13464
13471
13473
13474
13477
13485
13486
13501
13502
13511
13522
13532
13539
13541
13545
13546
13549
13551
13553
13566
13571
13578
13580
13582
13588
13589
13592
13593
13602
13606
13611
13613
13615
13616
13617
13620
13631
13638
13646
13648
13650
13656
13663
13667
13670
13675
13676
13690
13691
13693
13705
13708
13712
13713
13718
13719
13722
13723
13726
13727
13734
13735
13738
13743
13745
13747
13750
13751
13758
13767
13768
13771
13773
13783
13791
13795
13796
13797
13810
13830
13836
13858
13859
13864
13927
13930
13935
13936
13938
13940
13942
13943
13944
13946
13950
13957
13958
13959
13960
13961
13962
13963
13973
14009
14038
14042
14048
14052
14056
14058
14059
14062
14074
14076
14078
14080
14085
14093
14096
14097
14102
14106
14107
14108
14109
14116
14117
14120
14122
14132
14142
14169
14197
14225
14227
14228
14230
14231
14233
14234
14235
14236
14250
14261
14268
14269
14270
14271
14273
14274
14275
14276
14277
14278
14280
14282
14292
14312
14321
14324
14326
14327
14328
14331
14333
14336
14337
14338
14339
14345
14346
14347
14359
14369
14383
14384
14399
14416
14417
14433
14434
14436
14440
14444
14446
14453
14455
14458
14459
14467
14473
14484
14487
14488
14496
14497
14498
14499
14500
14501
14502
14503
14504
14507
14508
14509
14517
14518
14520
14522
14523
14525
14536
14537
14539
14548
14557
14560
14588
14592
14599
14602
14606
14609
14622
14630
14631
14632
14648
14652
14655
14659
14673
14680
14682
14687
14692
14701
14707
14719
14721
14722
14723
14724
14725
14726
14727
14728
14729
14735
14737
14772
14791
14792
14793
14794
14795
14796
14847
14852
14853
14854
14855
14856
14857
14858
14859
14874
14875
14885
14887
14888
14889
14893
14894
14895
14907
14908
14909
14910
14915
14921
14927
14928
14930
14932
14942
14943
14944
14946
14952
14953
14954
14955
14956
14960
14968
14969
14985
14998
14999
15000
15003
15006
15012
15015
15019
15021
15022
15025
15027
15029
15031
15032
15033
15035
15036
15037
15038
15039
15042
15043
15048
15049
15059
15060
15070
15072
15073
15078
15105
15108
15109
15111
15113
15114
15115
15116
15117
15119
15123
15130
15134
15136
15139
15142
15146
15162
15165
15167
15186
15189
15195
15198
15199
15201
15204
15206
15207
15217
15218
15223
15240
15243
15249
15253
15287
15288
15290
15292
15293
15335
15339
15342
15344
15345
15374
15379
15380
15411
15420
15427
15429
15431
15434
15435
15437
15438
15439
15440
15450
15452
15461
15465
15468
15471
15479
15483
15487
15495
15496
15501
15504
15509
15515
15518
15520
15523
15529
15531
15541
15551
15552
15562
15573
15580
15589
15590
15593
15597
15603
15612
15613
15614
15618
15619
15620
15636
15637
15639
15640
15641
15642
15662
15663
15664
15665
15681
15682
15683
15686
15687
15689
15690
15693
15696
15708
15712
15714
15715
15718
15721
15722
15725
15726
15728
15729
15731
15732
15737
15738
15744
15745
15755
15756
15758
15759
15762
15763
15764
15765
15772
15778
15782
15785
15786
15787
15788
15789
15790
15792
15793
15795
15817
15819
15822
15823
15824
15826
15828
15832
15834
15835
15844
15869
15878
15933
15934
15935
15936
15937
15938
15939
15940
15941
15954
15958
15964
15965
15966
15967
15969
15971
15972
15974
15975
15977
15981
15983
15985
15986
15987
15988
15990
15992
15994
15996
15997
15998
16000
16002
16003
16004
16005
16007
16008
16009
16010
16011
16012
16013
16035
16067
16070
16090
16092
16094
16095
16098
16109
16135
16137
16138
16139
16141
16145
16160
16186
16189
16190
16193
16194
16213
16214
16216
16217
16228
16235
16243
16246
16250
16253
16259
16261
16263
16271
16274
16287
16302
16305
16315
16325
16378
16386
16395
16411
16417
16429
16448
16488
16496
16555
16569
16646
16648
16651
16661
16686
16706
16708
16716
16717
16755
16778
16779
16780
16784
16787
16790
16791
16796
16797
16802
16809
16813
16818
16819
16821
16823
16833
16838
16856
16860
16864
16869
16881
16882
16883
16885
16889
16890
16895
16896
16897
16898
16902
16904
16908
16909
16911
16915
16918
16920
16928
16933
16934
16937
16938
16941
16942
16944
16945
16947
16948
16951
16952
16953
16955
16958
16967
16970
16976
16982
16986
16989
16990
16991
16996
17000
17002
17006
17011
17013
17014
17017
17024
17029
17030
17031
17032
17033
17035
17037
17044
17050
17053
17057
17065
17067
17068
17071
17072
17076
17081
17083
17086
17093
17097
17100
17102
17103
17105
17106
17108
17113
17114
17116
17120
17121
17122
17125
17128
17130
17131
17134
17145
17146
17147
17148
17158
17159
17162
17169
17172
17173
17174
17182
17183
17184
17187
17188
17189
17190
17191
17196
17197
17200
17205
17207
17208
17209
17211
17213
17216
17221
17222
17225
17226
17229
17230
17231
17232
17235
17237
17242
17244
17249
17251
17252
17254
17255
17258
17274
17277
17281
17283
17285
17287
17288
17289
17290
17296
17297
17299
17302
17303
17306
17307
17308
17311
17317
17318
17321
17325
17329
17332
17333
17334
17339
17340
17342
17343
17346
17347
17353
17354
17357
17358
17360
17361
17363
17368
17369
17371
17372
17373
17375
17376
17379
17380
17385
17392
17394
17395
17396
17398
17399
17405
17406
17407
17408
17411
17413
17418
17420
17421
17425
17427
17429
17433
17434
17436
17437
17440
17443
17444
17451
17453
17462
17463
17474
17476
17477
17481
17482
17486
17492
17494
17497
17499
17501
17505
17506
17507
17508
17510
17512
17513
17515
17516
17517
17518
17519
17528
17529
17530
17532
17533
17535
17543
17549
17550
17556
17558
17562
17564
17566
17573
17576
17578
17580
17581
17582
17583
17585
17589
17592
17594
17596
17599
17600
17606
17608
17612
17613
17615
17616
17618
17625
17626
17630
17632
17633
17636
17644
17646
17650
17653
17654
17656
17659
17660
17662
17670
17677
17685
17686
17689
17691
17694
17697
17699
17708
17709
17710
17712
17713
17714
17716
17720
17726
17729
17730
17733
17735
17737
17739
17740
17741
17742
17743
17746
17748
17749
17751
17753
17754
17756
17762
17763
17764
17767
17775
17778
17780
17783
17786
17790
17792
17794
17797
17800
17802
17803
17805
17806
17809
17813
17815
17817
17819
17822
17823
17824
17826
17830
17841
17848
17854
17855
17857
17858
17860
17861
17862
17863
17865
17872
17881
17887
17889
17890
17891
17897
17899
17901
17902
17903
17906
17910
17914
17915
17917
17918
17920
17923
17924
17926
17931
17934
17940
17941
17943
17944
17945
17948
17952
17953
17954
17964
17965
17969
17970
17971
17973
17974
17977
17980
17981
17985
17994
17995
18003
18004
18005
18006
18009
18012
18014
18015
18018
18021
18022
18024
18025
18026
18028
18029
18032
18033
18034
18036
18038
18041
18043
18044
18045
18046
18047
18049
18051
18054
18062
18063
18066
18067
18068
18071
18072
18074
18082
18088
18091
18097
18101
18102
18104
18105
18108
18111
18112
18119
18122
18127
18128
18129
18130
18132
18136
18144
18145
18147
18148
18157
18163
18165
18167
18169
18177
18180
18181
18182
18185
18191
18193
18198
18204
18207
18208
18209
18213
18215
18217
18219
18227
18228
18229
18233
18235
18239
18241
18243
18244
18246
18252
18253
18254
18255
18257
18259
18265
18268
18270
18275
18277
18278
18282
18284
18285
18289
18297
18305
18308
18310
18312
18317
18320
18325
18326
18332
18336
18338
18339
18341
18346
18347
18350
18352
18356
18357
18358
18359
18361
18363
18364
18366
18368
18369
18371
18372
18376
18378
18380
18381
18382
18384
18387
18388
18394
18396
18398
18400
18401
18402
18408
18410
18411
18415
18418
18420
18421
18422
18426
18431
18432
18434
18444
18451
18453
18454
18455
18456
18460
18462
18469
18470
18475
18479
18481
18482
18483
18486
18489
18498
18500
18502
18504
18506
18507
18509
18511
18516
18518
18520
18525
18526
18528
18530
18536
18537
18540
18541
18543
18547
18551
18553
18554
18556
18557
18566
18568
18569
18571
18572
18573
18578
18587
18588
18591
18594
18595
18596
18597
18599
18603
18605
18609
18611
18614
18617
18618
18620
18628
18631
18633
18664
18690
18694
18716
18724
18736
18740
18753
18761
18770
18795
18816
18819
18827
18860
18868
18871
18875
18880
18890
18899
18970
18975
19006
19010
19017
19018
19021
19025
19030
19035
19040
19042
19043
19044
19046
19047
19048
19049
19050
19060
19069
19072
19078
19081
19083
19096
19103
19107
19108
19112
19115
19116
19118
19123
19124
19126
19143
19148
19150
19188
19223
19228
19230
19231
19249
19267
19268
19270
19272
19274
19275
19351
19353
19357
19358
19365
19366
19381
19394
19395
19396
19405
19407
19408
19410
19425
19430
19437
19438
19441
19476
19477
19478
19479
19480
19481
19482
19483
19484
19485
19487
19500
19501
19502
19504
19505
19521
19550
19564
19567
19587
19604
19605
19609
19611
19613
19616
19617
19618
19620
19621
19622
19624
19626
19628
19629
19631
19636
19641
19643
19644
19645
19647
19648
19649
19651
19653
19659
19661
19662
19663
19664
19665
19666
19668
19670
19672
19674
19677
19678
19681
19682
19683
19684
19685
19686
19687
19689
19690
19694
19695
19696
19697
19759
19762
19763
19775
19776
19777
19780
19782
19785
19789
19814
19819
19823
19824
19836
19837
19843
19845
19846
19847
19854
19855
19857
19859
19860
19861
19863
19864
19866
19871
19873
19877
19880
19887
19901
19924
19941
19943
19976
19987
19989
19993
20001
20013
20026
20122
20123
20124
20125
20126
20127
20128
20129
20130
20132
20133
20134
20135
20137
20138
20139
20140
20141
20142
20160
20177
20193
20194
20195
20196
20203
20206
20209