5
11
15
17
20
24
28
31
33
35
43
46
49
50
51
53
55
56
58
59
61
70
75
76
80
83
86
87
88
90
91
93
94
95
96
99
101
106
109
111
112
113
115
120
124
125
127
130
131
133
149
151
152
155
159
160
164
166
168
177
180
181
182
184
191
193
195
197
198
201
202
203
205
206
207
208
209
210
211
213
214
215
220
221
222
224
226
228
234
235
236
239
240
241
249
250
252
253
254
255
259
260
261
264
265
266
268
269
271
278
280
282
283
284
285
287
292
293
294
296
297
298
299
300
302
303
307
311
313
314
315
318
319
320
325
331
332
333
334
338
341
342
344
346
348
352
362
366
370
372
374
375
376
377
379
380
381
382
383
385
386
387
391
393
395
398
400
401
403
404
405
406
407
408
409
410
411
412
413
414
415
418
420
421
424
425
426
429
431
432
437
441
445
446
447
448
449
450
456
458
459
460
461
466
468
469
471
472
474
475
476
477
478
480
481
482
486
491
492
493
494
495
496
498
499
500
502
503
505
508
509
510
513
515
516
518
520
521
522
523
526
527
531
532
533
534
535
536
539
540
542
544
545
547
548
550
551
604
609
614
616
617
618
622
624
641
651
655
657
659
660
661
664
665
667
668
670
672
673
674
679
680
681
682
683
684
688
689
690
691
693
694
695
697
701
705
706
707
708
709
712
713
715
716
719
720
721
723
728
730
734
736
737
738
744
750
751
753
754
755
756
760
761
762
763
765
766
768
771
779
788
790
791
792
793
796
797
798
801
802
805
806
807
809
821
822
823
826
830
831
833
835
837
839
841
844
852
853
854
855
857
858
859
864
866
871
872
873
874
875
876
877
879
882
883
885
886
888
891
893
899
900
903
906
908
909
914
916
921
924
928
936
938
947
960
1052
1066
1129
1206
1208
1209
1210
1215
1222
1223
1224
1228
1229
1700
1762
1763
1767
1775
1781
1796
1798
1814
1823
1828
1887
1896
1904
1906
1918
1929
1940
1943
1953
1959
1965
1969
1972
1973
1974
1975
1980
1987
1993
2000
2003
2064
2065
2244
2249
2269
2275
2276
2280
2282
2285
2286
2288
2292
2311
2333
2338
2397
2494
2516
2536
2539
2553
2555
2557
2569
2574
2578
2579
2580
2581
2582
2583
2586
2590
2593
2600
2603
2611
2612
2614
2621
2622
2623
2627
2630
2634
2636
2641
2652
2664
2666
2669
2670
2678
2682
2683
2686
2687
2694
2696
2698
2702
2703
2706
2713
2719
2722
2727
2732
2736
2738
2742
2743
2745
2746
2749
2754
2765
2770
2771
2774
2775
2778
2779
2780
2781
2789
2790
2791
2794
2795
2796
2802
2812
2813
2814
2820
2821
2823
2826
2828
2835
2836
2837
2838
2839
2840
2841
2842
2843
2847
2848
2849
2852
2857
2861
2862
2867
2869
2870
2881
2882
2886
2888
2889
2890
2892
2894
2900
2904
2907
2910
2916
2919
2931
2939
2943
2949
2954
2959
2960
2964
2965
2968
2969
2971
2978
2981
2994
2995
2996
3003
3005
3009
3010
3059
3167
3172
3182
3192
3194
3201
3205
3206
3210
3212
3213
3220
3224
3225
3227
3230
3232
3234
3235
3236
3239
3240
3242
3243
3247
3249
3250
3257
3259
3261
3263
3264
3265
3266
3267
3268
3271
3273
3276
3277
3280
3282
3284
3285
3287
3288
3290
3293
3294
3299
3302
3305
3307
3309
3312
3313
3319
3320
3321
3322
3324
3326
3330
3332
3334
3336
3339
3341
3342
3346
3347
3350
3352
3353
3354
3356
3357
3358
3360
3361
3362
3363
3364
3366
3367
3368
3370
3372
3374
3376
3378
3380
3381
3382
3383
3384
3385
3389
3391
3394
3395
3396
3398
3399
3401
3403
3407
3410
3413
3414
3417
3418
3423
3426
3432
3433
3434
3435
3436
3437
3438
3439
3441
3443
3448
3449
3450
3454
3458
3460
3462
3470
3471
3474
3476
3479
3481
3484
3485
3487
3488
3492
3493
3494
3497
3498
3499
3500
3503
3508
3510
3511
3512
3514
3518
3519
3520
3521
3523
3526
3527
3532
3534
3536
3537
3538
3539
3540
3541
3542
3550
3551
3556
3560
3566
3567
3568
3573
3575
3577
3578
3583
3585
3586
3588
3589
3590
3595
3596
3597
3598
3603
3607
3609
3611
3616
3617
3619
3620
3622
3623
3625
3627
3628
3630
3631
3633
3634
3637
3638
3640
3643
3645
3646
3654
3655
3656
3658
3660
3661
3663
3664
3666
3667
3670
3672
3673
3674
3678
3679
3683
3685
3688
3689
3690
3691
3694
3695
3696
3699
3702
3705
3706
3710
3713
3714
3716
3718
3726
3727
3729
3731
3733
3734
3736
3739
3741
3742
3743
3750
3753
3755
3756
3759
3760
3761
3764
3767
3779
3781
3782
3783
3784
3785
3787
3789
3790
3793
3796
3797
3799
3801
3804
3805
3806
3807
3808
3809
3812
3814
3815
3818
3819
3820
3821
3823
3825
3826
3832
3833
3835
3836
3839
3840
3843
3847
3848
3849
3850
3851
3854
3856
3857
3858
3859
3861
3864
3865
3868
3871
3875
3877
3880
3882
3886
3887
3888
3889
3890
3892
3901
3903
3905
3909
3914
3916
3919
3920
3921
3922
3927
3928
3930
3931
3934
3936
3938
3940
3941
3944
3946
3947
3948
3949
3953
3960
3966
3968
3969
3970
3972
3973
3979
3980
3985
3987
3989
3991
3995
3999
4001
4004
4006
4007
4009
4011
4012
4013
4014
4015
4017
4018
4020
4023
4027
4028
4031
4032
4041
4043
4046
4047
4048
4050
4051
4056
4057
4058
4065
4066
4075
4080
4085
4087
4089
4090
4093
4095
4097
4100
4104
4108
4111
4114
4115
4123
4126
4128
4133
4136
4137
4138
4139
4145
4146
4151
4152
4155
4157
4158
4160
4163
4164
4168
4170
4173
4176
4178
4181
4183
4184
4185
4187
4188
4189
4191
4195
4198
4202
4203
4206
4207
4208
4209
4213
4215
4216
4217
4218
4221
4222
4223
4227
4228
4241
4245
4263
4272
4275
4298
4407
4415
4430
4431
4433
4434
4435
4440
4443
4449
4451
4454
4458
4487
4500
4874
4881
4926
4927
5035
5037
5092
5098
5143
5186
5324
5325
5464
5475
5477
5478
5479
5480
5481
5482
5485
5486
5487
5489
5495
5496
5497
5498
5501
5502
5503
5506
5507
5508
5510
5513
5514
5516
5517
5518
5520
5521
5522
5524
5525
5526
5528
5529
5531
5610
5618
5632
5638
5644
5767
5770
5787
5791
5802
5803
5954
5959
5964
5965
5968
5969
5971
5973
5975
5976
5979
6027
6032
6035
6037
6044
6045
6053
6057
6058
6079
6081
6084
6089
6097
6102
6110
6111
6113
6118
6119
6120
6121
6122
6123
6125
6126
6130
6131
6133
6134
6267
6280
6287
6288
6412
6414
6563
6564
6601
6614
6621
6738
6740
6742
6747
6748
6751
6758
6759
6761
6762
6763
6768
6770
6771
6774
6776
6778
6783
6786
6787
6789
6791
6792
6794
6795
6797
6798
6801
6802
6803
6806
6809
6810
6815
6817
6819
6821
6822
6823
6824
6826
6829
6831
6833
6835
6836
6843
6847
6850
6852
6855
6856
6859
6860
6861
6865
6867
6870
6875
6876
6880
6882
6884
6885
6886
6889
6891
6892
6894
6896
6899
6901
6902
6905
6906
6907
6908
6912
6914
6915
6916
6917
6922
6923
6926
6930
6931
6932
6937
6938
6940
6944
6946
6950
6957
6960
6964
6966
6967
6968
6970
6973
6975
6986
6987
6988
6989
6991
6992
6994
6996
7000
7001
7012
7021
7024
7026
7028
7037
7039
7042
7043
7057
7064
7065
7066
7069
7070
7071
7072
7075
7079
7080
7082
7083
7086
7087
7092
7093
7100
7103
7114
7119
7125
7126
7129
7131
7134
7136
7137
7141
7143
7144
7147
7148
7150
7155
7157
7158
7159
7164
7167
7169
7172
7176
7177
7178
7182
7189
7193
7194
7196
7199
7200
7203
7207
7212
7218
7219
7224
7227
7230
7231
7233
7235
7237
7240
7243
7244
7245
7251
7252
7253
7355
7359
7366
7367
7370
7374
7375
7378
7380
7385
7388
7389
7392
7393
7394
7395
7398
7399
7406
7407
7408
7413
7414
7415
7446
7668
7733
7919
7923
7924
7925
7927
7930
7931
7935
7936
7937
7938
7939
8290
8294
8295
8296
8297
8299
8308
8316
8319
8320
8326
8327
8334
8338
8344
8354
8355
8358
8359
8382
8396
8397
8403
8415
8417
8422
8423
8428
8563
8712
8837
8853
8908
9325
9328
9331
9332
9341
9345
9364
9367
9370
9374
9375
9376
9378
9384
9387
9390
9396
9407
9411
9416
9420
9422
9424
9426
9427
9454
9455
9457
9460
9467
9481
9485
9512
9517
9521
9522
9526
9528
9529
9533
9534
9535
9536
9537
9539
9540
9541
9542
9543
9544
9546
9547
9548
9549
9550
9551
9553
9555
9556
9558
9559
9560
9561
9562
9563
9564
9566
9567
9568
9569
9570
9573
9574
9575
9577
9578
9579
9581
9582
9586
9588
9589
9593
9597
9598
9599
9602
9603
9606
9609
9610
9611
9612
9613
9616
9617
9619
9620
9623
9624
9625
9626
9627
9628
9629
9632
9634
9636
9639
9640
9641
9647
9651
9658
9670
9671
9673
9676
9677
9730
9866
9871
9874
9877
9878
9921
9939
9946
9997
10109
10114
10117
10151
10163
10167
10168
10172
10186
10196
10198
10203
10209
10210
10211
10222
10223
10241
10244
10245
10250
10251
10260
10273
10276
10295
10298
10303
10306
10315
10330
10331
10335
10352
10356
10365
10367
10370
10376
10383
10386
10387
10389
10402
10414
10425
10439
10440
10447
10453
10462
10469
10474
10477
10492
10495
10506
10520
10525
10531
10532
10537
10539
10545
10564
10568
10574
10581
10585
10589
10602
10605
10609
10620
10626
10632
10639
10644
10668
10683
10691
10701
10712
10715
10716
10724
10734
10757
10777
10941
10951
10974
11065
11094
11097
11098
11099
11101
11102
11107
11116
11118
11122
11126
11129
11138
11139
11143
11145
11146
11148
11152
11155
11157
11158
11161
11162
11163
11169
11180
11181
11185
11186
11191
11192
11193
11194
11196
11204
11205
11210
11212
11214
11215
11222
11224
11228
11229
11232
11234
11237
11240
11243
11244
11245
11246
11249
11250
11251
11258
11259
11262
11264
11274
11275
11278
11282
11284
11288
11289
11290
11292
11293
11302
11303
11311
11312
11314
11318
11319
11322
11323
11325
11326
11328
11329
11335
11339
11344
11346
11347
11349
11353
11355
11356
11362
11364
11365
11366
11369
11372
11373
11376
11378
11381
11382
11385
11387
11391
11399
11401
11402
11403
11404
11407
11411
11413
11415
11417
11420
11428
11433
11434
11435
11438
11442
11443
11445
11451
11454
11456
11458
11459
11460
11461
11463
11464
11465
11470
11472
11476
11479
11482
11486
11487
11490
11491
11493
11497
11502
11504
11505
11506
11520
11538
11541
11563
11567
11573
11600
11604
11664
12182
12187
12188
12189
12191
12195
12281
12288
12307
12381
12384
12495
12547
12575
12584
12628
12677
12698
12761
12787
12842
12848
12901
12989
13033
13057
13065
13089
13095
13099
13124
13134
13156
13160
13170
13192
13237
13301
13380
13411
13417
13433
13453
13466
13482
13515
13532
13590
13634
13636
13644
13649
13652
13656
13673
13775
13843
13867
13868
13871
13872
13874
13875
13882
13884
13888
13889
13890
13891
13893
13895
13898
13900
13901
13904
13910
13911
13913
13915
13927
13929
13930
13932
14001
14058
14066
14075
14083
14102
14106
14109
14224
14252
14263
14291
14292
14384
14398
14432
14436
14442
14643
14645
14646
14661
14674
14766
14767
14788
14868
14869
14876
14880
14898
14935
14965
15149
15151
15154
15155
15158
15161
15163
15164
15167
15168
15170
15171
15174
15175
15179
15183
15184
15187
15188
15191
15193
15194
15197
15199
15200
15202
15203
15205
15206
15207
15208
15210
15211
15214
15215
15217
15220
15290
15384
15386
15387
15392
15399
15404
15408
15415
15452
15457
15464
15467
15492
15493
15495
15496
15504
15507
15508
15514
15515
15520
15521
15522
15530
15534
15539
15541
15556
15563
15571
15577
15584
15585
15594
15596
15696
15757
15762
15768
15797
15799
15804
15805
15818
16179
16181
16185
16214
16216
16226
16227
16243
16288
16294
16297
16301
16303
16760
16763
16766
16767
16768
16769
16780
17116
17257
17459
17597
17599
17736
17972
18123
18516
18605
19080
19081
19084
19094
19096
19098
19100
19104
19153
19155
19157
19158
19160
19161
19162
19164
19165
19166
19167
19174
19179
19194
19197
19288
19407
19408
19426
19468
19510
19511
19600
19602
19611
19634
19636
19673
19681
19687
19932
19942
19944
20002
20006
20010
20013
20016
20017
20018
20020
20022
20030
20035
20038
20039
20040
20041
20088
20119
20143
20144
20147
20148
20151
20152
20154
20155
20161
20164
20166
20169
20170
20171
20172
20173
20178
20179
20182
20183
20184
20187