313
561
563
570
574
581
584
756
931
934
937
940
941
945
948
951
952
953
962
965
969
970
971
972
973
974
975
976
977
978
979
980
981
982
983
984
985
986
987
989
990
991
992
993
994
995
996
997
998
1001
1003
1004
1008
1009
1010
1012
1013
1014
1015
1018
1020
1023
1024
1025
1026
1027
1029
1031
1032
1033
1034
1036
1068
1069
1070
1071
1072
1073
1074
1075
1076
1077
1078
1079
1080
1081
1082
1083
1084
1085
1086
1087
1088
1089
1090
1232
1233
1234
1235
1236
1237
1238
1239
1240
1241
1242
1243
1244
1245
1246
1247
1248
1249
1250
1251
1252
1253
1254
1255
1256
1257
1258
1259
1260
1261
1263
1264
1265
1266
1267
1268
1269
1271
1272
1273
1274
1275
1276
1277
1278
1279
1280
1281
1282
1283
1284
1286
1287
1288
1289
1290
1291
1292
1293
1294
1295
1296
1297
1298
1299
1300
1301
1302
1303
1305
1306
1308
1309
1310
1311
1312
1314
1315
1316
1318
1319
1320
1321
1322
1326
1328
1329
1330
1353
1354
1357
1361
1365
1367
1371
1373
1378
1379
1380
1381
1382
1384
1385
1386
1387
1389
1392
1403
1404
1405
1406
1407
1408
1409
1410
1411
1412
1413
1414
1415
1416
1417
1418
1419
1420
1421
1422
1423
1424
1425
1426
1427
1428
1429
1430
1431
1433
1435
1436
1437
1438
1439
1440
1441
1442
1443
1444
1445
1446
1447
1448
1449
1450
1451
1452
1453
1454
1455
1456
1457
1458
1459
1460
1461
1462
1463
1464
1465
1466
1467
1468
1469
1470
1481
1482
1483
1484
1485
1486
1495
1496
1497
1499
1501
1502
1507
1510
1511
1512
1520
1522
1523
1524
1525
1526
1527
1528
1529
1530
1531
1532
1536
1538
1544
1593
1594
1595
1600
1601
1602
1603
1604
1605
1606
1607
1608
1609
1610
1611
1612
1613
1615
1616
1617
1618
1619
1620
1622
1623
1624
1626
1627
1628
1630
1631
1831
1856
1857
1858
1864
1867
1869
1870
1875
2030
2031
2032
2033
2034
2035
2036
2037
2069
2071
2072
2073
2074
2084
2105
2110
2112
2114
2116
2200
2202
2203
2204
2205
2206
2207
2208
2209
2210
2211
2212
2213
2219
2222
2232
2233
2234
2235
2236
2237
2240
2246
2247
2258
2312
2313
2314
2315
2316
2317
2318
2319
2320
2322
2351
2352
2354
2355
2356
2357
2358
2359
2360
2362
2363
2431
2432
2433
2434
2436
2437
2438
2439
2440
2441
2447
2451
2452
2453
2455
2456
2457
2458
2464
2466
2468
2469
2470
2471
2502
2503
2504
2505
2506
2507
2508
2509
2510
2522
2523
2525
2530
2531
3024
3035
3036
3037
3038
3040
3041
3043
3044
3046
3050
3068
3070
3071
3072
3073
3074
3077
3086
3087
3099
3102
3123
3128
3129
3130
3145
3149
3368
3963
4230
4231
4232
4233
4236
4237
4238
4251
4285
4286
4287
4289
4290
4302
4303
4304
4305
4306
4307
4318
4319
4320
4324
4326
4329
4347
4364
4418
4428
4442
4459
4460
4461
4462
4463
4464
4465
4467
4468
4469
4470
4472
4473
4474
4475
4477
4479
4528
4529
4530
4531
4533
4534
4535
4536
4538
4539
4543
4545
4546
4554
4555
4556
4557
4559
4562
4563
4565
4567
4568
4569
4572
4574
4575
4577
4579
4581
4583
4584
4585
4586
4587
4588
4589
4590
4591
4592
4593
4594
4595
4596
4597
4598
4599
4600
4601
4602
4603
4604
4605
4606
4607
4608
4609
4610
4611
4612
4613
4614
4615
4616
4617
4618
4619
4620
4621
4622
4623
4624
4625
4626
4627
4628
4629
4630
4631
4632
4633
4634
4635
4636
4637
4638
4639
4640
4641
4642
4643
4644
4645
4646
4647
4648
4649
4650
4651
4652
4653
4654
4655
4656
4657
4658
4659
4660
4661
4662
4663
4664
4665
4666
4667
4668
4669
4670
4671
4672
4673
4674
4675
4676
4677
4678
4679
4680
4681
4682
4683
4684
4685
4686
4688
4689
4690
4691
4692
4693
4694
4695
4696
4697
4698
4699
4700
4701
4702
4703
4704
4705
4706
4707
4708
4709
4710
4711
4712
4713
4714
4715
4716
4717
4718
4719
4720
4721
4722
4723
4724
4725
4726
4727
4728
4729
4730
4731
4732
4733
4734
4735
4736
4737
4738
4739
4740
4741
4742
4743
4744
4745
4746
4747
4748
4749
4750
4752
4753
4754
4755
4756
4757
4758
4760
4761
4762
4763
4764
4765
4766
4767
4768
4769
4770
4771
4772
4773
4774
4775
4776
4777
4778
4779
4780
4781
4782
4783
4784
4785
4786
4787
4788
4789
4790
4791
4792
4793
4794
4795
4796
4797
4798
4799
4800
4801
4802
4803
4804
4805
4806
4807
4808
4809
4810
4811
4812
4814
4815
4816
4817
4818
4819
4824
4827
4828
4836
4837
4847
4849
4850
4851
4852
4853
4854
4855
4857
4883
4884
4886
4888
4890
4891
4895
4896
4897
4898
4900
4901
4914
4921
4922
4928
4935
4982
4983
4984
4985
4986
4987
4988
4989
4990
4991
4992
4993
4994
4995
4996
4997
4998
4999
5000
5001
5005
5010
5012
5013
5014
5015
5016
5017
5018
5019
5020
5021
5022
5055
5056
5057
5058
5059
5060
5061
5062
5063
5084
5085
5086
5087
5088
5089
5090
5091
5119
5120
5126
5128
5129
5130
5131
5132
5133
5137
5143
5145
5147
5182
5194
5205
5206
5207
5208
5209
5210
5211
5212
5213
5214
5215
5216
5217
5219
5220
5221
5222
5223
5224
5225
5226
5227
5228
5229
5230
5232
5234
5235
5236
5237
5238
5239
5241
5242
5243
5244
5245
5246
5247
5248
5249
5250
5251
5252
5253
5254
5255
5256
5257
5259
5260
5261
5263
5264
5266
5267
5269
5270
5271
5273
5274
5275
5276
5277
5309
5310
5311
5312
5313
5314
5315
5316
5317
5318
5319
5320
5350
5352
5356
5357
5363
5372
5381
5414
5417
5418
5441
5448
5454
5538
5565
5566
5567
5568
5569
5570
5571
5572
5573
5574
5575
5576
5577
5578
5579
5583
5591
5592
5593
5594
5595
5596
5597
5598
5662
5683
5691
5692
5694
5695
5696
5697
5698
5699
5700
5701
5702
5703
5704
5806
5815
5818
5820
5823
5824
5825
5829
5832
5833
5837
5839
5844
5859
5862
5867
5871
5874
5876
5879
6151
6152
6153
6154
6156
6157
6158
6159
6160
6161
6162
6164
6165
6166
6170
6188
6190
6191
6192
6193
6194
6196
6197
6198
6200
6201
6203
6204
6205
6206
6217
6218
6219
6220
6221
6222
6223
6224
6225
6226
6227
6228
6230
6244
6245
6249
6252
6363
6379
6382
6383
6384
6385
6386
6387
6388
6389
6390
6391
6392
6393
6394
6395
6396
6397
6398
6399
6400
6401
6402
6420
6421
6422
6423
6424
6426
6427
6428
6429
6430
6431
6432
6433
6440
6445
6516
6517
6518
6519
6520
6521
6522
6523
6524
6525
6527
6528
6568
6584
6585
6586
6588
6589
6590
6592
6594
6595
6596
6627
6723
6724
6725
6726
6728
6729
6730
6731
6732
6733
6734
6735
7262
7282
7283
7301
7302
7303
7304
7305
7307
7308
7309
7310
7311
7312
7313
7324
7340
7341
7342
7343
7344
7345
7346
7347
7348
7349
7351
7352
7354
7416
7417
7418
7419
7420
7421
7422
7423
7424
7425
7434
7449
7450
7451
7453
7454
7455
7456
7457
7458
7459
7460
7462
7482
7483
7486
7487
7497
7498
7499
7502
7513
7522
7528
7543
7551
7585
7586
7592
7593
7594
7595
7596
7597
7598
7599
7600
7601
7602
7603
7627
7628
7630
7631
7632
7634
7644
7652
7658
7662
7673
7674
7675
7676
7677
7678
7679
7680
7689
7701
7738
7743
7759
7772
7775
7778
7779
7781
7788
7789
7800
7804
7809
7819
7824
7832
7861
7862
7863
7864
7865
7866
7867
7868
7869
7870
7871
7872
7873
7874
7875
7876
7877
7878
7879
7880
7881
7900
7901
7903
7911
7956
7958
7960
7973
7974
7975
7976
7981
7982
7983
7985
7990
8002
8010
8011
8012
8014
8015
8016
8017
8023
8031
8035
8037
8038
8039
8040
8042
8043
8044
8228
8229
8230
8232
8233
8241
8247
8248
8249
8250
8251
8252
8257
8259
8262
8263
8266
8267
8268
8269
8270
8271
8272
8273
8274
8275
8276
8277
8278
8279
8280
8281
8282
8283
8284
8285
8286
8432
8433
8436
8493
8499
8510
8518
8519
8520
8521
8522
8524
8525
8526
8527
8528
8529
8530
8531
8533
8534
8535
8538
8539
8540
8541
8543
8544
8545
8546
8547
8548
8549
8550
8554
8557
8558
8560
8565
8566
8573
8574
8581
8589
8590
8591
8592
8593
8594
8595
8596
8597
8598
8600
8607
8608
8610
8611
8613
8616
8617
8618
8619
8620
8621
8623
8624
8625
8628
8631
8636
8662
8667
8668
8670
8676
8678
8682
8687
8688
8700
8713
8714
8715
8716
8718
8719
8720
8747
8750
8751
8766
8769
8770
8772
8788
8789
8791
8794
8819
8820
8821
8822
8824
8826
8828
8858
8859
8860
8864
8872
8873
8874
8875
8876
8877
8878
8879
8880
8881
8882
8885
8888
8889
8890
8891
8892
8893
8894
8895
8896
8897
8899
8901
8922
8935
8936
8951
8964
8965
8969
8970
8972
8975
8976
8978
8986
8989
8991
8993
8994
8995
8996
8997
8998
8999
9001
9002
9003
9004
9005
9006
9008
9014
9024
9028
9029
9030
9031
9032
9037
9038
9041
9043
9050
9051
9052
9054
9056
9057
9061
9066
9067
9068
9069
9070
9071
9073
9076
9077
9078
9079
9083
9086
9088
9099
9100
9101
9104
9105
9107
9108
9109
9111
9115
9116
9117
9118
9125
9126
9130
9132
9134
9135
9136
9138
9140
9142
9145
9147
9148
9149
9150
9156
9162
9163
9169
9172
9176
9177
9178
9182
9183
9185
9187
9189
9191
9193
9198
9200
9201
9206
9208
9209
9212
9214
9222
9227
9230
9231
9238
9240
9241
9242
9246
9248
9252
9259
9262
9263
9266
9267
9269
9270
9277
9288
9289
9290
9294
9299
9439
9440
9441
9442
9443
9444
9445
9446
9447
9448
9449
9450
9451
9499
9500
9501
9502
9503
9504
9505
9506
9507
9508
9509
9579
9682
9691
9693
9694
9695
9701
9705
9707
9711
9714
9719
9725
9739
9743
9744
9745
9753
9804
9805
9806
9807
9808
9809
9813
9825
9830
9831
9832
9833
9834
9835
9836
9837
9838
9839
9841
9842
9843
9844
9845
9846
9847
9848
9850
9851
9852
9853
9855
9856
9857
9858
9859
9860
9861
9862
9879
9880
9881
9882
9883
9884
9885
9888
9889
9890
9891
9893
9905
9915
9958
9962
9973
9979
9981
9982
9983
9984
9985
9987
10019
10029
10032
10033
10038
10039
10045
10046
10048
10054
10057
10068
10069
10070
10071
10072
10073
10074
10075
10076
10078
10079
10080
10081
10095
10096
10097
10102
10137
10138
10140
10143
10144
10145
10147
10778
10786
10797
10798
10801
10803
10820
10823
10824
10828
10834
10838
10881
10918
10921
10923
10926
10959
10963
10965
10987
10988
10989
10990
10991
10992
10993
10994
10995
10996
11008
11011
11012
11013
11014
11015
11017
11018
11019
11020
11037
11039
11041
11043
11044
11045
11047
11049
11050
11054
11056
11083
11084
11085
11086
11087
11088
11089
11090
11091
11422
11510
11511
11513
11514
11515
11516
11517
11518
11579
11582
11584
11608
11609
11610
11611
11613
11614
11615
11627
11636
11641
11643
11648
11649
11650
11671
11672
11675
11676
11677
11678
11679
11680
11681
11682
11683
11684
11686
11689
11691
11692
11695
11700
11703
11723
11725
11726
11727
11728
11729
11730
11733
11735
11736
11737
11739
11740
11742
11743
11744
11745
11746
11747
11748
11749
11750
11751
11752
11753
11759
11780
11781
11782
11783
11784
11785
11786
11787
11791
11800
11819
11820
11823
11824
11825
11826
11827
11828
11829
11830
11831
11832
11833
11835
11836
11837
11838
11840
11842
11843
11844
11846
11847
11849
11850
11851
11865
11866
11867
11868
11869
11870
11871
11872
11873
11874
11875
11876
11877
11878
11887
11907
11917
11919
11921
11923
11926
11929
11931
11932
11933
11934
11935
11937
11938
11939
11941
11942
11977
11985
11988
11990
11992
12006
12007
12014
12123
12125
12138
12142
12161
12178
12180
12198
12199
12200
12201
12202
12203
12204
12205
12206
12207
12208
12253
12254
12255
12256
12257
12258
12259
12260
12261
12262
12289
12290
12291
12295
12296
12300
12302
12303
12304
12305
12306
12308
12309
12310
12311
12312
12313
12314
12315
12316
12317
12318
12319
12320
12321
12323
12325
12326
12327
12328
12330
12331
12333
12336
12337
12338
12339
12340
12341
12342
12343
12345
12347
12348
12349
12352
12353
12354
12355
12356
12357
12358
12359
12361
12362
12363
12365
12366
12367
12368
12369
12371
12372
12374
12377
12379
12380
12382
12385
12388
12389
12390
12393
12394
12395
12396
12398
12399
12400
12401
12402
12403
12404
12405
12406
12407
12408
12410
12411
12412
12413
12414
12415
12417
12419
12421
12423
12424
12425
12426
12427
12428
12429
12430
12432
12433
12434
12439
12440
12441
12442
12444
12445
12446
12447
12448
12450
12451
12452
12455
12456
12457
12458
12459
12460
12461
12463
12464
12465
12466
12467
12468
12470
12471
12472
12473
12475
12476
12477
12478
12479
12481
12482
12485
12486
12487
12490
12492
12493
12496
12497
12498
12503
12505
12507
12508
12509
12510
12512
12515
12516
12517
12518
12519
12520
12522
12523
12524
12525
12526
12528
12529
12530
12531
12533
12534
12536
12537
12538
12539
12540
12541
12543
12546
12548
12549
12550
12551
12552
12553
12554
12555
12556
12557
12558
12559
12560
12561
12562
12563
12564
12566
12567
12569
12570
12571
12572
12576
12577
12578
12579
12580
12581
12582
12585
12587
12588
12589
12592
12593
12595
12596
12598
12599
12600
12601
12602
12604
12607
12608
12609
12610
12611
12612
12614
12615
12617
12619
12620
12621
12624
12625
12626
12627
12630
12631
12632
12633
12634
12636
12638
12640
12641
12642
12643
12644
12645
12646
12647
12648
12649
12651
12652
12654
12655
12656
12657
12659
12660
12661
12663
12667
12669
12670
12671
12672
12675
12676
12678
12680
12681
12682
12683
12684
12686
12687
12689
12690
12691
12693
12694
12695
12697
12699
12700
12708
12709
12711
12712
12715
12717
12718
12719
12720
12722
12725
12726
12727
12728
12730
12732
12733
12735
12736
12737
12738
12739
12740
12741
12742
12744
12745
12746
12749
12750
12751
12752
12753
12754
12755
12756
12758
12759
12760
12762
12763
12765
12767
12769
12771
12772
12773
12774
12776
12778
12779
12780
12781
12783
12784
12785
12788
12789
12790
12791
12792
12793
12794
12795
12796
12799
12800
12801
12803
12804
12806
12807
12808
12809
12811
12812
12815
12816
12817
12819
12820
12821
12822
12823
12824
12825
12827
12831
12832
12835
12837
12839
12840
12841
12843
12844
12845
12846
12847
12849
12850
12852
12855
12856
12857
12859
12860
12861
12862
12864
12866
12867
12869
12870
12872
12875
12876
12877
12878
12879
12880
12881
12882
12883
12884
12885
12887
12888
12889
12890
12892
12893
12894
12895
12896
12897
12898
12899
12902
12903
12905
12908
12909
12910
12911
12913
12915
12916
12917
12918
12920
12921
12922
12923
12925
12927
12928
12930
12931
12932
12933
12934
12935
12936
12937
12938
12939
12940
12944
12945
12946
12947
12948
12950
12951
12952
12953
12954
12955
12956
12957
12960
12961
12962
12963
12964
12967
12968
12969
12970
12971
12972
12973
12974
12975
12976
12977
12979
12980
12981
12982
12984
12985
12986
12990
12991
12998
13003
13008
13010
13012
13014
13016
13017
13025
13030
13031
13035
13040
13044
13045
13048
13051
13055
13060
13063
13066
13070
13071
13073
13076
13079
13082
13083
13086
13088
13090
13092
13098
13100
13103
13104
13105
13109
13112
13140
13143
13144
13146
13149
13150
13151
13154
13157
13161
13169
13173
13174
13175
13179
13182
13184
13188
13190
13191
13196
13206
13207
13208
13212
13219
13223
13225
13226
13227
13233
13235
13240
13246
13251
13257
13259
13264
13266
13267
13271
13283
13284
13286
13287
13294
13304
13306
13307
13312
13315
13318
13325
13331
13332
13334
13335
13340
13345
13348
13370
13373
13382
13386
13389
13402
13406
13408
13409
13410
13411
13412
13417
13421
13422
13425
13427
13431
13435
13436
13441
13455
13456
13459
13460
13463
13464
13471
13476
13483
13486
13488
13491
13494
13496
13499
13501
13502
13505
13506
13507
13514
13516
13520
13524
13527
13531
13537
13538
13541
13546
13551
13554
13560
13564
13573
13577
13582
13586
13588
13589
13591
13592
13599
13604
13606
13607
13613
13616
13631
13632
13633
13635
13639
13658
13660
13664
13666
13671
13681
13684
13688
13703
13708
13712
13716
13718
13721
13722
13723
13729
13733
13735
13738
13739
13744
13748
13752
13753
13754
13755
13757
13759
13760
13773
13778
13783
13788
13797
13815
13816
13817
13818
13819
13830
13832
13833
13834
13835
13836
13837
13838
13847
13848
13849
13850
13851
13852
13854
13855
13856
13858
13864
13942
13943
13944
13945
13948
13953
13958
13961
13962
13965
13968
13971
13972
13974
13975
14110
14111
14112
14113
14114
14115
14116
14117
14118
14119
14120
14121
14122
14123
14124
14125
14126
14127
14128
14129
14130
14131
14132
14140
14142
14163
14194
14196
14203
14204
14216
14217
14222
14229
14231
14232
14234
14235
14238
14244
14265
14266
14267
14268
14269
14270
14272
14273
14274
14275
14276
14277
14278
14281
14284
14285
14287
14289
14290
14294
14298
14299
14302
14305
14321
14324
14325
14327
14330
14331
14333
14334
14335
14336
14339
14346
14350
14351
14352
14354
14355
14356
14357
14361
14365
14371
14375
14376
14412
14413
14414
14415
14416
14417
14430
14443
14444
14446
14447
14448
14449
14450
14451
14452
14453
14454
14455
14456
14457
14458
14459
14464
14467
14471
14473
14488
14491
14493
14497
14503
14509
14510
14511
14512
14513
14514
14515
14517
14518
14519
14520
14525
14526
14535
14536
14537
14538
14539
14540
14542
14543
14544
14545
14546
14547
14548
14549
14553
14555
14557
14578
14582
14584
14588
14595
14597
14598
14599
14600
14601
14604
14609
14611
14612
14613
14615
14619
14623
14627
14628
14630
14649
14650
14651
14652
14653
14654
14655
14656
14657
14658
14667
14675
14679
14681
14691
14696
14699
14701
14705
14707
14711
14713
14719
14721
14723
14724
14727
14728
14729
14730
14731
14733
14734
14735
14736
14737
14747
14748
14752
14754
14769
14776
14777
14779
14791
14805
14809
14813
14817
14820
14821
14822
14823
14824
14833
14836
14837
14838
14840
14841
14845
14847
14851
14854
14855
14856
14857
14858
14860
14861
14862
14864
14865
14866
14867
14871
14873
14875
14884
14887
14889
14895
14904
14907
14909
14910
14911
14919
14920
14921
14924
14926
14938
14942
14943
14944
14946
14947
14948
14949
14950
14951
14952
14953
14954
14955
14956
14957
14958
14959
14960
14961
14962
14996
14998
14999
15000
15001
15002
15003
15004
15005
15007
15008
15009
15011
15014
15015
15016
15018
15019
15020
15022
15024
15025
15028
15030
15031
15032
15033
15034
15035
15036
15038
15040
15043
15045
15046
15048
15049
15050
15051
15052
15053
15054
15055
15056
15057
15062
15063
15064
15065
15067
15068
15069
15070
15072
15075
15078
15080
15089
15102
15103
15104
15105
15106
15107
15108
15109
15110
15111
15112
15114
15115
15116
15117
15118
15119
15120
15121
15124
15125
15126
15127
15128
15129
15130
15131
15132
15133
15134
15135
15136
15137
15138
15139
15141
15142
15143
15146
15147
15231
15234
15235
15236
15239
15247
15248
15252
15253
15254
15261
15267
15269
15272
15283
15286
15287
15288
15291
15292
15293
15295
15305
15313
15330
15331
15332
15333
15334
15335
15336
15337
15338
15339
15340
15341
15342
15343
15344
15345
15347
15348
15351
15354
15355
15356
15358
15361
15362
15363
15364
15366
15367
15368
15370
15371
15372
15373
15375
15377
15379
15380
15381
15420
15421
15422
15423
15424
15425
15426
15427
15428
15429
15430
15431
15432
15433
15434
15435
15436
15438
15439
15440
15441
15442
15443
15444
15445
15446
15447
15448
15449
15450
15451
15454
15469
15588
15591
15592
15599
15601
15602
15603
15612
15613
15614
15615
15616
15617
15618
15619
15620
15635
15636
15637
15638
15639
15640
15641
15642
15643
15649
15650
15652
15653
15654
15661
15665
15666
15667
15671
15672
15674
15675
15678
15679
15688
15776
15782
15783
15784
15785
15786
15787
15788
15789
15790
15817
15818
15819
15820
15821
15822
15823
15824
15826
15828
15829
15830
15831
15832
15833
15834
15835
15877
15886
15895
15926
15929
15930
15931
15932
15933
15934
15935
15937
15938
15939
15940
15941
15954
15959
15962
15963
15964
15965
15966
15967
15968
15969
15970
15971
15972
15973
15974
15975
15977
15979
15980
15983
15986
15987
15988
15990
15991
15992
15994
15995
15996
15997
15998
15999
16000
16002
16003
16004
16006
16007
16010
16011
16012
16013
16014
16015
16016
16017
16018
16019
16020
16021
16023
16025
16027
16029
16033
16034
16035
16036
16037
16039
16040
16041
16042
16044
16047
16048
16049
16065
16068
16075
16093
16096
16128
16129
16133
16134
16135
16136
16137
16138
16139
16140
16141
16142
16143
16144
16145
16158
16160
16186
16201
16203
16246
16247
16248
16249
16250
16251
16252
16253
16254
16255
16256
16257
16258
16265
16267
16269
16278
16302
16304
16305
16306
16307
16308
16309
16310
16311
16312
16313
16317
16319
16320
16321
16325
16328
16329
16330
16331
16332
16335
16336
16338
16348
16355
16356
16357
16358
16359
16360
16361
16364
16365
16366
16367
16368
16369
16370
16371
16372
16373
16374
16375
16376
16377
16378
16379
16380
16381
16382
16383
16384
16385
16386
16387
16388
16389
16390
16391
16392
16393
16394
16395
16396
16397
16398
16399
16400
16401
16402
16403
16404
16405
16406
16407
16408
16409
16410
16411
16412
16413
16414
16415
16416
16417
16418
16419
16420
16421
16422
16423
16424
16425
16426
16427
16428
16429
16430
16431
16432
16433
16434
16437
16438
16439
16440
16441
16442
16443
16444
16445
16446
16447
16448
16449
16450
16451
16452
16455
16456
16457
16458
16459
16460
16461
16462
16463
16464
16465
16466
16467
16468
16469
16470
16471
16472
16473
16474
16475
16476
16477
16478
16479
16480
16481
16482
16483
16484
16485
16486
16487
16488
16489
16490
16491
16492
16493
16494
16495
16496
16497
16498
16499
16501
16502
16503
16504
16505
16506
16507
16508
16509
16510
16511
16512
16513
16514
16515
16516
16517
16518
16519
16520
16521
16522
16523
16524
16525
16526
16527
16528
16529
16530
16531
16532
16533
16534
16535
16536
16537
16538
16539
16540
16541
16542
16543
16544
16545
16546
16547
16548
16549
16550
16551
16552
16553
16554
16555
16556
16557
16558
16559
16560
16561
16562
16563
16564
16565
16566
16568
16569
16570
16571
16572
16573
16574
16575
16576
16577
16578
16579
16580
16581
16582
16583
16584
16585
16586
16587
16588
16589
16590
16591
16592
16593
16594
16595
16596
16597
16598
16599
16600
16601
16602
16603
16604
16605
16606
16607
16608
16609
16610
16611
16613
16614
16615
16616
16617
16618
16619
16620
16621
16622
16623
16624
16625
16626
16627
16628
16629
16630
16631
16632
16633
16634
16635
16636
16637
16638
16639
16640
16641
16642
16643
16644
16645
16646
16647
16648
16649
16650
16651
16652
16653
16654
16655
16658
16659
16660
16661
16662
16663
16664
16665
16666
16667
16669
16670
16671
16672
16673
16675
16676
16677
16682
16689
16695
16701
16718
16719
16721
16735
16736
16741
16744
16746
16750
16752
16753
16754
16755
16756
16838
16841
16842
16843
16844
16857
16858
16859
16860
16861
16862
16863
16864
16865
16866
16867
16868
16869
16870
16871
16872
16873
16874
16875
16876
16877
16878
16879
16880
16881
16882
16883
16884
16885
16886
16887
16888
16889
16890
16891
16892
16893
16894
16895
16896
16897
16898
16899
16900
16901
16902
16903
16904
16905
16906
16907
16908
16909
16910
16911
16912
16913
16914
16915
16916
16917
16918
16919
16920
16921
16922
16924
16925
16926
16927
16928
16929
16930
16931
16932
16933
16934
16935
16936
16937
16938
16939
16940
16941
16942
16943
16944
16945
16946
16947
16948
16949
16950
16951
16952
16953
16954
16955
16956
16957
16958
16959
16960
16961
16962
16963
16964
16965
16966
16967
16968
16969
16970
16971
16972
16973
16974
16975
16976
16977
16978
16979
16980
16981
16982
16983
16984
16985
16986
16987
16988
16989
16990
16991
16992
16993
16994
16995
16996
16997
16998
16999
17000
17001
17002
17003
17004
17005
17006
17007
17008
17009
17010
17011
17012
17013
17014
17015
17016
17017
17018
17019
17020
17021
17022
17023
17024
17025
17026
17027
17028
17029
17030
17031
17032
17033
17034
17035
17036
17037
17038
17039
17040
17041
17042
17043
17044
17045
17046
17047
17048
17049
17050
17051
17052
17053
17054
17055
17056
17057
17058
17059
17060
17061
17062
17063
17064
17065
17066
17067
17068
17069
17070
17071
17072
17073
17074
17075
17076
17077
17078
17079
17080
17081
17082
17083
17084
17085
17086
17087
17088
17089
17090
17091
17092
17093
17094
17095
17096
17097
17098
17099
17100
17101
17102
17103
17104
17105
17106
17107
17108
17109
17110
17111
17112
17113
17114
17115
17116
17117
17118
17119
17120
17121
17122
17123
17124
17125
17127
17128
17129
17130
17131
17132
17133
17134
17135
17136
17137
17138
17139
17140
17141
17142
17143
17145
17146
17147
17148
17149
17150
17151
17152
17153
17154
17155
17156
17157
17158
17159
17160
17161
17162
17163
17164
17165
17166
17167
17168
17169
17170
17171
17172
17173
17174
17175
17176
17177
17178
17179
17180
17181
17182
17183
17184
17185
17186
17187
17188
17189
17190
17191
17192
17193
17194
17195
17196
17197
17198
17199
17200
17201
17202
17203
17204
17205
17206
17207
17208
17209
17210
17211
17212
17213
17214
17215
17216
17217
17218
17219
17220
17221
17222
17223
17224
17225
17226
17227
17228
17229
17230
17231
17232
17233
17234
17235
17236
17237
17238
17239
17240
17241
17242
17243
17244
17245
17246
17247
17248
17249
17250
17251
17252
17253
17254
17255
17256
17257
17258
17259
17260
17261
17262
17263
17264
17265
17266
17267
17268
17269
17270
17271
17272
17273
17274
17275
17276
17277
17278
17279
17280
17281
17282
17283
17284
17285
17286
17287
17288
17289
17290
17291
17292
17293
17294
17295
17296
17297
17298
17299
17300
17301
17302
17303
17304
17305
17306
17307
17308
17309
17310
17311
17312
17313
17314
17315
17316
17317
17318
17320
17321
17322
17323
17324
17325
17326
17327
17328
17329
17330
17331
17332
17333
17334
17335
17336
17337
17338
17339
17340
17341
17342
17343
17344
17345
17346
17347
17348
17349
17350
17351
17352
17353
17354
17355
17356
17357
17358
17359
17360
17361
17362
17363
17364
17365
17366
17367
17368
17369
17370
17371
17372
17373
17374
17375
17376
17377
17378
17379
17380
17381
17382
17383
17384
17385
17386
17387
17388
17389
17390
17391
17392
17393
17394
17395
17396
17397
17398
17399
17400
17401
17402
17403
17404
17405
17406
17407
17408
17409
17410
17411
17412
17413
17414
17415
17417
17418
17419
17420
17421
17422
17423
17424
17425
17426
17427
17428
17429
17430
17431
17432
17433
17434
17435
17436
17437
17438
17439
17440
17441
17442
17443
17444
17445
17446
17447
17448
17449
17450
17451
17452
17453
17454
17455
17456
17457
17458
17459
17460
17461
17462
17463
17464
17465
17466
17467
17468
17469
17470
17471
17472
17473
17474
17475
17476
17477
17478
17479
17480
17481
17482
17483
17484
17485
17486
17487
17488
17489
17490
17491
17492
17493
17494
17495
17496
17497
17498
17499
17500
17501
17502
17503
17504
17505
17506
17507
17508
17509
17510
17511
17512
17513
17514
17515
17516
17517
17518
17519
17520
17521
17522
17523
17524
17525
17526
17527
17528
17529
17530
17531
17532
17533
17534
17535
17536
17537
17538
17539
17540
17541
17542
17543
17544
17545
17546
17547
17548
17549
17550
17551
17552
17553
17554
17555
17556
17557
17558
17559
17560
17561
17562
17563
17564
17565
17566
17567
17568
17569
17570
17571
17572
17573
17574
17575
17576
17577
17578
17579
17580
17581
17582
17583
17584
17585
17586
17587
17588
17589
17590
17591
17592
17593
17594
17595
17596
17597
17598
17599
17600
17601
17602
17603
17605
17606
17607
17608
17609
17610
17611
17612
17613
17614
17615
17616
17617
17618
17619
17620
17621
17622
17623
17624
17625
17626
17627
17628
17629
17630
17631
17632
17633
17634
17635
17636
17637
17638
17639
17640
17641
17642
17643
17644
17645
17646
17647
17648
17650
17651
17652
17653
17654
17655
17656
17657
17658
17659
17660
17661
17662
17663
17664
17665
17666
17667
17668
17669
17670
17671
17672
17673
17674
17675
17676
17677
17678
17679
17680
17681
17682
17683
17684
17685
17686
17687
17688
17689
17690
17691
17692
17693
17694
17695
17696
17697
17698
17699
17700
17701
17702
17703
17704
17705
17706
17707
17708
17709
17710
17711
17712
17713
17714
17715
17716
17717
17718
17719
17720
17721
17722
17723
17724
17725
17726
17727
17728
17729
17730
17731
17732
17733
17734
17735
17736
17737
17738
17739
17740
17741
17742
17743
17744
17745
17746
17747
17748
17749
17750
17751
17752
17753
17754
17756
17757
17758
17759
17760
17761
17762
17764
17765
17766
17767
17768
17769
17770
17771
17772
17773
17774
17775
17776
17777
17778
17779
17780
17781
17782
17783
17784
17785
17786
17787
17788
17789
17790
17791
17792
17793
17794
17795
17796
17797
17798
17799
17800
17801
17802
17803
17804
17805
17806
17807
17808
17809
17810
17811
17812
17813
17814
17815
17816
17817
17818
17819
17820
17821
17822
17823
17824
17825
17826
17827
17828
17829
17830
17831
17832
17833
17834
17835
17836
17837
17838
17839
17840
17841
17842
17843
17844
17845
17846
17847
17848
17849
17850
17851
17852
17853
17854
17855
17856
17857
17858
17859
17860
17861
17862
17863
17864
17865
17866
17867
17868
17869
17870
17871
17872
17873
17874
17875
17876
17877
17878
17879
17880
17881
17882
17884
17885
17886
17887
17888
17889
17890
17891
17892
17893
17894
17895
17896
17897
17898
17899
17900
17901
17902
17903
17904
17905
17906
17907
17908
17909
17910
17911
17912
17913
17914
17915
17916
17917
17918
17919
17920
17921
17922
17923
17924
17925
17926
17927
17928
17929
17930
17931
17932
17933
17934
17935
17936
17937
17938
17939
17940
17941
17942
17943
17944
17945
17946
17947
17948
17949
17950
17951
17952
17953
17954
17955
17956
17957
17958
17959
17960
17961
17962
17963
17964
17965
17966
17967
17968
17969
17970
17971
17972
17973
17974
17975
17976
17977
17978
17979
17980
17981
17982
17983
17984
17985
17986
17987
17988
17989
17990
17991
17992
17993
17994
17995
17996
17997
17998
18000
18001
18002
18003
18004
18005
18006
18007
18008
18009
18010
18011
18012
18013
18014
18015
18016
18017
18018
18019
18020
18021
18022
18023
18024
18025
18026
18027
18028
18029
18030
18031
18033
18034
18035
18036
18037
18038
18039
18040
18041
18042
18043
18044
18045
18046
18047
18048
18049
18050
18051
18052
18053
18054
18055
18056
18057
18058
18059
18060
18061
18062
18063
18064
18065
18066
18067
18068
18069
18070
18071
18072
18073
18074
18075
18076
18077
18078
18079
18080
18081
18082
18083
18084
18085
18086
18087
18088
18089
18090
18091
18092
18093
18094
18095
18097
18098
18099
18100
18101
18102
18103
18104
18105
18106
18107
18108
18109
18110
18111
18112
18113
18114
18115
18116
18117
18118
18119
18120
18121
18122
18123
18124
18125
18126
18127
18128
18129
18130
18131
18132
18133
18134
18135
18136
18137
18138
18139
18140
18141
18142
18143
18144
18145
18146
18147
18148
18149
18150
18151
18152
18153
18154
18155
18156
18157
18158
18159
18160
18161
18162
18163
18164
18165
18166
18167
18168
18169
18170
18171
18172
18173
18174
18175
18176
18177
18178
18179
18180
18181
18182
18183
18184
18185
18186
18187
18188
18189
18190
18191
18192
18193
18194
18195
18196
18197
18198
18199
18200
18201
18202
18203
18204
18205
18206
18207
18208
18209
18210
18211
18212
18213
18214
18215
18216
18217
18218
18219
18220
18221
18222
18223
18224
18225
18226
18227
18228
18229
18230
18231
18232
18233
18234
18235
18236
18237
18238
18239
18240
18241
18242
18243
18244
18245
18246
18247
18248
18249
18250
18251
18252
18253
18254
18255
18256
18257
18258
18259
18260
18261
18262
18263
18264
18265
18266
18267
18268
18269
18270
18271
18272
18273
18274
18275
18276
18277
18278
18279
18280
18281
18282
18283
18284
18285
18286
18287
18288
18289
18290
18291
18292
18293
18294
18295
18296
18297
18298
18299
18300
18301
18302
18303
18304
18305
18306
18307
18308
18309
18310
18311
18312
18313
18314
18315
18316
18317
18318
18319
18320
18321
18322
18323
18324
18325
18326
18327
18328
18329
18330
18331
18332
18333
18334
18335
18336
18337
18338
18339
18340
18341
18342
18343
18345
18346
18347
18348
18349
18350
18351
18352
18353
18354
18355
18356
18357
18358
18359
18360
18361
18362
18363
18364
18365
18366
18367
18368
18369
18370
18371
18372
18373
18374
18375
18376
18377
18378
18379
18380
18381
18382
18383
18384
18386
18387
18388
18389
18390
18391
18392
18393
18394
18395
18396
18397
18398
18399
18400
18401
18402
18403
18404
18405
18406
18407
18408
18409
18410
18411
18412
18413
18414
18415
18416
18417
18418
18419
18420
18421
18422
18423
18424
18425
18426
18427
18428
18429
18430
18431
18432
18433
18434
18435
18436
18437
18438
18439
18440
18441
18442
18443
18444
18445
18446
18447
18448
18449
18450
18451
18452
18453
18454
18455
18456
18457
18458
18459
18460
18461
18462
18463
18464
18465
18466
18467
18468
18469
18470
18471
18472
18473
18474
18475
18476
18477
18478
18479
18480
18481
18482
18483
18484
18485
18486
18487
18488
18489
18490
18491
18492
18493
18494
18495
18496
18497
18498
18499
18500
18501
18502
18503
18504
18505
18506
18507
18508
18509
18510
18511
18512
18513
18514
18515
18516
18517
18518
18519
18520
18521
18522
18523
18524
18525
18526
18527
18528
18529
18530
18531
18532
18533
18534
18535
18536
18537
18538
18539
18540
18541
18542
18543
18544
18545
18546
18547
18548
18549
18550
18551
18552
18553
18554
18555
18556
18557
18558
18559
18560
18561
18562
18563
18564
18565
18566
18567
18568
18569
18570
18571
18573
18574
18575
18576
18577
18578
18579
18580
18581
18582
18583
18584
18585
18586
18587
18588
18589
18590
18591
18592
18593
18594
18595
18596
18597
18598
18599
18600
18601
18602
18603
18604
18605
18606
18607
18608
18609
18610
18611
18612
18613
18614
18615
18616
18617
18618
18619
18620
18621
18622
18623
18624
18625
18626
18627
18628
18629
18630
18631
18632
18633
18634
18635
18636
18637
18638
18639
18640
18641
18642
18643
18644
18645
18646
18647
18648
18649
18650
18651
18652
18653
18654
18655
18656
18657
18658
18659
18660
18661
18662
18663
18664
18665
18666
18667
18668
18669
18670
18671
18672
18673
18674
18675
18676
18677
18678
18679
18680
18681
18682
18683
18684
18685
18686
18687
18688
18689
18690
18691
18692
18693
18694
18695
18696
18697
18698
18699
18700
18701
18702
18703
18704
18705
18706
18707
18708
18709
18710
18711
18712
18713
18714
18715
18716
18717
18718
18719
18720
18721
18722
18723
18724
18725
18726
18727
18728
18729
18730
18731
18732
18733
18734
18735
18736
18737
18738
18739
18740
18741
18742
18743
18744
18745
18746
18747
18748
18749
18750
18751
18752
18753
18754
18755
18756
18757
18758
18759
18760
18762
18763
18764
18765
18766
18767
18768
18769
18770
18771
18772
18773
18774
18775
18776
18777
18778
18779
18780
18781
18782
18783
18784
18785
18786
18787
18788
18789
18790
18791
18792
18793
18794
18795
18796
18797
18798
18799
18800
18801
18802
18803
18804
18805
18806
18807
18808
18809
18810
18811
18812
18813
18814
18815
18816
18817
18818
18819
18820
18821
18822
18823
18824
18825
18826
18827
18828
18829
18830
18831
18832
18833
18834
18835
18836
18837
18838
18839
18840
18841
18842
18843
18844
18845
18846
18847
18848
18849
18850
18851
18852
18853
18854
18855
18856
18857
18858
18859
18860
18861
18862
18863
18864
18865
18866
18867
18868
18869
18870
18871
18872
18873
18874
18875
18876
18877
18878
18879
18880
18881
18882
18883
18884
18885
18886
18887
18888
18889
18890
18891
18892
18893
18894
18895
18896
18897
18898
18899
18900
18901
18902
18903
18905
18906
18907
18908
18909
18910
18911
18912
18913
18914
18915
18975
19021
19035
19036
19038
19039
19040
19041
19043
19044
19045
19046
19047
19050
19059
19060
19061
19062
19063
19064
19065
19066
19067
19068
19069
19070
19071
19072
19074
19075
19108
19112
19113
19115
19116
19117
19120
19121
19122
19123
19124
19125
19126
19132
19133
19135
19136
19138
19183
19201
19206
19215
19216
19217
19219
19224
19232
19233
19237
19238
19239
19241
19242
19243
19246
19247
19248
19249
19250
19251
19253
19254
19255
19256
19257
19258
19259
19261
19262
19263
19264
19265
19268
19269
19270
19271
19272
19273
19274
19275
19276
19277
19300
19301
19303
19313
19314
19315
19316
19318
19320
19321
19324
19325
19326
19327
19328
19329
19331
19333
19340
19344
19345
19362
19380
19434
19435
19436
19439
19442
19445
19446
19447
19449
19450
19453
19454
19456
19462
19465
19466
19476
19478
19484
19485
19486
19496
19504
19549
19551
19552
19553
19554
19555
19556
19558
19560
19563
19565
19568
19570
19587
19588
19592
19594
19595
19753
19754
19755
19758
19760
19761
19762
19763
19766
19770
19777
19778
19783
19786
19788
19790
19791
19795
19799
19808
19809
19810
19812
19830
19896
19898
19899
19901
19902
19903
19904
19905
19906
19907
19910
19911
19912
19948
19949
19953
19954
19956
19957
19961
19973
19976
19977
19979
19982
19987
19988
19998
19999
20121
20123
20125
20126
20129
20134
20136
20188
20193
20194
20195
20197
20200
20201
20202
20209