1
30
31
35
36
37
42
49
50
53
64
105
114
124
137
158
160
191
192
193
198
201
205
207
211
214
227
230
235
244
245
250
257
260
267
271
274
282
284
289
293
296
297
299
304
316
319
323
331
338
341
345
347
361
363
364
373
380
383
393
397
401
403
406
418
419
420
424
435
436
447
451
454
457
458
460
461
468
469
478
503
504
509
513
516
519
521
529
531
542
551
575
593
595
596
599
600
601
602
604
607
610
612
614
616
617
618
621
622
624
625
627
628
629
630
631
632
634
641
642
646
647
648
658
667
668
669
672
673
674
675
678
682
683
684
687
696
701
702
704
705
707
717
718
721
723
727
728
729
730
731
742
743
746
750
752
753
754
755
759
760
765
774
776
777
780
781
783
784
786
790
796
801
804
805
810
811
812
821
827
829
833
834
836
838
842
845
848
849
852
853
855
856
859
862
864
865
867
870
873
878
880
881
883
885
887
891
892
894
898
901
903
905
908
910
913
914
916
917
918
921
927
932
938
944
946
950
978
1100
1104
1129
1147
1159
1198
1206
1208
1211
1214
1220
1224
1225
1227
1236
1248
1257
1287
1292
1349
1419
1448
1557
1563
1570
1571
1572
1589
1672
1673
1687
1694
1701
1706
1707
1711
1712
1715
1716
1719
1725
1726
1728
1737
1753
1754
1758
1759
1764
1766
1770
1771
1776
1779
1780
1782
1786
1788
1789
1790
1791
1794
1796
1797
1800
1805
1809
1812
1813
1816
1819
1820
1822
1824
1827
1828
1833
1834
1839
1842
1860
1862
1871
1873
1879
1885
1891
1896
1897
1921
1923
1940
1944
1950
1953
1955
1966
1977
1986
1987
1988
1996
1997
1998
2000
2001
2003
2005
2006
2042
2044
2047
2050
2064
2067
2068
2097
2106
2123
2128
2130
2167
2178
2216
2217
2220
2221
2222
2224
2225
2228
2230
2231
2232
2234
2236
2237
2238
2239
2241
2242
2243
2244
2245
2246
2247
2250
2268
2273
2281
2282
2285
2287
2305
2306
2309
2311
2333
2334
2335
2336
2337
2340
2364
2365
2367
2368
2370
2379
2381
2383
2386
2388
2392
2393
2394
2396
2397
2399
2401
2405
2410
2413
2414
2417
2421
2427
2480
2483
2491
2493
2495
2532
2549
2568
2576
2584
2595
2657
2664
2681
2687
2736
2761
2771
2774
2800
2859
2879
2880
2888
2908
2925
2928
2932
2945
3030
3058
3059
3061
3062
3063
3140
3157
3161
3163
3166
3167
3175
3176
3179
3184
3189
3193
3196
3198
3199
3210
3222
3223
3224
3225
3230
3231
3233
3235
3243
3261
3262
3263
3268
3269
3270
3271
3273
3279
3288
3290
3292
3296
3297
3300
3302
3306
3307
3314
3329
3336
3342
3343
3344
3345
3351
3353
3359
3362
3366
3369
3374
3379
3385
3386
3387
3395
3409
3413
3420
3433
3435
3437
3438
3439
3443
3445
3446
3447
3448
3449
3453
3458
3469
3470
3471
3487
3489
3496
3500
3503
3507
3511
3512
3521
3524
3537
3543
3545
3547
3548
3560
3570
3580
3581
3583
3591
3596
3621
3623
3631
3645
3649
3650
3663
3680
3689
3691
3693
3694
3696
3699
3701
3702
3705
3707
3718
3721
3726
3731
3735
3742
3744
3755
3756
3767
3772
3775
3776
3785
3790
3797
3803
3808
3810
3814
3822
3826
3828
3839
3843
3849
3861
3868
3875
3876
3890
3892
3894
3910
3915
3924
3926
3927
3930
3931
3955
3956
3957
3960
3968
3971
3975
3978
3980
3983
3986
4002
4003
4004
4005
4011
4015
4017
4021
4025
4032
4043
4044
4045
4048
4057
4067
4071
4077
4080
4083
4085
4091
4092
4096
4101
4106
4111
4114
4117
4119
4128
4138
4140
4144
4153
4163
4166
4169
4171
4175
4182
4184
4187
4188
4203
4210
4218
4223
4226
4232
4233
4236
4237
4243
4244
4245
4247
4274
4293
4294
4295
4296
4297
4298
4299
4300
4301
4302
4303
4305
4306
4307
4336
4338
4343
4346
4347
4373
4384
4395
4405
4409
4410
4415
4441
4445
4452
4453
4455
4471
4480
4481
4486
4487
4500
4512
4517
4518
4519
4520
4521
4522
4523
4524
4527
4592
4820
4822
4910
4926
4932
4934
4940
4953
4954
4957
4958
4959
4960
4963
4967
4968
4970
4971
4976
4981
5024
5034
5035
5037
5040
5041
5042
5043
5059
5092
5093
5094
5095
5096
5097
5098
5099
5100
5101
5134
5155
5158
5159
5162
5164
5165
5167
5168
5169
5170
5171
5172
5174
5175
5177
5179
5182
5183
5184
5185
5186
5187
5194
5197
5198
5199
5200
5201
5203
5204
5248
5291
5294
5321
5324
5370
5393
5394
5402
5462
5468
5477
5479
5481
5485
5489
5492
5494
5496
5497
5504
5507
5513
5514
5519
5523
5531
5542
5545
5546
5564
5585
5599
5600
5602
5603
5604
5605
5606
5607
5608
5609
5610
5611
5612
5613
5614
5615
5616
5618
5619
5620
5621
5624
5625
5626
5627
5629
5632
5633
5634
5635
5636
5637
5639
5640
5641
5642
5643
5644
5645
5647
5706
5788
5792
5802
5901
5907
5924
5928
5929
5930
5932
5933
5936
5937
5938
5939
5940
5941
5942
5943
5945
5946
5947
5948
5949
5951
5953
5954
5955
5957
5958
5959
5960
5961
5962
5963
5964
5965
5966
5967
5968
5969
5970
5971
5972
5973
5974
5975
5976
5977
5978
5979
5980
5981
5982
5983
5984
5986
5987
5988
5989
5990
5991
5992
5993
5994
5997
5998
5999
6000
6001
6002
6003
6004
6005
6006
6007
6008
6009
6010
6011
6012
6013
6014
6016
6017
6018
6020
6022
6023
6025
6026
6027
6028
6030
6031
6032
6036
6038
6039
6040
6042
6043
6044
6045
6046
6047
6048
6049
6050
6051
6052
6053
6054
6055
6056
6057
6058
6059
6060
6061
6062
6063
6064
6065
6067
6068
6069
6070
6072
6073
6077
6079
6080
6081
6082
6084
6085
6086
6087
6089
6090
6091
6092
6093
6094
6096
6097
6098
6099
6100
6101
6102
6103
6104
6106
6107
6108
6109
6110
6111
6112
6113
6115
6116
6117
6119
6120
6121
6122
6125
6127
6128
6129
6130
6131
6133
6134
6136
6139
6140
6142
6143
6173
6174
6175
6176
6177
6178
6179
6182
6183
6184
6185
6210
6211
6260
6265
6287
6291
6295
6328
6338
6403
6404
6405
6406
6407
6409
6410
6411
6412
6413
6414
6415
6416
6417
6418
6419
6529
6531
6532
6535
6536
6537
6539
6545
6546
6549
6550
6552
6560
6562
6563
6564
6565
6608
6609
6612
6614
6617
6618
6619
6620
6621
6622
6623
6639
6644
6645
6646
6647
6657
6658
6666
6669
6670
6673
6716
6718
6722
6726
6727
6735
6736
6737
6741
6742
6743
6744
6745
6746
6747
6748
6749
6750
6751
6752
6753
6754
6755
6756
6757
6758
6759
6760
6761
6762
6763
6764
6765
6766
6767
6768
6769
6770
6771
6772
6773
6774
6775
6807
6816
6824
6829
6830
6835
6836
6837
6839
6840
6841
6842
6843
6844
6845
6846
6847
6848
6849
6850
6851
6852
6853
6854
6855
6856
6857
6858
6859
6860
6861
6862
6863
6864
6865
6866
6867
6868
6869
6870
6871
6872
6873
6874
6875
6876
6877
6878
6879
6880
6881
6882
6883
6884
6885
6886
6887
6888
6889
6890
6891
6892
6893
6894
6895
6896
6897
6898
6899
6900
6901
6902
6903
6904
6905
6906
6907
6908
6909
6910
6911
6912
6913
6914
6915
6916
6917
6918
6919
6920
6921
6922
6923
6924
6925
6926
6927
6928
6929
6930
6931
6932
6933
6934
6935
6936
6937
6939
6940
6941
6942
6943
6944
6945
6946
6947
6948
6949
6950
6951
6952
6953
6954
6955
6956
6957
6958
6959
6960
6961
6962
6963
6964
6965
6966
6967
6968
6969
6970
6971
6972
6973
6974
6975
6976
6977
6978
6979
6980
6981
6982
6983
6984
6985
6986
6987
6988
6989
6990
6991
6992
6993
6994
6995
6996
6997
6998
6999
7000
7001
7002
7003
7004
7005
7006
7007
7008
7009
7010
7011
7012
7013
7015
7016
7017
7018
7019
7020
7021
7023
7024
7025
7026
7027
7028
7029
7030
7031
7032
7033
7034
7035
7036
7037
7038
7039
7040
7041
7042
7043
7044
7045
7046
7047
7048
7049
7050
7051
7052
7053
7054
7055
7056
7057
7058
7059
7060
7061
7062
7063
7064
7065
7066
7067
7068
7069
7070
7071
7072
7073
7074
7075
7076
7077
7078
7079
7080
7081
7082
7083
7084
7085
7086
7087
7088
7089
7090
7091
7093
7094
7095
7096
7097
7098
7099
7100
7101
7102
7103
7104
7105
7106
7107
7108
7109
7110
7111
7112
7113
7114
7115
7116
7117
7118
7119
7120
7121
7122
7123
7124
7125
7126
7127
7128
7129
7130
7131
7132
7133
7134
7135
7136
7137
7138
7139
7140
7141
7142
7143
7144
7145
7146
7147
7148
7149
7150
7151
7152
7153
7154
7155
7156
7157
7158
7159
7160
7161
7162
7163
7164
7165
7166
7167
7168
7169
7170
7171
7172
7173
7174
7175
7176
7177
7178
7179
7180
7181
7182
7183
7184
7185
7186
7187
7188
7189
7190
7191
7192
7193
7194
7195
7196
7197
7198
7199
7200
7201
7202
7203
7204
7205
7206
7207
7208
7209
7210
7211
7212
7213
7214
7215
7216
7218
7219
7220
7221
7222
7223
7224
7225
7226
7227
7228
7229
7230
7231
7232
7233
7234
7235
7236
7238
7240
7241
7242
7243
7244
7245
7246
7247
7248
7249
7250
7251
7252
7253
7254
7255
7266
7355
7356
7357
7358
7359
7362
7364
7365
7366
7368
7370
7371
7373
7375
7376
7377
7378
7379
7381
7382
7383
7385
7390
7391
7392
7395
7396
7397
7398
7399
7400
7401
7402
7403
7404
7407
7408
7409
7413
7414
7415
7436
7441
7443
7446
7474
7475
7483
7495
7496
7520
7523
7608
7614
7666
7667
7715
7717
7718
7719
7720
7724
7725
7726
7728
7729
7733
7756
7890
7912
7926
7938
7939
7953
7954
7961
7989
8016
8019
8022
8025
8027
8028
8029
8030
8032
8033
8034
8035
8036
8290
8299
8328
8334
8336
8338
8340
8341
8344
8345
8348
8351
8352
8353
8355
8356
8358
8359
8364
8366
8368
8370
8371
8376
8381
8383
8385
8386
8388
8390
8391
8392
8394
8397
8399
8403
8405
8407
8408
8409
8412
8418
8419
8420
8421
8422
8425
8430
8439
8451
8457
8487
8520
8552
8555
8560
8563
8571
8575
8579
8584
8585
8591
8599
8601
8603
8604
8641
8644
8699
8706
8712
8805
8841
8842
8850
8853
8889
8894
8895
8899
8908
8910
8944
8984
9313
9315
9317
9318
9320
9321
9323
9324
9328
9330
9331
9333
9334
9336
9337
9339
9340
9341
9343
9344
9345
9347
9348
9349
9350
9351
9354
9356
9358
9359
9360
9362
9365
9366
9367
9368
9370
9372
9374
9378
9380
9382
9384
9386
9387
9389
9390
9392
9394
9402
9403
9405
9406
9410
9418
9429
9457
9458
9460
9481
9482
9510
9511
9512
9513
9514
9516
9517
9518
9520
9522
9526
9527
9531
9533
9534
9538
9540
9542
9544
9546
9549
9550
9557
9558
9561
9562
9563
9564
9569
9570
9573
9574
9577
9580
9582
9586
9587
9588
9591
9592
9593
9598
9599
9600
9606
9613
9616
9617
9619
9622
9623
9624
9626
9627
9629
9632
9634
9642
9643
9649
9650
9651
9654
9657
9658
9659
9663
9671
9674
9677
9682
9700
9708
9717
9719
9723
9730
9731
9733
9735
9736
9741
9768
9770
9863
9864
9865
9866
9867
9868
9869
9870
9871
9872
9873
9874
9875
9876
9877
9878
9889
9924
9928
9938
9941
9944
9948
9949
9955
9957
9962
9963
9964
9965
9975
9988
10035
10060
10061
10062
10063
10064
10065
10066
10090
10101
10105
10107
10110
10112
10113
10114
10116
10118
10120
10122
10123
10130
10131
10139
10143
10146
10148
10163
10164
10171
10175
10179
10180
10188
10190
10198
10202
10203
10204
10212
10215
10217
10218
10220
10223
10225
10227
10228
10232
10234
10235
10236
10242
10244
10247
10252
10254
10259
10260
10262
10267
10268
10273
10275
10279
10280
10286
10291
10293
10296
10297
10298
10299
10302
10303
10304
10305
10306
10309
10311
10315
10317
10318
10319
10331
10333
10336
10342
10343
10344
10347
10349
10355
10356
10357
10359
10360
10364
10370
10380
10383
10384
10387
10389
10391
10392
10401
10402
10404
10406
10409
10413
10416
10419
10424
10425
10427
10428
10429
10433
10434
10438
10440
10441
10443
10445
10447
10450
10452
10458
10463
10464
10466
10468
10469
10470
10472
10473
10475
10476
10477
10478
10481
10483
10494
10495
10498
10500
10504
10506
10507
10512
10513
10514
10517
10518
10522
10524
10525
10528
10531
10532
10536
10537
10539
10545
10546
10547
10554
10557
10560
10563
10564
10568
10571
10572
10574
10577
10582
10589
10596
10598
10599
10600
10603
10604
10607
10609
10610
10611
10612
10619
10622
10623
10625
10627
10632
10633
10641
10642
10643
10646
10649
10653
10654
10656
10661
10662
10667
10672
10678
10679
10680
10681
10682
10683
10685
10689
10690
10696
10698
10700
10704
10705
10714
10715
10721
10726
10727
10731
10733
10734
10738
10740
10758
10766
10771
10773
10774
10775
10853
10888
10897
10901
10903
10937
10938
10939
10940
10941
10942
10943
10945
10947
10948
10949
10951
10952
10953
10954
10955
10956
10967
10968
10970
10971
10973
10974
10978
10983
10986
10999
11002
11008
11094
11097
11100
11102
11105
11106
11110
11116
11119
11120
11123
11124
11127
11129
11130
11133
11134
11135
11136
11140
11146
11147
11148
11149
11151
11154
11156
11159
11163
11168
11169
11171
11173
11177
11178
11181
11184
11186
11187
11188
11189
11190
11192
11195
11196
11202
11208
11210
11214
11215
11217
11220
11222
11223
11224
11227
11228
11231
11232
11233
11234
11235
11237
11241
11242
11243
11244
11245
11249
11253
11256
11257
11261
11262
11264
11266
11270
11272
11275
11278
11284
11285
11290
11293
11294
11295
11300
11306
11307
11309
11312
11313
11314
11315
11317
11318
11320
11322
11323
11327
11329
11330
11331
11334
11335
11337
11343
11344
11345
11347
11348
11349
11350
11354
11355
11359
11362
11365
11366
11368
11370
11371
11373
11374
11375
11377
11378
11379
11380
11381
11382
11383
11384
11385
11386
11390
11391
11392
11394
11397
11398
11399
11400
11402
11403
11405
11408
11409
11411
11412
11413
11420
11421
11423
11426
11427
11429
11430
11432
11433
11436
11439
11440
11441
11442
11445
11447
11448
11451
11455
11456
11459
11460
11461
11464
11466
11467
11468
11470
11471
11472
11473
11475
11476
11478
11480
11481
11482
11484
11486
11487
11490
11493
11495
11496
11497
11498
11501
11502
11504
11506
11508
11509
11519
11520
11529
11531
11541
11542
11544
11545
11546
11548
11549
11550
11554
11555
11556
11557
11561
11563
11565
11567
11570
11572
11573
11576
11597
11603
11604
11605
11606
11638
11639
11647
11650
11663
11692
11695
11766
11768
11769
11770
11771
11772
11854
11855
11902
12208
12226
12239
12250
12251
12270
12279
12281
12286
12298
12299
12306
12307
12309
12313
12316
12350
12363
12376
12381
12385
12402
12409
12412
12422
12431
12443
12461
12484
12491
12494
12501
12503
12504
12527
12547
12575
12585
12590
12598
12613
12619
12622
12628
12639
12665
12667
12673
12685
12712
12713
12721
12723
12729
12731
12748
12753
12761
12768
12770
12774
12786
12787
12791
12830
12836
12842
12848
12863
12907
12912
12924
12926
12959
12962
12983
12992
12994
13005
13018
13024
13047
13052
13065
13084
13091
13093
13095
13107
13108
13119
13125
13131
13133
13141
13170
13186
13194
13203
13213
13236
13237
13256
13274
13281
13282
13301
13303
13317
13321
13322
13329
13337
13357
13378
13380
13387
13390
13394
13396
13398
13404
13411
13416
13419
13450
13452
13454
13457
13482
13485
13493
13501
13503
13523
13530
13532
13539
13547
13550
13552
13568
13569
13574
13576
13605
13609
13628
13629
13640
13646
13651
13652
13663
13671
13674
13675
13683
13693
13710
13719
13750
13751
13768
13772
13776
13783
13787
13822
13823
13824
13825
13826
13834
13868
13879
13894
13899
13901
13909
13915
13917
13926
13927
13928
13931
13966
14003
14004
14005
14006
14008
14009
14012
14013
14014
14015
14016
14017
14020
14022
14029
14030
14031
14032
14033
14040
14041
14044
14046
14047
14048
14050
14052
14053
14055
14056
14057
14058
14059
14061
14062
14064
14066
14067
14068
14071
14074
14075
14076
14077
14078
14079
14080
14081
14083
14084
14085
14087
14088
14089
14090
14091
14094
14096
14097
14098
14099
14100
14102
14105
14106
14107
14108
14109
14132
14136
14148
14173
14225
14231
14232
14235
14257
14263
14271
14273
14274
14275
14280
14285
14286
14288
14289
14293
14295
14299
14301
14310
14328
14371
14384
14387
14430
14432
14433
14436
14440
14462
14474
14495
14559
14562
14584
14586
14591
14596
14614
14618
14626
14640
14643
14644
14646
14701
14704
14705
14706
14707
14739
14746
14756
14766
14773
14780
14784
14785
14786
14787
14788
14790
14791
14793
14795
14796
14797
14798
14807
14867
14868
14869
14872
14875
14880
14885
14906
14964
14970
14977
14985
15038
15063
15118
15149
15151
15154
15155
15156
15160
15161
15162
15163
15164
15167
15168
15171
15172
15173
15174
15175
15176
15177
15178
15180
15181
15188
15189
15190
15193
15194
15195
15198
15199
15204
15206
15207
15208
15209
15210
15211
15212
15213
15215
15217
15219
15220
15221
15223
15287
15288
15290
15292
15293
15299
15303
15310
15318
15321
15328
15374
15384
15385
15387
15388
15390
15391
15392
15393
15394
15395
15399
15400
15401
15402
15403
15404
15405
15406
15411
15414
15415
15417
15428
15431
15438
15445
15452
15457
15462
15472
15474
15476
15477
15479
15480
15481
15483
15484
15485
15486
15487
15488
15489
15490
15491
15494
15497
15498
15499
15500
15501
15502
15505
15506
15507
15509
15510
15512
15513
15516
15518
15519
15522
15524
15525
15527
15530
15532
15534
15535
15537
15539
15541
15542
15543
15547
15553
15554
15556
15559
15560
15564
15565
15567
15569
15572
15579
15584
15585
15588
15596
15603
15609
15611
15621
15625
15632
15693
15694
15695
15696
15697
15698
15699
15700
15701
15702
15703
15704
15705
15707
15708
15709
15710
15711
15713
15714
15718
15719
15720
15721
15722
15723
15724
15725
15726
15728
15733
15737
15739
15740
15741
15742
15744
15750
15755
15758
15760
15762
15764
15765
15769
15771
15773
15774
15778
15779
15780
15792
15793
15794
15795
15796
15797
15799
15800
15801
15802
15803
15805
15807
15808
15809
15810
15811
15813
15817
15818
15819
15820
15822
15825
15826
15827
15828
15829
15831
15832
15833
15834
15835
15934
15936
15941
16150
16151
16165
16179
16181
16183
16184
16185
16199
16200
16205
16222
16268
16711
16714
16716
16759
16765
16773
16807
16815
16822
16853
17057
17073
17098
17113
17116
17124
17129
17134
17136
17179
17242
17251
17261
17286
17407
17443
17513
17537
17545
17566
17588
17604
17632
17718
17736
17747
17749
17759
17766
17787
17869
17871
17924
17969
18032
18036
18072
18209
18217
18230
18234
18260
18277
18312
18317
18617
18746
18968
18970
18973
18974
18975
19003
19004
19005
19009
19017
19018
19019
19022
19025
19039
19041
19044
19045
19046
19047
19053
19056
19079
19080
19081
19082
19083
19084
19086
19087
19092
19093
19098
19105
19106
19127
19128
19161
19166
19172
19178
19194
19196
19202
19204
19222
19280
19291
19305
19307
19500
19501
19502
19503
19504
19505
19507
19509
19510
19513
19597
19599
19602
19604
19605
19606
19607
19608
19609
19610
19611
19612
19613
19617
19620
19621
19622
19630
19631
19633
19635
19636
19639
19641
19645
19652
19653
19655
19656
19661
19662
19664
19665
19669
19670
19682
19689
19690
19692
19914
19921
19922
19926
19931
19932
19944
20001
20009
20030
20036
20039
20076
20079
20080
20081
20082
20084
20099
20110
20112
20118
20119
20143
20144
20147
20156
20162
20166
20167
20168
20169
20170
20171
20173
20175
20178
20179
20182
20183
20184