574
581
582
940
941
943
945
992
999
1001
1004
1008
1010
1012
1013
1014
1015
1017
1020
1023
1024
1025
1026
1027
1030
1068
1069
1070
1071
1072
1073
1074
1075
1076
1077
1078
1079
1080
1081
1083
1085
1086
1088
1118
1172
1236
1245
1246
1252
1258
1266
1268
1273
1274
1282
1285
1298
1301
1304
1320
1330
1354
1380
1381
1402
1403
1404
1405
1407
1420
1422
1424
1425
1430
1431
1436
1438
1444
1452
1457
1459
1460
1461
1464
1465
1466
1468
1469
1510
1515
1521
1522
1523
1524
1527
1531
1534
1589
1600
1603
1605
1606
1609
1610
1611
1613
1616
1617
1618
1619
1621
1622
1623
1625
1626
1627
1629
1630
1844
2007
2008
2009
2010
2011
2012
2013
2014
2015
2016
2017
2018
2020
2021
2022
2023
2025
2028
2029
2030
2031
2032
2033
2035
2037
2038
2039
2040
2041
2042
2045
2046
2047
2048
2049
2050
2051
2052
2053
2054
2055
2056
2057
2058
2060
2061
2084
2092
2109
2204
2314
2318
2319
2320
2437
2451
2464
2468
2503
2510
3022
3037
3039
3040
3043
3060
3072
3150
4230
4261
4287
4303
4305
4319
4350
4529
4533
4546
4560
4561
4563
4566
4571
4581
4584
4587
4594
4595
4596
4597
4600
4605
4609
4615
4620
4622
4626
4627
4629
4633
4634
4635
4636
4637
4639
4640
4642
4645
4646
4649
4651
4655
4656
4658
4659
4660
4662
4664
4666
4668
4669
4673
4677
4681
4685
4689
4690
4691
4692
4694
4696
4704
4711
4713
4716
4717
4722
4723
4725
4727
4736
4740
4750
4753
4754
4758
4759
4761
4763
4765
4766
4767
4768
4769
4772
4773
4778
4779
4780
4783
4784
4787
4793
4794
4798
4803
4808
4809
4811
4812
4814
4815
4817
4818
4837
4861
4884
4900
4913
4914
4932
4939
4942
4968
4971
4976
4980
4982
4987
5019
5022
5055
5056
5057
5058
5059
5060
5061
5062
5063
5117
5118
5119
5120
5121
5122
5123
5124
5125
5126
5127
5129
5130
5131
5132
5133
5136
5137
5138
5139
5167
5208
5214
5215
5231
5261
5271
5273
5277
5311
5318
5344
5369
5370
5414
5566
5572
5596
5805
5885
5887
6155
6156
6158
6159
6160
6188
6200
6202
6204
6217
6219
6220
6224
6225
6226
6230
6245
6382
6389
6392
6395
6396
6430
6448
6517
6519
6520
6522
6524
6566
6572
6589
6593
6691
6706
6711
6723
6724
6728
6729
6730
6731
6734
7257
7258
7261
7262
7302
7324
7418
7423
7427
7450
7451
7467
7486
7498
7499
7512
7514
7596
7599
7601
7658
7660
7670
7674
7676
7677
7686
7707
7711
7746
7747
7748
7749
7750
7751
7753
7855
7874
7918
7956
7962
7972
7990
7991
7992
7993
8021
8214
8267
8269
8278
8279
8280
8281
8282
8283
8284
8286
8436
8438
8443
8447
8452
8453
8455
8459
8462
8464
8477
8478
8482
8484
8485
8489
8494
8495
8496
8505
8510
8517
8518
8519
8520
8522
8523
8524
8526
8528
8530
8531
8533
8535
8544
8547
8571
8592
8596
8597
8599
8600
8612
8613
8617
8622
8623
8630
8636
8677
8718
8766
8770
8868
8872
8877
8878
8879
8881
8888
8893
8896
8922
8932
8969
8970
8976
8988
8989
8990
8991
8992
8993
8995
8996
8997
8998
8999
9000
9001
9003
9004
9005
9006
9008
9010
9011
9012
9013
9014
9015
9016
9017
9018
9019
9020
9021
9022
9023
9024
9025
9027
9029
9030
9031
9032
9033
9034
9036
9037
9038
9039
9040
9041
9042
9043
9044
9045
9046
9049
9052
9053
9054
9056
9057
9058
9059
9060
9061
9063
9067
9068
9069
9070
9071
9072
9073
9074
9076
9078
9079
9080
9081
9082
9083
9084
9085
9086
9087
9088
9089
9090
9091
9092
9093
9094
9095
9096
9097
9098
9099
9100
9102
9103
9104
9105
9106
9109
9112
9113
9114
9115
9116
9117
9118
9119
9120
9121
9122
9123
9124
9125
9126
9127
9128
9129
9130
9131
9132
9133
9134
9135
9136
9137
9139
9140
9141
9142
9144
9145
9147
9149
9150
9151
9152
9153
9154
9155
9156
9158
9160
9162
9163
9164
9166
9167
9170
9171
9172
9174
9175
9176
9177
9178
9181
9182
9183
9185
9186
9187
9188
9189
9191
9192
9193
9194
9195
9196
9197
9198
9199
9200
9202
9203
9204
9205
9206
9207
9208
9209
9210
9211
9212
9213
9214
9215
9219
9221
9222
9223
9228
9229
9230
9231
9233
9235
9236
9237
9238
9239
9241
9243
9244
9246
9248
9249
9251
9252
9254
9255
9256
9257
9258
9261
9262
9263
9264
9265
9266
9270
9273
9274
9275
9276
9279
9280
9281
9439
9442
9443
9445
9447
9448
9451
9499
9503
9506
9507
9680
9684
9685
9688
9689
9691
9692
9698
9704
9708
9710
9711
9721
9725
9809
9812
9825
9846
9853
9856
9858
9860
9882
9887
9891
9962
9984
9987
10042
10046
10056
10057
10074
10094
10137
10138
10140
10144
10783
10797
10805
10879
10959
10965
10993
10994
11018
11020
11040
11052
11076
11084
11086
11088
11091
11518
11581
11635
11654
11655
11656
11658
11687
11691
11693
11709
11737
11759
11780
11820
11824
11828
11837
11846
11855
11859
11872
11874
11881
11882
11886
11888
11893
11898
11916
11917
11928
11932
11933
11936
11937
11940
11941
11998
12010
12016
12053
12101
12140
12178
12180
12198
12208
12256
12261
12291
12295
12303
12305
12309
12312
12313
12325
12331
12333
12334
12335
12336
12337
12338
12342
12349
12352
12353
12355
12358
12365
12369
12372
12373
12374
12377
12379
12380
12388
12391
12392
12399
12401
12402
12407
12410
12411
12424
12426
12428
12430
12451
12453
12456
12464
12467
12477
12480
12482
12490
12507
12508
12509
12518
12520
12533
12534
12537
12538
12542
12544
12548
12549
12554
12559
12560
12562
12563
12564
12566
12567
12573
12577
12581
12588
12593
12595
12596
12599
12600
12602
12608
12609
12612
12615
12617
12619
12621
12638
12642
12644
12645
12647
12654
12656
12657
12659
12661
12662
12664
12670
12672
12675
12682
12684
12687
12691
12693
12699
12701
12708
12714
12715
12720
12722
12725
12728
12730
12733
12735
12741
12744
12746
12748
12752
12754
12760
12762
12763
12765
12771
12775
12777
12778
12780
12781
12785
12788
12792
12799
12801
12807
12812
12823
12825
12826
12831
12832
12839
12840
12856
12864
12866
12875
12878
12880
12887
12889
12894
12896
12897
12899
12920
12923
12925
12929
12930
12932
12939
12940
12944
12945
12947
12950
12952
12953
12954
12955
12963
12974
12975
12978
12984
12985
12993
13008
13010
13027
13055
13063
13098
13132
13146
13150
13168
13179
13188
13190
13191
13213
13215
13244
13251
13257
13271
13294
13304
13331
13348
13406
13409
13412
13425
13441
13444
13464
13471
13475
13483
13499
13513
13522
13531
13541
13551
13563
13582
13591
13616
13631
13633
13638
13648
13664
13680
13684
13700
13703
13704
13718
13721
13723
13727
13747
13752
13783
13797
13830
13832
13833
13835
13836
13852
13934
13945
13959
13968
14105
14111
14112
14115
14119
14123
14125
14129
14131
14204
14205
14206
14235
14267
14335
14339
14340
14358
14368
14399
14400
14403
14404
14406
14413
14415
14428
14429
14473
14511
14515
14518
14526
14535
14536
14539
14540
14541
14544
14545
14549
14555
14557
14583
14619
14622
14627
14630
14667
14692
14716
14729
14733
14734
14735
14748
14754
14769
14776
14777
14779
14840
14853
14860
14864
14865
14871
14907
14910
14937
14938
14955
14959
14960
14962
14996
15006
15017
15018
15020
15022
15029
15030
15032
15033
15034
15042
15044
15048
15059
15068
15069
15076
15080
15081
15083
15084
15085
15087
15088
15089
15091
15093
15094
15095
15096
15097
15098
15099
15100
15105
15106
15107
15108
15111
15112
15113
15114
15115
15116
15117
15118
15119
15120
15121
15122
15123
15124
15125
15126
15127
15128
15129
15130
15131
15132
15133
15134
15135
15136
15137
15138
15139
15140
15141
15142
15143
15144
15145
15146
15147
15148
15234
15235
15331
15355
15360
15361
15373
15374
15380
15422
15423
15424
15431
15433
15434
15437
15438
15446
15448
15450
15469
15615
15616
15617
15618
15619
15653
15654
15670
15688
15782
15784
15786
15787
15818
15820
15832
15906
15910
15914
15937
15962
15963
15965
15966
15969
15970
15971
15972
15973
15974
15975
15976
15977
15979
15980
15981
15983
15984
15985
15986
15987
15990
15991
15992
15993
15995
15997
15998
15999
16000
16003
16004
16005
16006
16007
16008
16012
16013
16014
16016
16038
16039
16041
16047
16049
16064
16201
16202
16272
16274
16278
16306
16313
16320
16323
16324
16329
16355
16356
16365
16366
16378
16395
16405
16412
16413
16414
16415
16430
16431
16445
16446
16466
16474
16478
16495
16496
16499
16503
16512
16522
16524
16539
16565
16578
16581
16586
16590
16596
16603
16615
16618
16619
16624
16627
16633
16641
16644
16660
16662
16671
16673
16680
16684
16685
16686
16695
16756
16759
16843
16844
16857
16858
16860
16864
16865
16866
16867
16868
16869
16870
16871
16872
16873
16874
16875
16877
16879
16880
16881
16882
16883
16884
16885
16886
16887
16888
16889
16891
16892
16893
16894
16895
16896
16897
16898
16899
16900
16901
16902
16903
16904
16906
16908
16909
16912
16913
16915
16916
16917
16918
16919
16921
16925
16926
16927
16928
16930
16931
16932
16934
16935
16937
16938
16939
16940
16941
16942
16943
16945
16946
16947
16949
16950
16951
16952
16955
16956
16957
16958
16959
16960
16961
16962
16963
16964
16966
16967
16968
16969
16970
16971
16972
16973
16974
16975
16977
16979
16980
16981
16982
16983
16984
16985
16986
16988
16989
16991
16992
16994
16995
16996
16997
16998
17000
17001
17002
17003
17005
17006
17010
17011
17012
17013
17014
17015
17016
17017
17018
17019
17021
17022
17023
17024
17025
17027
17028
17029
17030
17031
17032
17034
17035
17036
17038
17039
17040
17041
17042
17043
17044
17045
17046
17048
17050
17051
17052
17053
17055
17056
17057
17058
17059
17060
17061
17062
17063
17064
17065
17066
17067
17068
17070
17071
17072
17075
17076
17077
17081
17082
17083
17084
17085
17086
17087
17089
17090
17091
17092
17093
17094
17095
17096
17097
17099
17100
17101
17102
17104
17105
17106
17107
17108
17110
17111
17112
17114
17115
17116
17117
17118
17119
17120
17121
17122
17123
17124
17125
17126
17127
17128
17129
17131
17134
17135
17138
17139
17140
17142
17143
17144
17145
17146
17147
17148
17149
17150
17151
17152
17153
17154
17155
17156
17157
17158
17159
17160
17161
17162
17163
17164
17166
17167
17168
17169
17171
17172
17173
17176
17177
17178
17180
17181
17183
17184
17186
17187
17188
17189
17190
17191
17192
17193
17194
17195
17196
17197
17199
17200
17202
17203
17204
17206
17207
17208
17209
17210
17211
17212
17213
17214
17215
17217
17219
17221
17222
17223
17224
17225
17226
17227
17230
17231
17232
17233
17234
17235
17236
17237
17238
17239
17240
17241
17243
17245
17246
17247
17248
17249
17250
17251
17252
17253
17254
17255
17256
17258
17259
17260
17261
17262
17263
17264
17265
17266
17267
17269
17270
17271
17272
17273
17274
17275
17276
17277
17278
17279
17280
17281
17282
17283
17284
17286
17287
17288
17289
17290
17291
17294
17295
17296
17297
17298
17299
17300
17301
17302
17303
17305
17306
17308
17309
17310
17311
17312
17314
17315
17316
17317
17318
17319
17320
17323
17324
17325
17326
17327
17328
17330
17331
17332
17333
17334
17335
17337
17338
17339
17340
17341
17342
17343
17344
17345
17346
17348
17349
17351
17352
17353
17355
17356
17357
17358
17359
17360
17361
17363
17364
17367
17368
17369
17370
17371
17372
17373
17374
17375
17376
17377
17378
17380
17381
17382
17384
17385
17386
17387
17389
17390
17391
17392
17393
17394
17395
17397
17398
17401
17402
17403
17404
17408
17410
17411
17412
17413
17414
17415
17416
17417
17418
17419
17420
17421
17422
17423
17424
17428
17429
17430
17431
17432
17433
17435
17437
17439
17440
17441
17442
17443
17444
17445
17446
17447
17448
17449
17450
17451
17452
17453
17456
17457
17458
17459
17460
17461
17462
17463
17464
17465
17467
17469
17470
17471
17472
17473
17474
17475
17476
17477
17479
17480
17481
17482
17483
17484
17485
17486
17487
17488
17490
17491
17492
17493
17494
17495
17498
17499
17500
17501
17502
17504
17505
17506
17507
17508
17509
17510
17511
17512
17513
17514
17515
17516
17517
17518
17519
17520
17522
17524
17525
17527
17528
17529
17530
17532
17533
17536
17537
17538
17539
17540
17541
17542
17544
17545
17546
17547
17548
17549
17550
17551
17553
17554
17555
17556
17557
17558
17559
17560
17561
17562
17563
17565
17566
17567
17568
17569
17570
17571
17572
17573
17575
17576
17577
17578
17579
17580
17581
17582
17583
17584
17585
17586
17587
17589
17590
17591
17592
17593
17594
17595
17596
17597
17598
17600
17601
17602
17603
17604
17605
17606
17607
17608
17609
17610
17611
17612
17613
17614
17616
17617
17618
17619
17620
17621
17622
17623
17624
17625
17626
17627
17628
17629
17630
17631
17633
17634
17635
17636
17638
17639
17640
17641
17642
17644
17645
17646
17650
17651
17652
17653
17654
17655
17656
17657
17658
17659
17660
17661
17662
17663
17664
17665
17667
17668
17669
17670
17671
17672
17675
17677
17678
17679
17680
17681
17682
17683
17684
17685
17686
17687
17689
17691
17693
17694
17695
17696
17697
17698
17699
17700
17702
17703
17704
17705
17706
17707
17708
17709
17710
17711
17712
17713
17714
17715
17716
17717
17718
17719
17722
17723
17724
17725
17729
17731
17732
17733
17734
17736
17737
17739
17740
17741
17742
17743
17744
17746
17747
17748
17749
17750
17752
17753
17754
17755
17756
17757
17758
17759
17763
17764
17767
17768
17769
17770
17771
17773
17774
17775
17776
17777
17778
17780
17784
17786
17788
17789
17790
17791
17792
17794
17795
17796
17797
17799
17800
17801
17802
17803
17804
17805
17806
17809
17811
17812
17813
17814
17817
17818
17819
17821
17822
17823
17824
17825
17826
17827
17829
17830
17831
17832
17834
17836
17837
17838
17839
17840
17841
17842
17844
17845
17846
17847
17848
17849
17850
17851
17852
17853
17854
17855
17856
17857
17858
17859
17861
17862
17864
17867
17868
17869
17870
17871
17872
17873
17874
17876
17877
17878
17879
17880
17881
17882
17883
17884
17885
17886
17887
17888
17889
17891
17892
17893
17894
17895
17897
17898
17899
17901
17902
17903
17905
17906
17908
17909
17910
17911
17912
17913
17914
17915
17916
17917
17918
17919
17920
17922
17923
17924
17925
17926
17927
17928
17929
17931
17933
17936
17937
17938
17939
17940
17942
17943
17944
17945
17947
17948
17949
17950
17951
17953
17954
17957
17959
17960
17961
17962
17963
17965
17967
17968
17970
17971
17972
17973
17974
17975
17976
17977
17978
17979
17980
17981
17982
17983
17984
17985
17986
17987
17989
17990
17991
17992
17993
17994
17996
17997
17998
18000
18002
18003
18004
18005
18006
18007
18009
18011
18012
18013
18015
18016
18017
18018
18019
18020
18021
18022
18025
18026
18028
18029
18030
18031
18032
18033
18035
18036
18038
18039
18040
18042
18043
18044
18045
18046
18048
18051
18052
18054
18055
18056
18058
18059
18060
18061
18062
18064
18065
18066
18067
18068
18069
18070
18071
18072
18073
18075
18076
18077
18078
18079
18080
18081
18082
18083
18084
18086
18087
18088
18089
18090
18091
18093
18096
18097
18099
18101
18102
18104
18105
18108
18109
18110
18111
18112
18113
18114
18115
18116
18117
18119
18120
18121
18122
18124
18126
18127
18128
18129
18130
18131
18133
18134
18135
18137
18138
18139
18140
18142
18144
18145
18147
18149
18151
18154
18155
18156
18158
18159
18161
18162
18163
18164
18165
18167
18168
18169
18170
18171
18173
18174
18175
18177
18178
18179
18180
18181
18182
18183
18184
18185
18187
18189
18190
18191
18192
18193
18194
18196
18198
18199
18200
18201
18202
18203
18204
18205
18206
18207
18208
18209
18210
18211
18212
18214
18215
18216
18217
18219
18220
18222
18223
18225
18226
18228
18230
18231
18233
18234
18235
18236
18238
18239
18240
18242
18243
18246
18247
18248
18249
18252
18256
18257
18258
18259
18260
18261
18262
18263
18265
18266
18267
18268
18270
18272
18273
18274
18275
18276
18277
18279
18282
18283
18285
18287
18288
18289
18290
18291
18292
18294
18295
18296
18297
18299
18302
18303
18304
18306
18307
18308
18309
18311
18312
18314
18315
18317
18318
18319
18320
18321
18322
18324
18325
18327
18328
18329
18330
18331
18332
18333
18335
18337
18338
18339
18340
18341
18342
18343
18345
18346
18347
18348
18350
18351
18352
18353
18354
18355
18356
18357
18358
18359
18360
18361
18362
18364
18367
18368
18369
18370
18372
18373
18375
18376
18378
18379
18382
18384
18385
18386
18388
18389
18390
18391
18392
18393
18394
18395
18396
18397
18398
18399
18401
18402
18404
18406
18407
18408
18411
18412
18414
18415
18416
18417
18419
18420
18421
18422
18423
18424
18425
18427
18428
18429
18430
18433
18434
18435
18436
18438
18439
18440
18441
18442
18443
18444
18445
18447
18448
18449
18450
18451
18453
18454
18456
18457
18458
18460
18461
18462
18463
18464
18465
18466
18469
18470
18471
18472
18473
18474
18475
18477
18478
18480
18481
18482
18485
18486
18488
18489
18490
18492
18495
18496
18497
18498
18499
18500
18502
18503
18504
18505
18506
18507
18508
18509
18510
18511
18513
18514
18515
18517
18518
18519
18520
18521
18522
18525
18526
18527
18528
18529
18530
18532
18533
18534
18535
18536
18537
18538
18540
18541
18542
18543
18544
18545
18548
18549
18551
18552
18554
18555
18558
18561
18562
18563
18564
18565
18566
18568
18569
18570
18571
18572
18573
18574
18578
18579
18580
18581
18583
18584
18585
18586
18587
18588
18589
18590
18591
18592
18594
18595
18596
18597
18598
18599
18600
18601
18602
18606
18607
18608
18609
18610
18611
18612
18613
18614
18616
18617
18620
18622
18624
18625
18626
18627
18629
18630
18631
18632
18633
18634
18635
18636
18637
18638
18639
18640
18641
18642
18643
18644
18645
18646
18647
18648
18649
18650
18651
18652
18653
18656
18657
18658
18659
18660
18661
18662
18663
18664
18666
18667
18668
18669
18670
18671
18672
18673
18674
18675
18676
18677
18678
18679
18680
18681
18682
18683
18684
18685
18686
18687
18688
18689
18690
18691
18692
18693
18695
18696
18697
18698
18699
18700
18701
18702
18703
18704
18705
18706
18707
18708
18709
18710
18711
18712
18713
18714
18715
18716
18717
18718
18719
18720
18721
18722
18723
18725
18726
18727
18728
18729
18730
18732
18733
18734
18735
18736
18737
18738
18739
18740
18741
18742
18743
18744
18745
18747
18748
18749
18750
18751
18752
18753
18754
18755
18756
18757
18758
18759
18760
18761
18762
18763
18764
18765
18766
18767
18768
18771
18772
18773
18774
18775
18776
18777
18778
18779
18780
18781
18783
18784
18786
18787
18788
18789
18790
18792
18793
18794
18795
18796
18797
18798
18799
18800
18801
18802
18803
18804
18805
18806
18807
18808
18809
18810
18811
18812
18813
18814
18815
18816
18817
18818
18819
18820
18821
18824
18825
18826
18827
18828
18829
18830
18831
18832
18833
18834
18835
18836
18837
18838
18839
18841
18842
18843
18845
18846
18847
18848
18849
18850
18852
18853
18854
18855
18856
18857
18859
18860
18861
18862
18863
18864
18865
18866
18867
18868
18869
18871
18872
18873
18875
18876
18877
18878
18879
18880
18881
18882
18883
18884
18885
18886
18887
18888
18889
18891
18895
18896
18898
18899
18900
18901
18902
18903
18909
18913
18914
19038
19061
19062
19069
19070
19071
19072
19073
19074
19124
19211
19212
19213
19214
19215
19216
19217
19218
19220
19233
19247
19253
19257
19264
19268
19269
19275
19282
19309
19310
19322
19327
19329
19362
19373
19376
19383
19435
19450
19476
19484
19594
19768
19791
19793
19809
19902
19979
19982
19989
19999
20129
20136
20141
20197
20200