3
554
582
590
940
982
1384
1417
1455
1495
1496
1497
1498
1499
1500
1501
1502
1503
1505
1514
1520
1535
1612
2455
2529
2530
2531
2532
3047
3048
3049
3050
3051
3052
3053
3054
3055
4330
4332
4333
4344
4345
4346
4347
4348
4349
4350
4351
4352
4354
4356
4357
4360
4362
4363
4364
4427
4540
4543
4545
4546
4548
4550
4551
4553
4554
4555
4557
4559
4561
4562
4563
4566
4568
4573
4574
4575
4577
4578
4579
4581
4913
4969
4975
5003
5004
5005
5007
5008
5009
5010
5011
5014
5016
5022
5116
5209
5229
5243
5250
5264
5270
5272
5275
5336
5338
5341
5344
5349
5367
5583
5594
5597
5654
5696
5700
6434
6435
6436
6439
6442
6443
6471
6474
6476
6479
6480
6483
6487
6499
6504
6505
6589
6591
6592
6593
6594
6595
6596
6597
6598
6599
6686
6727
7273
7282
7283
7284
7285
7286
7287
7288
7300
7426
7427
7428
7431
7432
7433
7434
7646
7647
7662
7673
7696
7697
7699
7758
7802
7823
7904
7906
7912
7913
7914
7915
7917
7918
7941
7942
7943
7944
7945
7946
7947
7948
7949
7983
7984
7985
7986
7987
7988
7989
7990
7991
7992
7993
8025
8203
8237
8252
8258
8261
8264
8271
8274
8275
8436
8545
8572
8646
8647
8648
8651
8655
8661
8665
8676
8677
8678
8683
8685
8686
8687
8688
8690
8692
8693
8694
8695
8696
8760
8761
8774
8775
8776
8778
8779
8881
8882
8883
8884
8887
8891
8894
8895
8896
8898
8900
8901
8916
8917
8918
8919
8920
8922
9214
9469
9470
9471
9472
9473
9474
9475
9476
9477
9478
9479
9480
9481
9482
9485
9486
9487
9488
9491
9492
9495
9496
9497
9498
9726
9747
9771
9774
9778
9839
9847
9894
9900
9901
9902
9903
9904
9920
9921
9923
9924
9925
9926
9929
9930
9931
9933
9934
9935
9936
9937
9938
9939
9940
9941
9942
9945
9948
9949
9950
9951
9952
9953
9954
9955
9957
9958
9959
9961
9962
9963
9964
9965
9966
10005
10006
10009
10011
10012
10018
10790
10792
10793
10795
10796
10797
10798
10799
10800
10801
10802
10803
10804
10805
10832
10912
10921
10958
10959
10960
10961
10962
10963
10964
10965
10997
11007
11010
11011
11015
11016
11017
11020
11029
11030
11041
11044
11045
11048
11049
11053
11054
11056
11057
11060
11061
11062
11063
11578
11579
11580
11581
11582
11583
11585
11697
11698
11700
11701
11703
11708
11754
11821
11842
11843
11844
11845
11846
11847
11848
11849
11850
11851
11852
11867
11890
11895
11916
11918
11930
12019
12024
12038
12116
12305
12314
12361
12368
12383
12427
12433
12457
12459
12466
12476
12500
12562
12591
12594
12607
12658
12697
12726
12779
12835
12837
12920
12937
12964
13036
13040
13061
13075
13132
13153
13164
13196
13205
13238
13239
13241
13260
13265
13293
13306
13310
13333
13348
13349
13351
13361
13364
13429
13442
13462
13476
13489
13511
13517
13528
13540
13544
13548
13553
13567
13573
13619
13624
13654
13696
13698
13706
13715
13725
13735
13740
13770
13780
13784
13794
13933
13942
14242
14278
14334
14343
14344
14345
14346
14347
14348
14350
14351
14352
14353
14354
14355
14356
14357
14361
14363
14456
14466
14475
14476
14477
14478
14480
14481
14484
14487
14496
14499
14528
14588
14604
14605
14607
14625
14789
14818
14822
14824
14825
14827
14857
14906
14908
14911
14913
14914
14915
14916
14917
14918
14923
14928
14929
14930
14931
14932
14933
14934
14938
15009
15012
15017
15023
15058
15065
15078
15224
15227
15239
15294
15338
15429
15634
15645
15646
15647
15656
15671
15674
15875
16046
16065
16077
16078
16170
16171
16172
16173
16176
16201
16314
16316
16647
16650
16657
16659
16682
16717
16718
16719
16720
16721
16722
16724
16842
17586
17739
18385
19006
19008
19009
19010
19011
19012
19013
19014
19015
19048
19110
19120
19232
19247
19249
19360
19364
19391
19392
19393
19394
19395
19396
19397
19398
19400
19401
19448
19450
19528
19560
19757
19758
19759
19763
19768
19775
19776
19777
19778
19779
19781
19785
19807
19810
19811
19813
19814
19818
19819
19824
19826
19827
19828
19829
19830
19831
19832
19836
19848
19849
19854
19859
19861
19862
19863
19870
19871
19873
19874
19876
19877
19878
19879
19880
19881
19882
19883
19884
19885
19886
19887
19888
19889
19949
19952
19953
19997
20204
20205
20208