6
8
17
26
35
54
55
56
57
61
64
77
86
91
94
99
100
105
106
117
123
129
137
139
144
147
160
165
171
173
182
183
187
188
191
193
194
197
200
202
203
204
207
208
211
212
214
215
218
219
220
222
223
227
230
232
233
236
239
240
241
245
247
250
251
252
254
255
259
261
262
265
267
271
273
276
277
278
281
284
285
286
287
288
291
292
293
295
296
298
299
301
302
303
306
309
310
312
313
314
316
317
318
319
326
328
329
333
334
336
338
339
341
342
343
344
345
348
351
353
354
356
358
359
361
363
364
365
366
367
368
369
370
371
374
375
378
379
381
382
383
384
385
393
394
395
396
397
400
402
403
404
405
407
408
411
412
414
417
419
422
424
425
426
431
434
436
437
438
439
440
441
445
452
453
454
456
457
458
461
465
466
468
470
473
474
475
476
477
480
482
486
488
489
491
492
493
494
495
496
497
500
501
502
503
504
506
507
508
509
510
513
515
516
518
519
520
523
524
527
528
531
532
533
534
535
537
540
541
543
545
548
549
550
564
565
593
596
597
598
607
611
612
618
619
620
624
641
650
651
652
653
654
655
656
657
658
660
661
662
663
664
665
668
669
670
672
673
674
676
677
678
679
680
681
682
683
684
686
687
688
689
690
693
694
697
698
699
700
701
702
703
705
706
707
708
709
711
712
716
717
718
720
721
722
723
724
725
728
731
732
733
734
735
736
737
738
739
740
741
742
743
744
745
748
749
750
751
752
753
755
756
758
759
760
761
762
764
765
766
767
768
769
770
771
772
773
775
776
777
778
779
780
781
783
784
787
789
790
791
793
794
796
797
798
799
800
801
802
803
805
806
807
808
809
812
813
815
816
819
820
821
822
823
824
826
827
828
829
830
831
832
833
834
835
837
838
839
841
842
843
844
845
846
847
848
849
850
851
852
853
854
855
856
857
858
859
860
861
863
864
865
866
867
868
870
872
873
874
875
876
877
878
880
881
882
883
884
885
886
887
888
889
890
891
892
894
895
896
898
899
901
905
906
907
909
910
911
912
913
915
917
918
919
920
922
923
924
925
926
928
938
946
1043
1126
1154
1159
1196
1206
1209
1214
1221
1223
1224
1228
1259
1335
1338
1553
1557
1560
1632
1633
1634
1635
1636
1637
1638
1639
1640
1641
1642
1643
1644
1645
1646
1647
1648
1649
1650
1651
1652
1653
1654
1656
1657
1658
1659
1660
1661
1662
1663
1664
1665
1666
1667
1668
1669
1670
1671
1672
1673
1674
1675
1676
1677
1678
1679
1680
1681
1682
1683
1684
1685
1686
1687
1688
1689
1690
1691
1692
1693
1694
1695
1696
1697
1698
1699
1700
1703
1704
1707
1708
1710
1711
1712
1713
1714
1715
1716
1717
1718
1719
1720
1721
1722
1723
1724
1725
1726
1727
1728
1729
1731
1732
1733
1734
1736
1737
1738
1741
1742
1743
1744
1745
1747
1749
1751
1754
1755
1756
1757
1758
1760
1761
1762
1763
1764
1765
1768
1770
1772
1774
1776
1777
1778
1779
1781
1782
1784
1787
1788
1790
1791
1793
1795
1796
1798
1799
1800
1801
1805
1807
1808
1809
1815
1819
1821
1824
1826
1827
1828
1834
1860
1876
1878
1891
1904
1911
1921
1923
1925
1928
1929
1932
1942
1943
1945
1946
1950
1953
1964
1966
1970
1975
2048
2049
2053
2054
2055
2056
2058
2060
2061
2120
2122
2154
2178
2183
2268
2273
2279
2280
2282
2285
2286
2287
2302
2311
2326
2336
2367
2370
2375
2381
2387
2388
2391
2394
2396
2397
2398
2410
2412
2414
2415
2416
2417
2473
2494
2500
2535
2541
2543
2547
2554
2558
2559
2564
2571
2576
2577
2580
2584
2604
2621
2626
2631
2640
2656
2662
2673
2687
2688
2702
2707
2720
2724
2726
2734
2745
2751
2760
2770
2778
2783
2789
2802
2809
2818
2843
2848
2850
2854
2859
2860
2864
2867
2880
2886
2888
2905
2908
2921
2923
2925
2926
2928
2931
2932
2933
2961
2968
2981
2994
3002
3164
3166
3167
3171
3181
3184
3185
3192
3193
3195
3197
3198
3199
3201
3204
3207
3208
3209
3210
3212
3214
3216
3218
3220
3221
3222
3224
3227
3228
3229
3231
3233
3234
3235
3237
3238
3239
3240
3241
3247
3250
3255
3258
3261
3265
3267
3271
3272
3273
3274
3275
3277
3279
3280
3281
3282
3283
3288
3289
3290
3293
3294
3297
3301
3302
3303
3304
3307
3308
3309
3310
3311
3313
3314
3316
3318
3322
3326
3327
3329
3331
3334
3339
3340
3341
3342
3344
3348
3349
3350
3355
3356
3358
3359
3360
3361
3362
3363
3364
3365
3366
3367
3369
3370
3371
3373
3375
3376
3377
3378
3379
3381
3382
3384
3385
3386
3387
3391
3395
3396
3397
3398
3400
3403
3404
3405
3406
3407
3408
3409
3410
3411
3412
3413
3418
3421
3423
3426
3427
3429
3430
3433
3434
3435
3438
3440
3442
3443
3444
3447
3448
3453
3454
3455
3456
3457
3458
3459
3462
3464
3466
3467
3469
3470
3471
3473
3474
3477
3478
3479
3483
3485
3486
3488
3489
3490
3491
3497
3498
3499
3500
3502
3503
3511
3512
3513
3514
3515
3516
3523
3524
3525
3526
3528
3529
3531
3534
3535
3536
3537
3540
3541
3542
3544
3545
3546
3548
3549
3550
3551
3552
3556
3557
3559
3560
3561
3562
3563
3564
3565
3566
3570
3574
3575
3576
3577
3578
3580
3581
3582
3583
3584
3585
3586
3593
3594
3596
3597
3598
3600
3601
3604
3606
3607
3608
3609
3610
3612
3615
3618
3619
3620
3622
3626
3627
3632
3633
3638
3640
3643
3644
3645
3647
3648
3649
3650
3652
3653
3656
3657
3658
3660
3662
3664
3665
3667
3668
3669
3671
3672
3673
3675
3676
3677
3678
3680
3681
3682
3684
3685
3686
3687
3689
3690
3691
3692
3694
3695
3696
3699
3702
3703
3708
3709
3710
3711
3714
3715
3716
3717
3718
3720
3721
3722
3723
3724
3725
3726
3727
3728
3729
3730
3731
3736
3738
3739
3741
3744
3747
3749
3750
3751
3752
3761
3762
3763
3764
3766
3768
3771
3772
3775
3776
3777
3780
3781
3782
3783
3785
3786
3787
3788
3789
3790
3795
3796
3797
3800
3802
3803
3804
3805
3806
3807
3808
3812
3815
3816
3817
3818
3821
3822
3823
3825
3828
3830
3831
3832
3833
3834
3838
3839
3840
3841
3842
3846
3848
3849
3851
3852
3854
3856
3857
3860
3862
3864
3865
3867
3869
3870
3872
3873
3874
3875
3876
3881
3882
3883
3885
3886
3889
3892
3893
3894
3895
3896
3897
3898
3900
3901
3903
3905
3906
3907
3908
3916
3919
3923
3925
3926
3927
3928
3930
3937
3939
3940
3941
3944
3946
3950
3952
3953
3955
3956
3958
3960
3961
3963
3964
3968
3969
3972
3973
3974
3975
3977
3978
3979
3981
3984
3985
3986
3987
3988
3989
3992
3994
3997
3998
3999
4000
4001
4004
4005
4007
4008
4009
4010
4011
4013
4015
4016
4021
4022
4023
4024
4025
4028
4029
4030
4033
4035
4036
4037
4040
4042
4043
4044
4046
4048
4050
4051
4052
4054
4055
4056
4057
4060
4062
4063
4065
4067
4068
4069
4070
4072
4073
4075
4076
4078
4079
4081
4082
4083
4084
4085
4087
4088
4089
4090
4091
4092
4094
4095
4096
4097
4098
4099
4102
4103
4105
4106
4107
4108
4109
4111
4113
4114
4115
4116
4117
4118
4119
4120
4121
4122
4125
4127
4128
4130
4131
4134
4137
4139
4140
4141
4142
4145
4146
4149
4152
4153
4154
4155
4156
4160
4161
4162
4164
4166
4172
4173
4174
4175
4176
4177
4181
4184
4185
4186
4187
4188
4189
4192
4193
4194
4195
4199
4200
4202
4203
4204
4205
4208
4210
4212
4214
4216
4217
4218
4222
4223
4224
4226
4228
4229
4240
4244
4265
4274
4293
4294
4297
4298
4300
4301
4313
4368
4369
4373
4383
4393
4407
4415
4429
4432
4434
4437
4444
4445
4446
4448
4452
4453
4458
4487
4489
4500
4511
4890
4910
4931
4950
4953
4954
4963
5024
5034
5038
5039
5043
5095
5096
5097
5098
5099
5100
5101
5132
5145
5160
5295
5302
5304
5305
5388
5390
5391
5393
5396
5402
5462
5463
5464
5466
5468
5469
5473
5474
5475
5476
5477
5479
5482
5483
5485
5487
5488
5489
5491
5492
5493
5495
5496
5498
5499
5500
5502
5503
5505
5507
5511
5513
5515
5516
5520
5522
5523
5524
5525
5527
5528
5529
5530
5531
5537
5543
5558
5610
5612
5614
5615
5618
5622
5626
5631
5632
5644
5668
5693
5705
5707
5708
5714
5723
5725
5729
5730
5736
5747
5756
5757
5758
5766
5769
5774
5778
5792
5802
5928
5929
5931
5932
5934
5937
5946
5949
5974
5976
5977
5979
5983
5988
5989
5990
5991
5995
5996
6000
6001
6006
6007
6008
6011
6016
6017
6019
6021
6022
6024
6025
6026
6028
6032
6034
6035
6036
6042
6050
6053
6055
6061
6062
6065
6067
6069
6070
6072
6073
6074
6075
6077
6084
6085
6086
6090
6093
6095
6096
6097
6099
6101
6102
6107
6109
6113
6115
6119
6122
6125
6127
6128
6132
6133
6135
6137
6142
6145
6177
6210
6214
6215
6260
6272
6273
6280
6281
6283
6291
6299
6301
6307
6308
6309
6316
6328
6332
6333
6336
6338
6342
6345
6349
6356
6360
6403
6405
6409
6411
6419
6545
6552
6564
6600
6601
6608
6629
6644
6650
6651
6653
6657
6719
6721
6722
6742
6744
6745
6747
6748
6749
6750
6751
6752
6755
6756
6758
6765
6766
6768
6769
6770
6771
6772
6776
6801
6804
6807
6812
6824
6839
6842
6845
6846
6847
6849
6850
6851
6855
6856
6857
6858
6860
6861
6862
6864
6866
6867
6869
6870
6871
6874
6875
6879
6881
6882
6883
6884
6886
6889
6891
6892
6894
6895
6896
6897
6898
6901
6905
6907
6912
6915
6917
6920
6921
6922
6924
6928
6929
6930
6933
6934
6935
6936
6938
6940
6942
6943
6944
6945
6946
6947
6948
6949
6950
6951
6952
6953
6954
6956
6957
6958
6959
6960
6961
6962
6966
6967
6969
6970
6971
6972
6973
6977
6978
6979
6981
6983
6984
6987
6989
6990
6991
6992
6993
6994
6995
6996
6997
6999
7000
7002
7003
7006
7007
7009
7010
7012
7014
7015
7016
7018
7019
7022
7023
7025
7028
7029
7030
7031
7032
7034
7035
7037
7038
7039
7041
7042
7043
7044
7047
7049
7050
7051
7053
7054
7055
7056
7057
7058
7063
7064
7065
7066
7067
7069
7070
7071
7072
7075
7078
7080
7081
7082
7083
7086
7088
7089
7090
7091
7093
7094
7096
7098
7099
7103
7106
7107
7109
7111
7112
7114
7116
7118
7119
7121
7122
7125
7126
7127
7129
7132
7133
7134
7137
7138
7139
7140
7141
7142
7143
7145
7147
7148
7149
7150
7151
7152
7157
7158
7160
7161
7162
7164
7166
7167
7169
7172
7173
7176
7177
7178
7180
7181
7182
7184
7185
7186
7187
7191
7192
7193
7194
7196
7197
7198
7199
7200
7201
7203
7207
7209
7211
7215
7216
7217
7219
7220
7221
7223
7224
7225
7230
7232
7239
7242
7245
7246
7249
7250
7251
7252
7253
7321
7323
7357
7358
7360
7365
7369
7372
7375
7376
7378
7382
7385
7386
7388
7391
7393
7395
7397
7400
7401
7403
7407
7411
7544
7565
7567
7608
7610
7612
7613
7666
7670
7715
7719
7721
7726
7733
7923
7928
7953
7954
7956
7962
8027
8290
8291
8293
8298
8299
8339
8340
8341
8342
8343
8347
8348
8349
8350
8352
8355
8358
8359
8361
8368
8371
8372
8376
8378
8381
8382
8384
8387
8388
8389
8391
8393
8394
8397
8398
8404
8408
8410
8412
8414
8415
8417
8419
8420
8421
8427
8429
8430
8431
8438
8463
8468
8489
8494
8496
8584
8587
8601
8603
8604
8638
8639
8641
8642
8643
8644
8707
8709
8800
8804
8811
8812
8818
8829
8830
8832
8833
8835
8837
8838
8839
8840
8842
8843
8846
8847
8849
8850
8853
8905
8907
8911
9313
9316
9317
9320
9323
9325
9327
9328
9332
9333
9334
9336
9337
9340
9341
9343
9344
9345
9346
9347
9348
9350
9351
9352
9354
9355
9356
9357
9358
9361
9362
9363
9364
9365
9366
9368
9371
9374
9375
9377
9378
9381
9383
9386
9387
9389
9390
9392
9395
9396
9397
9400
9401
9402
9403
9404
9406
9409
9412
9414
9415
9417
9510
9511
9514
9515
9516
9518
9522
9528
9529
9531
9533
9534
9538
9540
9541
9544
9545
9546
9552
9553
9555
9556
9557
9558
9559
9560
9561
9564
9565
9571
9572
9573
9575
9578
9580
9581
9585
9586
9591
9594
9598
9601
9602
9603
9604
9606
9607
9608
9610
9611
9612
9613
9617
9618
9619
9621
9622
9623
9626
9628
9630
9631
9632
9635
9636
9637
9639
9640
9646
9647
9648
9650
9652
9653
9654
9657
9659
9660
9661
9662
9665
9666
9668
9669
9671
9672
9674
9675
9676
9677
9678
9731
9733
9735
9736
9768
9863
9864
9865
9866
9868
9869
9871
9872
9873
9875
9937
9956
10021
10028
10035
10109
10112
10114
10115
10120
10141
10148
10150
10154
10164
10171
10178
10179
10185
10194
10197
10205
10210
10223
10224
10225
10227
10234
10237
10240
10241
10247
10248
10251
10260
10261
10264
10269
10272
10273
10274
10279
10287
10292
10301
10303
10309
10312
10313
10316
10318
10320
10328
10349
10358
10370
10372
10377
10378
10382
10385
10389
10391
10401
10404
10406
10411
10415
10419
10426
10431
10432
10433
10436
10440
10447
10448
10457
10470
10472
10476
10480
10486
10487
10492
10494
10500
10504
10507
10514
10520
10521
10527
10529
10536
10537
10539
10564
10566
10567
10580
10584
10595
10604
10610
10611
10615
10617
10622
10623
10626
10627
10633
10639
10654
10656
10659
10660
10665
10667
10675
10683
10692
10705
10714
10724
10727
10728
10755
10760
10775
10855
10858
10973
11093
11094
11096
11098
11099
11100
11102
11104
11105
11108
11109
11110
11111
11112
11113
11114
11118
11119
11120
11121
11123
11124
11125
11126
11127
11128
11130
11131
11136
11137
11138
11141
11142
11143
11146
11147
11148
11149
11150
11151
11152
11153
11154
11155
11156
11157
11158
11159
11161
11162
11163
11164
11165
11166
11167
11171
11172
11174
11176
11177
11178
11179
11180
11181
11182
11183
11184
11185
11186
11188
11190
11191
11192
11193
11194
11195
11198
11199
11200
11201
11202
11203
11205
11206
11208
11209
11214
11215
11216
11217
11218
11221
11222
11224
11225
11226
11227
11228
11229
11230
11231
11233
11234
11236
11237
11238
11239
11240
11241
11242
11244
11248
11249
11250
11251
11253
11254
11255
11256
11257
11258
11260
11262
11265
11266
11267
11269
11271
11272
11273
11274
11275
11276
11277
11278
11279
11280
11283
11284
11285
11286
11287
11289
11290
11291
11293
11295
11296
11297
11298
11299
11300
11302
11303
11304
11305
11307
11308
11310
11311
11312
11313
11314
11315
11317
11318
11320
11321
11322
11323
11324
11325
11326
11327
11329
11330
11331
11332
11333
11334
11335
11336
11337
11338
11339
11340
11341
11342
11346
11349
11351
11352
11353
11354
11356
11358
11360
11361
11362
11363
11365
11366
11367
11369
11370
11371
11372
11373
11374
11375
11376
11377
11378
11379
11380
11382
11384
11388
11389
11390
11391
11393
11394
11396
11397
11398
11399
11400
11403
11404
11405
11407
11408
11410
11412
11413
11414
11415
11417
11418
11420
11423
11425
11426
11427
11428
11429
11430
11432
11433
11434
11435
11436
11439
11441
11442
11443
11444
11445
11446
11447
11448
11449
11450
11452
11453
11454
11455
11456
11457
11458
11460
11462
11464
11466
11467
11468
11470
11472
11473
11475
11476
11477
11480
11481
11482
11483
11484
11485
11487
11488
11489
11490
11492
11493
11494
11495
11496
11497
11498
11499
11500
11501
11504
11506
11507
11509
11523
11525
11526
11532
11533
11535
11537
11538
11546
11549
11554
11555
11557
11559
11561
11563
11565
11567
11569
11571
11576
11602
11663
11664
11665
11669
11710
11711
11715
11720
11731
11816
11909
11913
12212
12214
12215
12216
12217
12218
12219
12222
12225
12226
12228
12229
12231
12232
12233
12238
12239
12240
12241
12242
12243
12245
12247
12248
12249
12250
12251
12253
12265
12268
12272
12275
12276
12298
12299
12301
12346
12376
12381
12387
12397
12409
12422
12484
12511
12514
12521
12552
12584
12586
12597
12605
12628
12629
12665
12673
12685
12704
12705
12716
12721
12723
12729
12731
12761
12786
12798
12828
12833
12842
12848
12863
12868
12912
12914
12924
12926
12989
13005
13011
13018
13047
13050
13059
13065
13107
13119
13137
13141
13142
13152
13160
13176
13201
13256
13258
13289
13302
13346
13357
13362
13378
13387
13396
13399
13433
13438
13446
13453
13457
13485
13492
13532
13547
13552
13569
13600
13628
13629
13641
13646
13649
13652
13656
13719
13751
13758
13776
13777
13813
13820
13844
13866
13867
13868
13869
13870
13871
13872
13873
13876
13877
13878
13879
13884
13887
13891
13892
13893
13898
13902
13904
13905
13906
13908
13912
13914
13916
13917
13919
13922
13924
13927
13929
13930
13931
14009
14015
14016
14022
14026
14027
14037
14045
14048
14050
14052
14053
14059
14063
14064
14066
14067
14071
14079
14080
14082
14084
14089
14091
14094
14096
14097
14102
14105
14106
14207
14248
14251
14252
14308
14371
14432
14436
14441
14445
14474
14624
14626
14641
14642
14644
14645
14646
14647
14767
14771
14787
14794
14796
14797
14798
14811
14877
14878
14879
14882
14901
14964
14977
14982
14985
14987
15149
15150
15151
15152
15153
15155
15156
15157
15158
15159
15160
15161
15162
15164
15165
15166
15167
15168
15170
15171
15172
15175
15176
15177
15179
15180
15181
15182
15183
15186
15187
15190
15191
15192
15195
15196
15198
15199
15200
15202
15203
15204
15205
15206
15207
15209
15210
15213
15214
15215
15216
15217
15219
15220
15221
15307
15310
15311
15328
15389
15391
15393
15395
15403
15407
15408
15409
15411
15415
15418
15474
15477
15486
15487
15488
15489
15491
15495
15497
15499
15501
15504
15506
15508
15510
15511
15512
15515
15516
15517
15520
15521
15525
15526
15527
15529
15530
15531
15532
15534
15535
15536
15537
15538
15544
15545
15546
15548
15549
15550
15552
15553
15554
15556
15557
15560
15561
15565
15567
15568
15569
15570
15571
15574
15576
15578
15580
15581
15583
15586
15589
15593
15610
15611
15628
15632
15693
15696
15701
15713
15725
15733
15735
15739
15742
15744
15747
15750
15752
15756
15760
15762
15763
15764
15765
15767
15771
15772
15774
15780
15792
15794
15796
15797
15798
15800
15804
15805
15813
16053
16055
16060
16180
16183
16213
16216
16217
16232
16242
16245
16289
16291
16302
16303
16707
16708
16711
16715
16725
16776
16779
16781
16786
16790
16796
16799
16800
16805
16807
16809
16812
16813
16815
16826
16827
16828
16830
16833
16834
16863
16987
17566
17736
18027
18183
18550
18556
18920
19004
19057
19079
19080
19081
19082
19083
19084
19086
19092
19184
19193
19194
19196
19198
19199
19202
19209
19288
19408
19409
19413
19506
19530
19531
19604
19605
19606
19607
19609
19610
19611
19612
19616
19617
19618
19620
19621
19624
19628
19629
19630
19631
19633
19634
19635
19637
19638
19639
19642
19644
19645
19648
19649
19650
19651
19652
19653
19656
19658
19659
19660
19662
19663
19664
19665
19666
19668
19669
19670
19671
19673
19674
19675
19678
19679
19680
19681
19684
19686
19687
19688
19689
19692
19694
19696
19697
19699
19914
19916
19918
19922
19923
19924
19926
19927
19931
19933
19934
19935
19936
19938
19939
19940
19941
19943
19944
19945
19946
20011
20013
20014
20017
20025
20027
20029
20035
20099
20147
20153
20157
20159
20177
20180
20187