221
224
230
235
247
250
255
272
279
288
309
401
402
454
471
475
506
509
521
527
531
611
619
620
622
646
650
651
652
654
655
656
657
658
659
660
661
662
663
664
665
666
667
668
669
670
671
672
673
674
675
676
677
678
679
680
681
682
683
684
685
686
687
688
689
690
691
692
695
697
698
700
701
702
703
704
705
706
707
708
709
711
712
713
714
715
716
717
718
719
720
721
722
723
724
725
726
728
729
730
731
732
733
734
735
736
737
738
739
740
741
742
744
745
747
748
749
750
751
752
753
754
756
757
758
759
760
763
764
765
766
767
768
769
770
771
772
773
774
775
776
777
778
779
780
781
782
783
784
785
788
789
790
791
793
794
796
797
798
799
800
801
802
803
804
806
807
809
810
811
813
814
815
816
817
818
819
820
821
822
823
824
825
826
827
828
829
830
831
832
833
834
835
836
837
838
839
840
841
842
843
844
845
846
847
848
849
850
851
852
853
855
856
857
858
859
860
861
862
863
864
865
866
867
868
869
871
872
873
874
875
876
877
878
879
880
881
882
883
884
885
886
887
888
890
891
892
893
894
895
896
897
898
899
900
901
902
903
904
905
906
907
908
909
910
911
912
913
914
916
917
918
919
920
921
922
924
925
926
928
1054
1055
1060
1209
1210
1212
1215
1217
1225
1228
1637
1667
1681
1743
1750
1751
1779
1788
1791
1808
1809
1812
1819
1821
1824
1826
1828
1859
1873
1884
1885
1888
1904
1906
1925
1929
1930
1943
1945
2221
2229
2268
2280
2303
2306
2311
2391
2396
2491
2492
2494
2496
2736
2928
3160
3177
3187
3209
3233
3269
3277
3279
3281
3305
3354
3387
3388
3415
3437
3475
3478
3511
3550
3556
3577
3584
3595
3633
3643
3667
3674
3714
3718
3760
3779
3787
3819
3828
3834
3852
3857
3864
3881
3894
3953
3977
3978
3985
3994
4056
4089
4097
4126
4143
4148
4152
4156
4157
4167
4183
4193
4211
4216
4217
4274
4276
4300
4433
4434
4437
4439
4445
4452
4453
4454
4457
4863
5039
5092
5096
5100
5756
5937
5977
5990
5991
6018
6025
6044
6054
6062
6067
6113
6719
6736
6740
6744
6754
6755
6756
6778
6779
6789
6792
6793
6797
6801
6806
6813
6830
6853
6861
6866
6881
6883
6889
6899
6908
6915
6922
6924
6938
6949
6971
6981
6988
6996
7022
7032
7033
7035
7042
7056
7065
7091
7092
7119
7121
7122
7127
7132
7143
7147
7199
7200
7214
7225
7229
7243
7244
7249
7266
7414
7573
7613
7666
7955
8023
8299
8308
8314
8334
8338
8341
8343
8344
8347
8348
8351
8352
8353
8355
8361
8364
8365
8370
8371
8384
8388
8393
8394
8397
8400
8403
8410
8412
8415
8417
8420
8423
8424
8428
8604
8795
8835
8944
9313
9314
9343
9357
9358
9377
9387
9395
9396
9416
9417
9422
9424
9427
9428
9430
9521
9531
9555
9556
9568
9586
9596
9602
9612
9628
9647
9655
9666
9675
9730
9732
9735
9736
10134
10164
10204
10233
10260
10267
10343
10355
10372
10377
10382
10383
10427
10429
10430
10481
10500
10504
10582
10607
10630
10660
10683
10714
10755
10985
11065
11092
11094
11095
11096
11097
11098
11099
11101
11104
11105
11106
11107
11109
11110
11112
11113
11114
11115
11116
11117
11118
11119
11121
11122
11124
11126
11127
11128
11129
11130
11132
11133
11134
11138
11139
11141
11142
11143
11145
11146
11147
11148
11149
11150
11151
11152
11153
11154
11155
11156
11157
11159
11160
11161
11162
11163
11164
11165
11166
11167
11168
11169
11170
11171
11172
11173
11174
11175
11176
11177
11179
11181
11182
11184
11185
11186
11187
11188
11189
11190
11191
11192
11193
11194
11195
11197
11198
11199
11200
11201
11202
11203
11204
11205
11206
11207
11208
11209
11210
11211
11212
11213
11214
11216
11217
11218
11219
11220
11221
11222
11223
11224
11227
11228
11229
11230
11231
11232
11233
11234
11235
11236
11237
11238
11239
11240
11241
11242
11243
11244
11245
11246
11247
11248
11249
11250
11251
11252
11253
11254
11255
11256
11257
11262
11263
11264
11265
11266
11268
11269
11270
11271
11272
11273
11274
11275
11277
11278
11279
11280
11282
11283
11284
11285
11286
11287
11288
11289
11290
11293
11294
11295
11296
11297
11298
11299
11300
11301
11302
11303
11304
11305
11307
11308
11309
11310
11311
11312
11314
11315
11316
11317
11318
11319
11320
11321
11322
11323
11324
11325
11328
11329
11330
11331
11332
11333
11334
11335
11336
11337
11338
11339
11340
11341
11342
11343
11344
11346
11347
11349
11350
11352
11354
11355
11356
11357
11358
11359
11360
11361
11362
11363
11365
11366
11367
11368
11369
11370
11371
11372
11373
11374
11375
11376
11377
11378
11379
11381
11382
11383
11384
11385
11386
11387
11388
11389
11390
11391
11392
11393
11394
11396
11397
11398
11399
11400
11401
11402
11403
11404
11405
11407
11408
11409
11410
11412
11413
11414
11415
11416
11417
11418
11419
11420
11421
11422
11423
11424
11425
11426
11428
11430
11431
11432
11433
11434
11435
11437
11438
11439
11440
11441
11442
11443
11444
11445
11446
11447
11448
11449
11450
11451
11452
11453
11454
11455
11456
11457
11458
11459
11460
11461
11462
11463
11464
11465
11466
11467
11468
11469
11470
11471
11472
11473
11474
11475
11476
11477
11478
11479
11480
11481
11482
11483
11484
11485
11486
11487
11488
11489
11490
11491
11492
11493
11494
11495
11496
11497
11498
11499
11500
11501
11502
11504
11505
11506
11507
11509
11519
11525
11527
11529
11535
11541
11545
11546
11548
11549
11550
11551
11554
11555
11556
11558
11559
11561
11563
11565
11567
11568
11569
11571
11576
11778
12281
12284
12298
12301
12350
12376
12449
12491
12514
12527
12584
12628
12665
12705
12768
12798
12829
12966
12989
13037
13057
13102
13114
13124
13130
13137
13160
13301
13302
13337
13362
13390
13605
13649
13667
13841
13842
13844
13885
13900
13916
14006
14247
14248
14273
14312
14367
14407
14436
14440
14626
14641
14642
14645
14648
14766
14767
14782
14784
14794
14795
14978
15149
15151
15155
15156
15158
15161
15165
15167
15168
15171
15176
15179
15180
15183
15186
15188
15189
15193
15194
15195
15196
15198
15199
15200
15201
15202
15204
15205
15206
15208
15210
15211
15212
15213
15215
15216
15217
15218
15220
15311
15401
15418
15475
15486
15491
15493
15495
15501
15503
15510
15512
15515
15520
15523
15524
15528
15534
15535
15537
15542
15543
15547
15550
15554
15557
15561
15565
15566
15569
15571
15572
15576
15578
15579
15580
15593
15716
15718
15720
15724
15740
15752
15759
15763
15769
15772
15804
15813
15934
16238
16242
16260
16711
16809
16827
18263
19019
19082
19087
19102
19156
19299
19502
19611
19616
19621
19625
19632
19634
19635
19638
19646
19648
19650
19651
19656
19657
19659
19664
19670
19671
19672
19673
19675
19678
19679
19680
19682
19684
19685
19687
19688
19691
19697
19919
19923
19924
19933
19936
19938
19939
19941
19945
19946
20002
20030
20040
20187