19
27
29
34
39
40
44
46
51
58
61
64
65
66
69
71
75
77
81
88
89
93
94
95
96
109
121
138
146
171
183
200
203
227
232
234
272
296
299
316
338
346
360
365
372
404
409
411
444
464
468
499
503
533
542
564
596
600
611
624
632
641
643
646
651
652
654
658
664
665
674
677
678
681
682
685
688
699
704
706
707
710
714
717
718
725
728
729
730
735
738
740
742
744
761
764
765
778
781
786
787
794
798
803
810
813
814
824
826
827
829
830
831
838
839
840
842
844
846
847
850
855
856
857
866
868
869
875
882
883
886
894
896
898
915
918
919
923
932
935
951
958
968
1103
1166
1172
1259
1345
1549
1550
1551
1553
1554
1556
1557
1558
1561
1563
1564
1565
1567
1568
1569
1571
1653
1664
1696
1712
1719
1721
1735
1737
1748
1751
1757
1759
1766
1781
1788
1789
1793
1796
1797
1800
1805
1806
1810
1812
1813
1819
1822
1843
1890
1891
1917
1922
1927
1929
1939
1946
1947
1966
1968
2014
2019
2139
2140
2143
2148
2153
2155
2157
2162
2163
2166
2167
2168
2169
2171
2173
2176
2177
2178
2179
2180
2181
2182
2185
2186
2187
2188
2189
2191
2193
2197
2198
2229
2289
2326
2369
2371
2373
2375
2376
2377
2378
2380
2384
2385
2386
2389
2391
2402
2403
2404
2405
2406
2408
2409
2414
2415
2417
2420
2421
2427
2479
2486
2489
2500
2549
2551
2564
2567
2569
2582
2589
2596
2597
2600
2602
2609
2611
2615
2618
2619
2622
2631
2634
2639
2648
2652
2656
2663
2665
2669
2672
2697
2705
2719
2723
2732
2733
2736
2738
2742
2746
2749
2751
2754
2756
2767
2775
2781
2785
2787
2788
2789
2794
2796
2801
2802
2814
2816
2817
2819
2824
2826
2833
2837
2847
2850
2853
2855
2867
2869
2870
2873
2875
2876
2880
2885
2889
2892
2893
2900
2901
2907
2908
2910
2917
2927
2943
2945
2951
2954
2957
2960
2963
2964
2967
2968
2973
2984
2986
2988
2995
2999
3005
3059
3064
3161
3162
3164
3169
3171
3173
3180
3183
3189
3190
3216
3220
3231
3240
3243
3266
3272
3296
3326
3327
3329
3340
3349
3351
3368
3397
3398
3402
3406
3423
3431
3436
3437
3445
3455
3477
3482
3489
3490
3493
3545
3546
3548
3560
3561
3566
3619
3625
3636
3671
3675
3679
3704
3709
3746
3764
3772
3776
3792
3798
3801
3804
3808
3809
3814
3822
3827
3829
3841
3860
3877
3910
3933
3939
3951
3968
3986
3994
4001
4002
4032
4034
4035
4045
4068
4079
4091
4104
4109
4143
4147
4148
4157
4158
4169
4171
4174
4177
4185
4188
4197
4200
4201
4223
4224
4265
4267
4268
4273
4274
4291
4292
4365
4372
4373
4374
4378
4386
4394
4396
4398
4402
4406
4415
4518
4882
4904
4905
4934
4963
5023
5024
5025
5026
5027
5028
5031
5032
5033
5035
5038
5039
5041
5396
5399
5400
5401
5402
5404
5407
5421
5424
5463
5464
5468
5471
5476
5478
5491
5492
5496
5497
5498
5499
5504
5506
5507
5513
5515
5518
5521
5525
5529
5601
5606
5607
5610
5614
5618
5643
5644
5648
5651
5662
5665
5667
5708
5709
5711
5713
5717
5719
5722
5724
5728
5733
5738
5745
5749
5754
5758
5759
5761
5762
5763
5764
5765
5768
5771
5772
5775
5776
5782
5785
5788
5790
5793
5797
5800
5801
5802
5931
5932
5934
5936
5948
5967
5976
5984
5990
6016
6056
6075
6088
6116
6119
6126
6139
6208
6209
6210
6213
6214
6215
6216
6278
6294
6350
6380
6529
6541
6543
6544
6545
6546
6551
6553
6555
6556
6557
6600
6608
6612
6613
6614
6621
6625
6628
6630
6632
6633
6636
6637
6639
6640
6659
6737
6744
6755
6757
6792
6794
6804
6807
6810
6854
6859
6878
6891
6917
6922
6938
6975
6976
6978
7017
7022
7037
7043
7059
7066
7068
7074
7097
7101
7121
7146
7150
7163
7180
7183
7184
7185
7186
7191
7201
7214
7217
7231
7237
7245
7252
7316
7318
7322
7332
7358
7362
7367
7369
7378
7380
7382
7386
7387
7389
7390
7397
7402
7403
7407
7408
7410
7413
7437
7445
7489
7490
7491
7492
7493
7494
7495
7496
7508
7519
7541
7671
7721
7722
7950
7954
7995
7996
7999
8008
8009
8013
8017
8018
8300
8304
8305
8340
8341
8352
8354
8355
8384
8386
8387
8397
8404
8407
8416
8439
8440
8448
8449
8457
8460
8464
8466
8470
8475
8477
8478
8481
8483
8485
8488
8494
8496
8583
8584
8585
8586
8587
8588
8640
8641
8642
8644
8645
8735
8796
8853
8902
8903
8905
8913
8914
8942
8944
9313
9321
9324
9326
9327
9331
9335
9343
9344
9346
9352
9356
9359
9373
9374
9378
9380
9392
9396
9404
9405
9406
9410
9418
9419
9461
9541
9576
9592
9595
9611
9621
9633
9643
9647
9648
9655
9665
9728
9763
9765
9863
9871
9873
9948
9992
9995
10000
10021
10022
10026
10028
10062
10105
10106
10107
10108
10109
10110
10111
10112
10113
10114
10115
10116
10117
10118
10120
10121
10122
10123
10124
10127
10129
10135
10154
10178
10181
10211
10215
10227
10241
10247
10250
10265
10268
10280
10283
10295
10304
10306
10307
10327
10333
10338
10350
10363
10364
10373
10378
10381
10382
10397
10400
10404
10409
10413
10431
10432
10440
10444
10447
10452
10454
10457
10458
10465
10477
10481
10485
10503
10505
10508
10521
10527
10529
10535
10537
10545
10550
10556
10557
10560
10561
10572
10575
10577
10586
10588
10591
10611
10612
10615
10625
10632
10633
10638
10644
10646
10649
10656
10665
10678
10679
10680
10681
10686
10693
10695
10707
10708
10714
10720
10727
10728
10735
10757
10759
10762
10764
10908
10945
11074
11075
11076
11077
11078
11079
11080
11081
11082
11092
11093
11095
11100
11109
11113
11122
11123
11126
11131
11136
11165
11198
11214
11215
11216
11223
11227
11237
11256
11260
11273
11278
11286
11288
11294
11297
11307
11312
11316
11317
11325
11330
11337
11338
11339
11345
11348
11349
11351
11358
11365
11369
11372
11376
11377
11381
11387
11395
11396
11398
11405
11408
11411
11414
11416
11418
11431
11432
11436
11443
11445
11446
11449
11453
11455
11459
11467
11471
11477
11478
11490
11501
11508
11549
11552
11554
11562
11618
11624
11663
11668
11669
12269
12273
12384
12501
12504
12590
12597
12673
12721
12768
12770
12826
12833
12863
12868
12988
12996
13004
13007
13011
13039
13084
13135
13141
13147
13193
13195
13221
13322
13347
13365
13371
13384
13387
13390
13404
13405
13432
13446
13461
13487
13500
13503
13547
13552
13559
13565
13583
13594
13597
13608
13629
13641
13679
13805
13843
13867
13869
13872
13874
13877
13887
13894
13906
13909
13911
13912
13913
13916
13917
13919
13922
13927
13956
14001
14031
14032
14042
14044
14047
14049
14055
14057
14059
14060
14061
14067
14072
14075
14086
14098
14144
14146
14150
14159
14181
14190
14411
14433
14563
14565
14568
14569
14571
14572
14573
14670
14673
14674
14740
14744
14768
14770
14773
14774
14966
14968
14971
14973
14974
14975
14980
14990
14991
14992
14994
15167
15186
15199
15300
15301
15302
15303
15304
15386
15389
15391
15392
15394
15398
15399
15403
15405
15406
15407
15408
15409
15411
15413
15418
15474
15485
15495
15502
15508
15549
15571
15583
15596
15600
15605
15712
15713
15720
15728
15740
15750
15774
15798
15814
15815
15839
15942
15946
16169
16180
16183
16184
16197
16199
16204
16205
16206
16207
16208
16210
16211
16213
16214
16215
16216
16217
16218
16220
16221
16222
16223
16224
16226
16227
16228
16230
16231
16232
16234
16235
16237
16238
16239
16240
16241
16242
16244
16245
16708
16725
16850
16851
16852
16853
18244
18556
18978
18979
18980
18981
18985
18986
18987
18988
18991
18992
18995
19003
19088
19089
19090
19184
19185
19209
19210
19279
19280
19281
19283
19286
19287
19293
19294
19295
19296
19297
19298
19299
19307
19405
19422
19427
19431
19507
19516
19518
19530
19531
19533
19535
19537
19538
19539
19540
19541
19542
19543
19544
19545
19546
19547
19580
19602
19643
19672
19673
19682
19700
19701
19703
19704
19705
19707
19708
19709
19710
19712
19714
19716
19718
19719
19721
19723
19725
19726
19727
19729
19730
19731
19732
19733
19734
19736
19737
19739
19741
19743
19744
19747
19748
19750
19751
19917
19924
19938
19939
20016
20017
20018
20022
20023
20061
20063
20064
20066
20068
20097
20098
20101
20102
20105
20107
20109
20110
20147
20148
20150
20156
20169
20175