269
562
567
588
589
595
753
862
1270
1304
1387
1403
1411
1432
1500
1515
1516
1544
2066
2321
2429
2442
2444
2446
2451
2521
3049
3051
3055
3116
3147
3148
3150
3151
3152
3153
3154
3155
3156
4344
4345
4348
4349
4350
4351
4352
4353
4416
4419
4421
4471
4476
4478
4549
4613
4671
4687
4751
4759
4813
4818
4857
4887
4914
4933
4935
4936
4938
4942
4944
5004
5117
5118
5123
5125
5128
5134
5135
5136
5138
5139
5140
5141
5142
5231
5256
5268
5277
5368
5369
5370
5371
5373
5374
5375
5376
5377
5414
5435
5439
5440
5444
5445
5455
5457
5460
5461
5585
5805
5815
5827
5841
5860
5873
6155
6163
6228
6238
6363
6364
6365
6366
6367
6368
6369
6370
6371
6425
6440
6566
6567
6569
6570
6571
6572
6573
6574
6575
6576
6577
6723
6727
7262
7277
7291
7460
7463
7464
7466
7468
7469
7471
7472
7473
7474
7512
7646
7648
7649
7660
7680
7683
7685
7701
7702
7703
7704
7705
7706
7707
7708
7709
7710
7711
7712
7713
7737
7740
7741
7742
7745
7763
7764
7771
7773
7785
7794
7807
7828
7844
7848
7858
7918
7984
7986
7987
7988
7989
7991
7992
7993
8105
8120
8171
8202
8497
8498
8500
8501
8502
8503
8504
8505
8506
8507
8508
8509
8516
8527
8532
8534
8536
8544
8560
8564
8570
8571
8591
8612
8615
8627
8630
8631
8632
8633
8634
8635
8636
8662
8693
8699
8704
8705
8748
8751
8757
8765
8767
8768
8769
8823
8824
8825
8827
8828
8927
8965
9010
9026
9047
9069
9090
9101
9157
9193
9203
9234
9236
9280
9285
9292
9304
9308
9309
9679
9680
9681
9683
9684
9685
9686
9687
9688
9689
9690
9691
9692
9696
9697
9698
9699
9700
9702
9703
9704
9706
9708
9709
9710
9711
9712
9713
9714
9715
9716
9717
9718
9720
9721
9722
9723
9724
9725
9726
9727
9737
9738
9740
9741
9742
9746
9747
9748
9749
9751
9757
9758
9822
9851
9854
9886
9887
9892
9919
10005
10009
10010
10034
10036
10037
10039
10042
10058
10096
10099
10101
10103
10535
10781
10783
10797
10798
10800
10801
10919
10920
10923
10924
10925
10927
10958
10963
10964
11020
11022
11023
11027
11030
11032
11035
11036
11040
11043
11047
11623
11634
11635
11637
11638
11639
11640
11642
11644
11645
11646
11647
11649
11651
11652
11653
11654
11655
11656
11657
11658
11659
11660
11697
11700
11741
11759
11765
11788
11821
11823
11855
11858
11861
11866
11868
11881
11884
11886
11888
11891
11921
11934
11935
11936
11940
11941
11953
11998
12008
12066
12107
12110
12120
12137
12166
12329
12394
12406
12593
12594
12715
12856
12917
12980
13049
13056
13064
13088
13103
13110
13111
13128
13139
13168
13184
13200
13214
13216
13230
13239
13299
13306
13336
13339
13342
13407
13419
13444
13478
13498
13518
13532
13581
13592
13615
13620
13638
13648
13670
13720
13727
13747
13849
13857
13861
13862
13944
13946
13947
13949
13950
13951
13952
13957
13959
13960
14198
14232
14271
14279
14340
14358
14359
14360
14362
14366
14423
14428
14433
14434
14435
14451
14495
14503
14506
14516
14521
14522
14523
14524
14591
14607
14618
14714
14724
14749
14753
14808
14810
14846
14848
14849
14850
14851
14852
14853
14888
14893
15234
15245
15248
15250
15260
15289
15290
15291
15344
15346
15348
15349
15350
15360
15365
15374
15589
15662
15668
15669
15670
15676
15679
15682
15683
15684
15685
15686
15687
15688
15689
15690
15691
15692
15783
15791
15872
15875
15884
15928
15974
15981
15984
15985
15986
15991
15993
15995
16001
16002
16009
16012
16068
16190
16191
16192
16193
16194
16195
16318
16322
16323
16324
16326
16327
16328
16331
16332
16334
16338
16695
16942
16984
17858
17945
18572
18761
19037
19042
19049
19051
19148
19267
19310
19350
19351
19352
19353
19354
19355
19356
19357
19358
19434
19436
19457
19465
19548
19550
19553
19554
19561
19565
19569
19570
19758
19764
19776
19777
19778
19780
19781
19802
19804
19970
19971
19974
19978
19989
19990
19999
20122
20125
20128
20130
20132
20133
20135
20137
20141
20142
20189
20190
20196