190
406
566
567
568
584
649
862
963
966
994
1261
1269
1373
1495
1499
1502
1503
1515
1518
2214
2215
2220
2221
2223
2225
2226
2229
2231
2232
2234
2238
2244
2247
3076
3077
3078
3079
3080
3081
3082
3083
3084
3085
3086
3087
3088
3089
3090
3091
3092
3093
3094
3095
3096
3097
3098
3099
3100
3101
3102
3103
3104
3105
3106
3107
3108
3109
3110
3111
3112
3113
3114
3115
3116
3117
3118
3119
3120
3121
3122
3123
3124
3125
3126
3127
3128
3129
3130
3131
3132
3133
3134
3135
3136
3137
3138
3139
3140
3141
3142
3143
3144
3145
3146
3147
3148
3150
3152
3153
3155
3292
3437
3470
3721
4335
4337
4338
4339
4340
4341
4342
4343
4748
4773
4837
4923
4924
4927
5006
5115
5116
5257
5258
5339
5805
5806
5807
5808
5809
5810
5811
5812
5813
5814
5815
5816
5817
5818
5819
5820
5821
5822
5823
5824
5825
5826
5827
5828
5829
5830
5831
5832
5833
5835
5836
5837
5838
5839
5840
5841
5842
5843
5844
5845
5846
5847
5848
5849
5850
5851
5852
5853
5855
5856
5857
5859
5860
5861
5862
5863
5864
5865
5867
5868
5869
5871
5872
5873
5874
5875
5876
5877
5878
5879
5880
5881
5882
5883
5884
5885
5886
5887
5888
6163
6366
6681
7499
7641
7642
7644
7646
7648
7649
7650
7651
7691
7698
7757
7759
7760
7809
7900
7902
7903
7909
7976
8019
8021
8022
8023
8026
8246
8247
8437
8540
8759
8762
8789
8790
8792
8885
8886
8888
8889
8890
8892
8893
8897
8899
8973
9006
9060
9087
9107
9146
9180
9220
9245
9310
9496
9497
9772
9773
9775
9776
9779
9780
9781
9782
9783
9784
9785
9814
9815
9816
9817
9818
9819
9820
9905
9906
9907
9908
9909
9910
9911
9912
9913
9914
9915
9916
9917
9918
9919
9958
10014
10015
10016
10017
10018
10019
10145
10785
10787
10788
10789
10791
10794
10839
10862
10863
10864
10865
10866
10867
10868
10869
10870
10871
10872
10873
10874
10875
10876
10877
10878
10879
10880
10881
10882
10883
10884
10885
10913
11005
11007
11008
11012
11021
11022
11023
11024
11025
11027
11031
11032
11042
11046
11059
11611
11850
11963
12011
12060
12164
12331
12333
12341
12355
12380
12416
12418
12428
12453
12603
12619
12641
12655
12671
12694
12700
12706
12754
12767
12779
12797
12803
12807
12813
12823
12847
12850
12857
12866
12889
12893
12969
12987
13020
13022
13025
13027
13031
13032
13042
13054
13070
13082
13085
13092
13103
13105
13118
13122
13127
13143
13144
13145
13185
13198
13215
13216
13217
13228
13231
13234
13240
13242
13254
13270
13288
13290
13295
13311
13312
13317
13323
13339
13367
13379
13385
13386
13391
13410
13414
13426
13430
13431
13434
13440
13443
13445
13463
13490
13497
13498
13509
13512
13514
13519
13524
13533
13534
13536
13538
13554
13555
13576
13581
13604
13612
13618
13622
13642
13643
13660
13662
13668
13676
13678
13681
13688
13695
13697
13701
13711
13720
13733
13742
13749
13756
13760
13786
13789
13802
13804
13814
13815
13816
13817
13818
13819
13976
13977
13978
13979
13980
13981
13982
13983
13984
13985
13986
13987
13988
13989
13990
13991
13992
13993
13994
13995
13996
13997
13998
14143
14183
14208
14218
14219
14220
14221
14222
14223
14239
14240
14241
14243
14244
14245
14246
14265
14272
14274
14365
14408
14438
14479
14494
14524
14556
14558
14582
14675
14676
14677
14678
14679
14680
14681
14682
14683
14707
14710
14711
14712
14713
14714
14715
14716
14717
14821
14869
14871
14872
14873
14912
14924
15314
15321
15587
15603
15604
15607
15608
15788
15825
15827
15918
15953
15955
15961
16065
16067
16068
16073
16074
16075
16076
16079
16080
16081
16082
16083
16084
16153
16154
16155
16156
16157
16158
16159
16160
16161
16162
16201
16202
16203
16550
16571
16665
16667
18966
18967
18968
18969
18970
18971
18972
18973
18974
18975
19044
19134
19136
19145
19266
19389
19390
19399
19447
19890
19891
19892
19893
19894
19895
19950
19951