6
9
10
12
14
16
18
19
21
22
23
25
26
27
30
35
36
37
38
39
40
41
42
45
46
47
49
52
55
56
57
59
60
61
62
63
64
65
66
67
69
71
72
73
76
78
80
81
82
83
85
86
87
89
91
92
96
99
100
101
102
106
107
109
110
111
112
113
115
116
117
118
119
121
122
124
126
128
129
131
132
133
134
135
136
137
138
139
140
141
144
145
146
147
148
149
151
153
154
156
157
159
161
162
163
164
165
168
171
172
173
174
175
177
178
180
181
186
187
188
189
195
196
197
202
208
211
214
220
224
226
228
230
237
239
245
252
253
259
260
261
263
264
274
275
278
279
282
290
299
300
301
307
312
318
328
330
332
338
347
349
352
354
355
359
369
377
405
406
408
411
414
419
425
440
441
442
444
447
450
452
453
454
472
483
491
494
495
499
505
509
511
513
515
525
529
531
533
547
551
650
667
668
671
681
683
687
691
695
696
698
701
704
705
715
717
725
729
730
731
732
741
761
764
765
767
769
770
773
778
786
788
789
792
797
804
811
815
817
819
820
826
835
838
839
840
852
857
861
865
866
867
868
871
879
880
889
890
892
896
905
911
913
914
915
920
924
926
927
947
1067
1210
1229
1233
1344
1721
1755
1770
1798
1819
1885
1923
1927
1941
1949
2051
2057
2060
2157
2276
2277
2280
2282
2283
2287
2291
2397
2400
2410
2411
2416
2418
2419
2420
2421
2424
2425
2426
2427
2428
2535
2539
2540
2541
2542
2543
2545
2546
2547
2548
2549
2550
2551
2554
2558
2561
2563
2564
2565
2566
2569
2572
2575
2578
2579
2581
2582
2583
2584
2586
2587
2588
2589
2591
2592
2593
2596
2597
2599
2600
2601
2604
2607
2609
2610
2611
2612
2614
2615
2616
2618
2619
2620
2622
2623
2625
2627
2629
2631
2634
2635
2636
2637
2638
2640
2641
2642
2643
2648
2650
2651
2653
2655
2658
2659
2660
2661
2663
2665
2667
2670
2671
2672
2673
2675
2676
2679
2680
2681
2682
2683
2688
2690
2696
2697
2699
2701
2702
2703
2704
2706
2708
2711
2712
2714
2716
2720
2721
2722
2723
2724
2727
2728
2729
2731
2732
2733
2734
2735
2736
2737
2738
2739
2740
2742
2743
2744
2745
2746
2747
2748
2749
2750
2754
2755
2757
2758
2759
2761
2762
2763
2765
2766
2767
2768
2772
2777
2781
2782
2784
2785
2786
2787
2788
2790
2791
2793
2794
2795
2796
2799
2800
2802
2804
2805
2806
2810
2811
2812
2815
2816
2817
2818
2819
2820
2822
2823
2824
2826
2828
2829
2830
2832
2835
2839
2840
2842
2843
2844
2845
2849
2850
2851
2852
2853
2854
2855
2856
2857
2858
2859
2860
2861
2864
2865
2868
2869
2870
2872
2874
2875
2876
2878
2881
2883
2884
2885
2888
2891
2892
2894
2896
2897
2898
2899
2902
2905
2906
2912
2914
2917
2919
2921
2922
2927
2933
2934
2937
2939
2942
2944
2946
2951
2952
2956
2958
2959
2961
2963
2964
2965
2967
2968
2969
2971
2972
2973
2974
2976
2978
2979
2980
2982
2983
2984
2985
2986
2987
2988
2991
2994
2995
2997
2998
2999
3001
3002
3003
3004
3005
3008
3009
3010
3011
3012
3015
3016
3018
3157
3161
3164
3165
3168
3169
3170
3171
3172
3176
3177
3179
3180
3181
3183
3184
3185
3186
3187
3188
3189
3190
3192
3211
3241
3245
3259
3264
3266
3273
3274
3286
3291
3298
3303
3304
3306
3308
3309
3327
3331
3335
3339
3343
3344
3345
3348
3354
3362
3366
3368
3374
3377
3379
3390
3392
3393
3394
3397
3398
3410
3413
3419
3422
3427
3437
3448
3460
3470
3474
3476
3482
3490
3491
3507
3510
3512
3515
3527
3536
3545
3547
3551
3556
3572
3575
3580
3585
3592
3596
3597
3599
3603
3605
3612
3620
3622
3628
3632
3642
3649
3651
3652
3664
3665
3672
3688
3689
3693
3699
3703
3707
3710
3726
3727
3733
3736
3746
3752
3786
3787
3806
3829
3846
3850
3879
3890
3896
3900
3901
3904
3914
3915
3919
3922
3934
3952
3966
3977
3980
3985
3987
3988
3996
4010
4011
4013
4016
4019
4021
4030
4032
4039
4040
4046
4049
4055
4057
4063
4068
4073
4074
4075
4078
4087
4092
4094
4098
4106
4108
4111
4116
4126
4127
4128
4130
4132
4147
4151
4154
4161
4163
4166
4167
4171
4176
4188
4194
4203
4207
4210
4215
4220
4221
4224
4227
4268
4279
4299
4300
4381
4383
4450
4454
4863
4876
4877
4881
5168
5462
5467
5477
5502
5522
5526
5532
5720
5740
5758
5759
5774
5784
5785
5792
5794
5801
5802
5932
5963
6038
6114
6119
6121
6122
6135
6211
6216
6265
6273
6600
6601
6633
6637
6658
6661
6748
6785
6805
6848
6859
6860
6866
6868
6883
6891
6897
6902
6905
6909
6911
6920
6930
6931
6941
6945
6946
6947
6950
6951
6961
6965
6966
6968
6971
6978
7001
7004
7013
7017
7026
7030
7036
7058
7065
7074
7078
7091
7092
7096
7099
7111
7118
7120
7122
7136
7143
7154
7158
7161
7165
7172
7179
7181
7187
7194
7197
7200
7206
7216
7217
7218
7226
7227
7234
7239
7242
7243
7250
7251
7252
7255
7358
7361
7390
7405
7408
7411
7412
7444
7445
7447
7448
7525
7555
7607
7919
7920
7925
7926
7928
7929
7930
7932
7933
7936
7937
7938
7940
8298
8348
8364
8400
8413
8415
8639
8642
8797
8806
8809
8811
8815
8832
8834
8835
8838
8842
8908
8911
9313
9375
9395
9405
9489
9524
9525
9527
9533
9539
9553
9559
9568
9576
9591
9596
9604
9634
9643
9646
9655
9665
9667
9670
9673
9731
9733
9871
9943
10021
10023
10027
10055
10164
10184
10248
10267
10385
10504
10507
10612
10622
10679
10757
10915
11095
11101
11128
11132
11143
11156
11166
11169
11183
11184
11187
11189
11206
11239
11243
11245
11270
11276
11278
11282
11283
11287
11289
11292
11303
11306
11309
11314
11336
11338
11343
11349
11350
11351
11355
11357
11361
11370
11382
11383
11385
11387
11390
11393
11395
11396
11400
11412
11413
11416
11423
11429
11431
11435
11452
11455
11457
11467
11468
11474
11479
11490
11491
11497
11498
11499
11500
11502
11504
11507
11531
11561
11565
11568
11572
11589
11604
11675
11721
12346
12431
12474
12491
12504
12511
12673
12704
12729
12826
12876
12886
12911
12912
13081
13249
13399
13446
13450
13451
13453
13485
13550
13583
13610
13640
13694
13722
13761
13897
13913
13929
14253
14442
14624
14643
14645
14766
14767
14879
14898
14899
14900
14902
14903
14970
15150
15154
15160
15161
15166
15170
15174
15181
15182
15184
15186
15189
15193
15194
15196
15198
15205
15206
15210
15212
15215
15296
15396
15493
15505
15516
15531
15562
15698
15712
15757
15836
15839
15840
15841
15842
16053
16210
16211
16215
16217
16219
16226
16227
16238
16240
16241
16290
16713
16796
16815
16819
16917
16992
17182
17247
17263
17612
17793
18002
18149
18353
18584
18988
18999
19003
19021
19079
19086
19186
19194
19290
19430
19475
19609
19635
19649
19650
19679
19695
19698
19923
19934
19935
19937
19938
19940
19944
19947
20013
20146
20163
20187