23
35
40
47
50
86
87
88
94
101
113
125
132
137
141
151
158
161
167
184
195
197
200
217
250
256
276
278
279
293
294
297
307
309
343
352
359
363
369
382
395
405
414
437
439
440
444
450
453
454
455
466
467
468
473
477
489
492
499
505
524
531
538
551
564
575
599
604
605
615
626
630
652
653
658
659
660
661
664
665
671
672
675
676
679
680
684
686
688
689
691
692
695
696
697
698
699
701
702
709
710
711
712
713
715
716
724
726
730
731
740
743
746
748
749
750
753
755
757
758
759
761
762
764
766
767
768
770
771
772
775
776
779
780
782
783
786
789
790
793
794
795
796
798
802
804
807
808
810
811
813
814
815
816
818
820
822
823
825
826
829
830
831
832
838
839
841
843
844
845
847
848
849
850
854
855
858
862
863
864
865
866
869
871
872
875
877
879
880
881
882
883
885
887
889
890
891
895
898
899
900
901
905
906
912
915
917
918
921
923
924
928
938
1211
1677
1779
1781
1784
1788
1805
1809
1815
1828
1833
1887
1892
1904
1914
1915
1917
1921
1926
1941
1943
1948
1949
1953
1961
1965
2218
2268
2344
2479
2483
2494
2496
2549
2568
2569
2584
2589
2590
2595
2602
2603
2617
2621
2627
2636
2639
2640
2649
2657
2665
2677
2679
2682
2685
2691
2713
2724
2726
2736
2744
2749
2753
2766
2768
2771
2783
2785
2800
2803
2808
2814
2815
2816
2841
2847
2854
2855
2858
2875
2877
2880
2882
2884
2890
2892
2902
2907
2908
2910
2920
2925
2926
2932
2945
2955
2966
2992
2993
3009
3010
3031
3070
3172
3202
3207
3208
3210
3214
3215
3217
3218
3219
3220
3222
3227
3233
3241
3254
3265
3274
3279
3281
3287
3288
3289
3294
3300
3303
3306
3310
3314
3318
3337
3338
3349
3368
3369
3370
3374
3382
3385
3387
3390
3404
3414
3423
3432
3438
3440
3459
3471
3500
3501
3506
3515
3521
3522
3527
3536
3541
3545
3549
3568
3574
3586
3594
3596
3597
3601
3602
3603
3604
3618
3632
3633
3642
3643
3647
3654
3656
3667
3672
3674
3687
3704
3730
3735
3736
3759
3760
3762
3786
3788
3795
3805
3828
3834
3838
3840
3844
3851
3857
3864
3865
3868
3871
3874
3875
3878
3880
3881
3894
3911
3914
3938
3941
3951
3961
3977
3980
3986
3987
3988
3999
4000
4009
4013
4022
4029
4040
4055
4058
4065
4074
4078
4087
4089
4091
4096
4114
4115
4116
4117
4127
4129
4132
4133
4135
4143
4145
4148
4154
4161
4162
4163
4164
4169
4173
4174
4187
4188
4194
4208
4434
4446
4452
4453
4454
4458
4844
4931
5300
5304
5305
5463
5466
5469
5472
5473
5483
5484
5492
5501
5507
5513
5518
5519
5529
5530
5547
5555
5560
5705
5706
5735
5747
5756
5760
5766
5767
5773
5969
5982
6064
6128
6221
6280
6301
6306
6601
6609
6617
6744
6747
6748
6752
6785
6794
6844
6846
6847
6850
6855
6856
6857
6862
6864
6874
6882
6886
6896
6897
6900
6909
6911
6915
6919
6922
6926
6932
6934
6942
6944
6947
6949
6955
6956
6958
6961
6968
6976
6987
6998
7000
7006
7022
7030
7032
7033
7036
7040
7049
7050
7052
7053
7063
7067
7070
7078
7079
7092
7097
7098
7109
7115
7120
7132
7133
7135
7141
7148
7151
7155
7163
7169
7172
7173
7174
7176
7186
7192
7199
7200
7215
7225
7227
7228
7231
7233
7235
7244
7247
7251
7252
7253
7315
7316
7319
7339
7358
7376
7398
7411
7485
7566
7572
7607
7612
7613
7722
7734
7928
8308
8336
8349
8355
8364
8374
8388
8403
8411
8415
8440
8448
8449
8468
8470
8486
8487
8492
8642
8832
8833
8842
8843
8846
8849
8852
8853
8856
9313
9318
9330
9333
9345
9361
9368
9378
9381
9383
9395
9400
9483
9486
9489
9531
9537
9547
9551
9613
9614
9647
9731
9732
9942
9950
10085
10105
10106
10111
10118
10120
10148
10152
10154
10164
10165
10174
10181
10198
10205
10225
10226
10253
10261
10267
10273
10279
10281
10284
10299
10300
10331
10333
10339
10349
10350
10353
10357
10377
10409
10423
10425
10430
10433
10438
10447
10450
10466
10480
10503
10504
10512
10518
10529
10535
10537
10539
10563
10564
10567
10574
10581
10586
10597
10610
10613
10617
10626
10630
10632
10634
10639
10646
10647
10650
10660
10671
10680
10695
10715
10725
10736
10739
10955
11092
11094
11095
11096
11098
11101
11102
11103
11104
11110
11113
11114
11116
11117
11120
11127
11131
11132
11134
11136
11137
11138
11141
11145
11150
11151
11152
11153
11154
11158
11160
11161
11162
11164
11166
11169
11171
11172
11173
11174
11176
11177
11179
11189
11190
11199
11202
11209
11215
11216
11220
11221
11226
11229
11230
11233
11236
11239
11241
11242
11243
11244
11245
11249
11250
11251
11254
11255
11256
11257
11258
11263
11264
11265
11268
11269
11272
11274
11275
11277
11278
11279
11280
11282
11286
11287
11289
11290
11293
11294
11298
11299
11301
11302
11303
11305
11307
11311
11312
11313
11314
11315
11316
11317
11318
11321
11323
11324
11325
11326
11327
11328
11331
11334
11337
11338
11340
11345
11351
11353
11354
11356
11357
11360
11365
11366
11367
11369
11370
11371
11375
11376
11377
11381
11384
11385
11389
11390
11392
11393
11394
11396
11402
11407
11414
11416
11417
11424
11426
11427
11429
11430
11433
11434
11436
11438
11441
11445
11446
11447
11452
11454
11455
11459
11460
11461
11464
11467
11468
11469
11472
11477
11479
11480
11481
11489
11490
11491
11493
11494
11495
11497
11502
11505
11506
11508
11520
11527
11537
11541
11543
11545
11546
11550
11554
11556
11557
11567
11573
11604
11607
11907
11912
12201
12234
12241
12346
12350
12381
12409
12449
12503
12504
12514
12584
12673
12698
12731
12748
12761
12768
12868
12996
13037
13083
13099
13160
13170
13176
13186
13249
13278
13337
13357
13452
13485
13569
13570
13629
13722
13776
13870
13872
13881
13883
13884
13890
13891
13898
13900
13903
13908
13909
13918
14001
14031
14050
14063
14083
14085
14093
14103
14104
14108
14253
14474
14878
14879
14880
14968
14969
14977
14985
15151
15152
15155
15162
15163
15171
15176
15179
15180
15183
15186
15187
15189
15190
15192
15195
15202
15205
15207
15210
15216
15220
15311
15384
15387
15388
15389
15391
15394
15395
15405
15408
15409
15411
15515
15516
15520
15523
15530
15538
15539
15577
15579
15584
15585
15721
15757
15763
15770
15795
15809
15934
16102
16185
16215
16781
16787
16788
16827
16828
17216
18102
19057
19405
19409
19418
19419
19512
19547
19612
19645
19657
19662
19670
19699
19924
19927
19931
19932
19946
20013
20031
20040
20098
20110
20147
20159
20174
20177