3
133
190
246
260
325
406
553
554
555
558
559
560
561
562
563
566
567
568
570
572
574
576
579
581
582
584
585
586
587
588
589
595
649
693
753
756
862
865
870
875
930
931
933
934
937
940
941
944
948
953
954
957
962
964
965
966
967
970
971
972
973
974
975
976
977
978
979
980
981
982
983
984
985
986
987
988
989
990
991
992
993
994
995
996
997
998
999
1000
1001
1002
1003
1004
1005
1006
1008
1009
1010
1011
1012
1013
1014
1015
1016
1018
1019
1020
1021
1022
1023
1024
1025
1026
1027
1028
1030
1031
1033
1034
1035
1036
1037
1038
1068
1069
1070
1071
1072
1073
1074
1075
1076
1077
1078
1079
1080
1081
1082
1083
1084
1085
1086
1087
1088
1089
1090
1153
1232
1233
1234
1235
1236
1237
1238
1240
1241
1242
1244
1246
1247
1248
1249
1250
1251
1252
1254
1255
1256
1257
1258
1259
1260
1261
1262
1263
1264
1265
1266
1267
1268
1271
1273
1274
1275
1276
1280
1282
1283
1285
1286
1288
1289
1290
1291
1292
1294
1295
1296
1297
1298
1299
1301
1302
1303
1304
1305
1306
1307
1308
1309
1311
1312
1313
1315
1316
1317
1318
1319
1320
1322
1323
1324
1325
1326
1327
1329
1354
1356
1357
1358
1359
1360
1361
1362
1364
1365
1366
1367
1369
1371
1372
1373
1374
1375
1376
1377
1379
1380
1382
1384
1385
1386
1387
1388
1389
1391
1392
1393
1403
1404
1405
1406
1407
1408
1409
1411
1412
1413
1414
1415
1417
1418
1419
1420
1421
1422
1423
1424
1425
1426
1427
1428
1430
1431
1432
1433
1434
1435
1436
1437
1438
1439
1440
1442
1443
1444
1445
1446
1447
1448
1449
1450
1452
1453
1454
1455
1456
1457
1458
1459
1460
1461
1462
1463
1464
1465
1466
1468
1469
1470
1481
1482
1483
1484
1485
1486
1496
1498
1499
1500
1502
1504
1505
1506
1507
1508
1509
1510
1511
1512
1513
1514
1515
1516
1517
1518
1519
1520
1521
1522
1524
1525
1526
1527
1528
1529
1530
1531
1532
1533
1534
1536
1538
1543
1544
1546
1579
1588
1589
1593
1594
1595
1600
1601
1602
1603
1604
1605
1606
1607
1608
1609
1610
1611
1612
1613
1614
1615
1616
1617
1618
1619
1620
1621
1622
1623
1624
1625
1626
1627
1628
1629
1630
1631
1853
1855
1856
1857
1858
1861
1864
2030
2031
2032
2033
2034
2035
2036
2039
2066
2067
2069
2072
2075
2077
2078
2079
2080
2081
2082
2083
2084
2085
2086
2087
2088
2089
2090
2091
2092
2093
2094
2096
2109
2110
2112
2114
2116
2202
2204
2206
2207
2208
2209
2210
2212
2214
2215
2216
2221
2222
2223
2225
2226
2228
2229
2231
2232
2233
2234
2235
2236
2237
2238
2240
2242
2244
2246
2247
2258
2298
2299
2312
2313
2314
2315
2316
2317
2318
2319
2320
2321
2322
2351
2352
2354
2355
2356
2357
2358
2359
2360
2362
2363
2429
2430
2431
2432
2433
2434
2435
2436
2437
2438
2439
2440
2441
2442
2443
2444
2445
2446
2447
2451
2452
2453
2454
2455
2456
2457
2458
2459
2463
2464
2465
2466
2467
2468
2469
2470
2471
2472
2502
2503
2504
2505
2506
2507
2508
2509
2510
2520
2521
2522
2523
2524
2526
2527
2528
3019
3035
3036
3037
3038
3039
3041
3042
3043
3044
3045
3046
3047
3048
3049
3050
3051
3052
3053
3054
3055
3068
3070
3073
3074
3075
3076
3077
3078
3079
3080
3081
3082
3083
3084
3085
3086
3087
3088
3089
3090
3091
3092
3093
3094
3095
3096
3097
3098
3099
3100
3101
3102
3103
3104
3105
3106
3107
3108
3109
3110
3111
3112
3113
3114
3115
3116
3117
3118
3119
3120
3121
3122
3123
3124
3125
3126
3127
3128
3129
3130
3131
3132
3133
3134
3135
3136
3137
3138
3139
3140
3141
3142
3143
3144
3145
3146
3147
3148
3149
3150
3151
3152
3153
3154
3155
3156
3292
3368
3437
3470
3524
3718
3721
3928
3962
3963
4181
4231
4232
4233
4234
4237
4238
4251
4287
4289
4302
4303
4304
4305
4317
4318
4319
4321
4322
4324
4325
4326
4327
4328
4329
4330
4331
4332
4333
4334
4335
4338
4339
4340
4342
4343
4346
4347
4348
4349
4350
4351
4352
4353
4354
4355
4356
4357
4360
4361
4362
4363
4364
4416
4417
4418
4419
4420
4421
4422
4423
4424
4425
4426
4427
4428
4463
4468
4471
4472
4474
4475
4476
4478
4528
4529
4530
4531
4532
4533
4534
4535
4536
4538
4539
4541
4543
4544
4545
4550
4552
4553
4554
4555
4557
4558
4559
4560
4561
4562
4564
4565
4566
4567
4568
4570
4571
4572
4573
4574
4575
4577
4578
4579
4580
4581
4582
4583
4584
4585
4586
4587
4588
4589
4590
4591
4593
4594
4596
4597
4598
4604
4606
4607
4608
4609
4610
4611
4613
4614
4615
4616
4617
4619
4623
4625
4626
4628
4630
4631
4632
4633
4634
4635
4636
4640
4643
4644
4645
4646
4649
4651
4652
4654
4656
4657
4663
4664
4665
4668
4670
4671
4673
4675
4676
4677
4678
4679
4683
4684
4685
4686
4688
4690
4691
4692
4693
4694
4695
4697
4700
4701
4704
4705
4706
4708
4710
4712
4713
4714
4716
4718
4721
4723
4724
4725
4730
4733
4734
4735
4737
4738
4739
4740
4741
4742
4743
4744
4745
4746
4747
4749
4752
4753
4755
4756
4757
4758
4759
4762
4764
4765
4766
4767
4769
4770
4771
4773
4774
4777
4780
4781
4783
4787
4788
4789
4791
4793
4794
4795
4797
4798
4803
4804
4805
4807
4810
4812
4813
4815
4817
4818
4819
4822
4824
4828
4830
4836
4847
4848
4849
4850
4851
4852
4853
4854
4855
4856
4857
4858
4883
4884
4885
4886
4887
4889
4890
4893
4895
4896
4897
4898
4899
4900
4901
4912
4913
4914
4915
4916
4917
4918
4919
4920
4921
4922
4923
4924
4925
4926
4927
4928
4932
4933
4934
4935
4936
4937
4939
4940
4941
4944
4946
4965
4969
4971
4973
4974
4975
4976
4978
4980
4982
4983
4984
4985
4986
4987
4988
4989
4990
4991
4992
4993
4994
4995
4996
4997
4998
4999
5000
5001
5002
5003
5004
5005
5006
5007
5008
5009
5010
5011
5014
5016
5017
5018
5019
5022
5044
5045
5046
5047
5048
5049
5051
5052
5053
5054
5055
5056
5057
5058
5059
5060
5061
5062
5063
5084
5085
5086
5087
5088
5089
5090
5091
5113
5115
5116
5117
5118
5119
5120
5122
5124
5126
5128
5129
5130
5133
5134
5135
5136
5137
5138
5139
5140
5141
5142
5143
5145
5147
5152
5154
5182
5205
5206
5207
5208
5209
5210
5211
5212
5213
5214
5215
5216
5218
5219
5220
5221
5222
5223
5224
5225
5226
5227
5228
5229
5230
5231
5232
5233
5235
5236
5237
5238
5239
5240
5241
5242
5243
5244
5245
5246
5247
5248
5249
5250
5251
5252
5253
5254
5255
5256
5257
5258
5259
5260
5261
5263
5264
5265
5266
5267
5268
5269
5270
5271
5273
5274
5275
5276
5277
5309
5310
5311
5312
5313
5314
5315
5316
5317
5318
5319
5320
5331
5335
5338
5339
5345
5350
5351
5352
5353
5354
5356
5357
5358
5360
5363
5365
5368
5369
5370
5371
5372
5374
5375
5376
5377
5378
5379
5380
5381
5382
5383
5384
5385
5386
5413
5414
5415
5416
5417
5418
5436
5438
5439
5440
5441
5442
5444
5448
5455
5461
5538
5565
5566
5567
5568
5569
5570
5571
5572
5573
5574
5575
5576
5577
5578
5579
5583
5584
5585
5586
5587
5588
5589
5590
5591
5592
5593
5594
5595
5596
5597
5598
5654
5656
5657
5658
5659
5661
5662
5678
5680
5687
5692
5695
5697
5698
5699
5700
5701
5702
5703
5704
5805
5806
5807
5808
5809
5810
5811
5812
5813
5814
5815
5816
5817
5818
5819
5820
5821
5822
5823
5824
5825
5826
5827
5828
5829
5830
5831
5832
5833
5834
5835
5836
5837
5838
5839
5840
5842
5843
5844
5845
5846
5848
5849
5850
5851
5852
5853
5854
5855
5856
5858
5859
5860
5861
5862
5863
5864
5865
5866
5867
5868
5869
5870
5871
5872
5873
5874
5875
5876
5877
5878
5879
5880
5881
5882
5883
5884
5885
5886
5887
5888
5910
5915
5919
6151
6152
6154
6155
6156
6157
6159
6160
6161
6162
6163
6165
6166
6168
6188
6189
6190
6191
6192
6193
6194
6195
6196
6198
6199
6200
6201
6202
6203
6204
6205
6206
6207
6217
6218
6219
6220
6221
6222
6223
6224
6225
6227
6228
6229
6230
6231
6232
6233
6235
6236
6237
6238
6239
6240
6241
6242
6243
6244
6245
6247
6248
6249
6250
6251
6252
6253
6363
6364
6366
6367
6368
6369
6370
6371
6374
6375
6379
6382
6383
6384
6385
6386
6387
6388
6389
6390
6391
6392
6393
6394
6395
6396
6397
6398
6399
6400
6401
6402
6420
6421
6422
6423
6424
6425
6426
6427
6428
6429
6430
6431
6434
6435
6436
6437
6439
6440
6441
6442
6443
6444
6445
6446
6448
6449
6468
6476
6477
6484
6494
6497
6498
6500
6501
6502
6503
6505
6507
6508
6510
6514
6515
6517
6520
6523
6524
6525
6527
6566
6567
6568
6569
6570
6571
6572
6574
6575
6576
6577
6579
6580
6584
6585
6586
6587
6588
6589
6590
6591
6592
6593
6595
6596
6597
6598
6599
6675
6676
6677
6678
6679
6680
6681
6682
6683
6684
6685
6686
6687
6688
6689
6690
6691
6692
6693
6694
6695
6696
6697
6698
6699
6700
6701
6702
6703
6704
6705
6706
6707
6708
6709
6710
6711
6712
6713
6714
6723
6724
6726
6729
6730
6731
6732
6733
6734
7131
7256
7257
7258
7259
7260
7261
7262
7263
7273
7274
7275
7276
7278
7279
7280
7282
7283
7284
7286
7289
7290
7292
7293
7295
7296
7297
7298
7299
7300
7301
7302
7303
7304
7305
7306
7307
7308
7309
7310
7311
7312
7313
7322
7336
7354
7416
7417
7418
7420
7421
7422
7423
7424
7425
7427
7428
7430
7432
7434
7449
7450
7451
7452
7453
7454
7455
7456
7457
7458
7459
7460
7461
7462
7464
7466
7469
7472
7474
7479
7480
7481
7482
7483
7486
7487
7488
7497
7498
7501
7502
7510
7511
7513
7514
7515
7516
7517
7518
7527
7528
7551
7585
7586
7587
7589
7590
7591
7592
7593
7594
7595
7596
7597
7598
7599
7600
7601
7602
7603
7627
7628
7630
7631
7632
7633
7634
7635
7637
7638
7639
7640
7641
7642
7643
7644
7645
7646
7647
7648
7649
7650
7651
7652
7653
7654
7655
7656
7658
7659
7660
7661
7673
7674
7675
7676
7677
7678
7679
7680
7683
7685
7686
7687
7689
7690
7691
7692
7693
7694
7695
7696
7697
7698
7699
7700
7701
7702
7703
7704
7705
7706
7707
7708
7709
7710
7711
7712
7735
7737
7739
7740
7741
7742
7744
7757
7758
7759
7760
7761
7763
7764
7765
7766
7768
7769
7770
7771
7772
7773
7774
7775
7776
7777
7778
7779
7780
7781
7782
7783
7785
7786
7787
7788
7789
7790
7791
7792
7794
7795
7796
7797
7798
7799
7800
7801
7802
7803
7804
7805
7806
7807
7808
7809
7810
7811
7812
7813
7814
7815
7816
7817
7818
7819
7820
7821
7822
7823
7824
7825
7826
7827
7828
7829
7830
7831
7832
7833
7834
7835
7836
7837
7838
7839
7840
7841
7842
7843
7844
7845
7846
7847
7848
7849
7850
7851
7852
7853
7854
7855
7856
7857
7858
7859
7860
7861
7862
7863
7867
7868
7871
7872
7873
7874
7875
7876
7878
7879
7880
7881
7882
7892
7894
7895
7896
7897
7899
7900
7901
7902
7903
7904
7906
7909
7910
7912
7917
7918
7941
7942
7943
7944
7945
7946
7947
7948
7949
7956
7957
7958
7968
7969
7970
7974
7975
7976
7979
7981
7982
7984
7985
7986
7987
7988
7989
7992
7993
8012
8016
8017
8019
8020
8024
8025
8026
8035
8037
8038
8039
8040
8041
8042
8043
8044
8045
8046
8048
8049
8052
8053
8054
8055
8057
8058
8064
8069
8072
8073
8077
8078
8079
8080
8081
8083
8084
8085
8086
8088
8089
8090
8093
8097
8100
8103
8104
8107
8108
8109
8112
8113
8116
8119
8121
8127
8128
8134
8135
8136
8137
8138
8139
8140
8141
8146
8147
8149
8150
8151
8152
8153
8154
8155
8156
8157
8159
8163
8164
8165
8166
8167
8168
8170
8174
8175
8176
8177
8178
8179
8180
8182
8183
8184
8185
8187
8193
8195
8197
8198
8202
8203
8204
8208
8209
8210
8211
8212
8214
8216
8219
8221
8222
8223
8224
8225
8226
8228
8229
8230
8232
8233
8235
8237
8238
8239
8240
8241
8242
8243
8244
8245
8246
8247
8248
8249
8250
8252
8257
8258
8259
8260
8261
8262
8263
8264
8266
8267
8269
8270
8273
8274
8278
8280
8281
8282
8283
8284
8285
8286
8292
8432
8433
8434
8435
8436
8437
8462
8497
8498
8500
8501
8502
8503
8504
8506
8507
8508
8509
8510
8512
8513
8514
8515
8517
8518
8519
8520
8522
8523
8524
8525
8526
8527
8528
8529
8530
8531
8532
8533
8534
8535
8536
8537
8538
8539
8540
8541
8543
8544
8545
8546
8547
8548
8549
8550
8551
8552
8553
8554
8555
8556
8557
8558
8559
8560
8561
8562
8563
8564
8565
8566
8567
8568
8569
8570
8571
8572
8573
8574
8576
8578
8580
8581
8589
8590
8591
8592
8593
8594
8595
8596
8597
8598
8600
8607
8608
8609
8610
8611
8612
8613
8614
8615
8616
8617
8618
8619
8620
8621
8622
8623
8624
8625
8626
8627
8628
8629
8630
8631
8632
8633
8634
8635
8636
8646
8647
8649
8650
8651
8652
8653
8655
8658
8659
8660
8661
8662
8663
8664
8665
8666
8667
8668
8669
8670
8671
8672
8675
8676
8677
8678
8679
8681
8682
8683
8684
8685
8687
8688
8689
8690
8691
8692
8693
8694
8695
8696
8697
8698
8699
8700
8701
8702
8703
8704
8705
8713
8714
8747
8748
8749
8750
8751
8753
8755
8757
8759
8762
8763
8764
8765
8766
8767
8768
8769
8770
8771
8774
8777
8779
8780
8785
8788
8789
8790
8791
8792
8793
8794
8819
8820
8821
8822
8823
8824
8825
8826
8827
8828
8858
8859
8860
8864
8872
8873
8874
8875
8876
8877
8878
8879
8880
8881
8882
8883
8884
8885
8886
8888
8890
8891
8892
8893
8895
8896
8897
8898
8899
8900
8901
8919
8922
8923
8925
8926
8927
8928
8929
8930
8931
8932
8933
8934
8935
8936
8945
8946
8947
8948
8949
8950
8951
8952
8953
8955
8956
8958
8961
8963
8965
8966
8967
8968
8969
8970
8971
8972
8973
8974
8976
8978
8979
8981
8984
8987
8988
8989
8990
8991
8992
8993
8994
8995
8996
8997
8998
8999
9000
9001
9002
9003
9004
9005
9006
9007
9008
9009
9010
9011
9012
9013
9014
9015
9016
9017
9019
9020
9021
9022
9023
9024
9025
9026
9027
9028
9029
9030
9031
9032
9033
9034
9035
9036
9037
9038
9039
9040
9041
9042
9043
9044
9045
9046
9047
9048
9049
9050
9051
9053
9054
9056
9057
9058
9059
9060
9061
9062
9063
9064
9065
9066
9067
9068
9069
9070
9071
9072
9073
9074
9075
9076
9077
9078
9079
9080
9081
9082
9083
9084
9085
9086
9087
9088
9089
9090
9091
9093
9094
9095
9096
9097
9098
9099
9100
9101
9102
9103
9104
9105
9106
9107
9108
9109
9110
9111
9112
9113
9114
9115
9116
9117
9118
9119
9121
9122
9123
9124
9125
9126
9127
9128
9129
9130
9131
9132
9133
9136
9137
9138
9139
9140
9141
9142
9143
9144
9145
9146
9147
9148
9149
9150
9151
9152
9153
9154
9155
9156
9157
9159
9160
9161
9162
9163
9164
9165
9166
9167
9168
9169
9170
9171
9172
9173
9174
9176
9177
9178
9179
9180
9181
9182
9183
9184
9185
9186
9187
9189
9190
9191
9192
9193
9194
9195
9196
9197
9198
9199
9200
9201
9202
9204
9205
9206
9207
9208
9209
9210
9211
9212
9213
9214
9215
9216
9217
9218
9219
9220
9221
9222
9223
9224
9225
9226
9227
9228
9229
9230
9231
9232
9234
9235
9236
9237
9238
9239
9240
9241
9242
9243
9245
9246
9247
9248
9249
9250
9251
9252
9253
9254
9255
9256
9257
9258
9259
9260
9261
9262
9263
9264
9265
9266
9267
9268
9269
9270
9271
9272
9273
9274
9275
9276
9277
9278
9279
9280
9281
9282
9283
9284
9285
9286
9287
9288
9289
9290
9291
9294
9297
9298
9299
9300
9301
9302
9303
9304
9305
9306
9307
9308
9309
9310
9311
9312
9431
9433
9434
9435
9436
9437
9438
9439
9440
9441
9442
9443
9444
9445
9446
9447
9448
9449
9450
9451
9469
9472
9475
9477
9480
9490
9492
9493
9496
9497
9499
9500
9502
9503
9504
9506
9508
9509
9679
9680
9681
9682
9684
9686
9689
9690
9693
9694
9695
9697
9698
9700
9701
9702
9703
9704
9705
9706
9707
9708
9709
9710
9711
9712
9713
9714
9715
9716
9717
9718
9719
9720
9721
9722
9723
9724
9725
9726
9727
9737
9738
9739
9740
9741
9742
9743
9744
9745
9746
9747
9748
9749
9750
9752
9753
9754
9755
9756
9758
9759
9774
9775
9776
9779
9780
9781
9782
9783
9784
9785
9805
9808
9809
9810
9811
9812
9813
9814
9815
9816
9817
9818
9819
9820
9821
9822
9824
9825
9826
9827
9828
9829
9830
9831
9832
9833
9834
9835
9836
9837
9838
9839
9840
9841
9842
9843
9844
9845
9846
9847
9848
9849
9850
9851
9852
9853
9854
9855
9856
9857
9858
9859
9860
9861
9862
9879
9881
9882
9883
9884
9885
9886
9887
9888
9889
9890
9891
9892
9893
9894
9895
9896
9897
9898
9899
9901
9902
9904
9905
9906
9907
9908
9909
9910
9911
9912
9913
9914
9915
9916
9917
9918
9919
9958
9962
9973
9979
9981
9982
9983
9984
9985
9986
9987
10008
10009
10012
10013
10014
10015
10016
10017
10018
10019
10032
10033
10034
10036
10037
10038
10039
10041
10042
10044
10046
10047
10048
10049
10050
10052
10053
10054
10055
10058
10059
10069
10070
10071
10072
10073
10074
10075
10076
10077
10078
10079
10080
10081
10094
10096
10097
10099
10100
10101
10103
10104
10138
10139
10140
10142
10144
10145
10146
10778
10779
10781
10783
10785
10786
10787
10788
10789
10790
10791
10792
10794
10796
10797
10798
10799
10801
10802
10803
10805
10806
10807
10808
10809
10810
10811
10812
10813
10814
10815
10816
10817
10819
10820
10821
10822
10823
10824
10825
10826
10827
10828
10829
10830
10831
10832
10833
10834
10835
10836
10837
10838
10839
10840
10841
10842
10843
10844
10845
10846
10847
10848
10849
10850
10851
10852
10862
10863
10864
10865
10866
10867
10868
10869
10870
10872
10873
10875
10876
10877
10878
10879
10881
10883
10884
10885
10912
10913
10914
10918
10920
10921
10922
10923
10924
10925
10926
10927
10928
10930
10931
10932
10958
10959
10960
10961
10962
10963
10964
10965
10987
10988
10990
10991
10992
10993
10994
10995
10996
11002
11003
11005
11006
11007
11008
11009
11010
11011
11012
11013
11014
11015
11016
11017
11018
11019
11021
11022
11023
11024
11025
11026
11027
11028
11029
11030
11031
11032
11033
11034
11035
11036
11037
11038
11039
11040
11041
11042
11043
11044
11045
11046
11047
11048
11049
11050
11051
11052
11053
11054
11055
11056
11057
11058
11059
11060
11061
11062
11063
11084
11086
11087
11088
11089
11091
11411
11422
11497
11511
11513
11514
11516
11517
11518
11578
11579
11580
11581
11582
11583
11584
11585
11607
11608
11609
11610
11612
11613
11614
11615
11621
11622
11623
11634
11635
11636
11637
11638
11639
11640
11641
11642
11643
11644
11645
11646
11647
11648
11650
11651
11652
11653
11654
11655
11656
11657
11658
11659
11666
11672
11673
11675
11676
11680
11681
11683
11684
11689
11694
11695
11697
11698
11699
11700
11701
11702
11703
11704
11705
11706
11707
11708
11709
11723
11724
11725
11727
11728
11729
11730
11733
11735
11736
11737
11738
11739
11740
11741
11743
11744
11745
11748
11749
11750
11751
11752
11754
11755
11756
11757
11758
11759
11760
11761
11762
11763
11764
11765
11779
11780
11781
11782
11783
11784
11785
11786
11787
11788
11789
11790
11791
11792
11793
11798
11808
11811
11820
11821
11822
11823
11824
11825
11826
11827
11828
11829
11830
11831
11832
11833
11834
11835
11836
11837
11838
11839
11840
11841
11842
11843
11844
11845
11846
11847
11849
11850
11851
11852
11853
11854
11855
11856
11857
11858
11859
11860
11861
11865
11866
11868
11869
11870
11871
11872
11873
11874
11875
11876
11877
11878
11879
11881
11882
11883
11884
11886
11888
11889
11890
11891
11892
11893
11894
11895
11896
11897
11898
11899
11900
11901
11907
11916
11917
11918
11919
11920
11921
11922
11923
11924
11925
11926
11927
11928
11929
11930
11931
11932
11933
11934
11935
11936
11937
11938
11939
11940
11941
11942
11943
11944
11945
11946
11947
11948
11949
11950
11951
11952
11953
11954
11955
11956
11957
11958
11959
11960
11961
11962
11963
11964
11965
11966
11967
11968
11969
11970
11971
11973
11974
11975
11976
11977
11978
11979
11980
11981
11982
11983
11984
11985
11986
11987
11988
11989
11990
11991
11992
11993
11994
11995
11996
11997
11998
11999
12000
12001
12002
12003
12004
12005
12006
12007
12008
12010
12011
12012
12013
12014
12015
12017
12018
12019
12020
12021
12022
12023
12024
12025
12026
12027
12028
12029
12030
12031
12032
12033
12034
12035
12036
12037
12038
12039
12040
12043
12044
12045
12046
12047
12048
12049
12050
12051
12052
12053
12054
12055
12056
12057
12058
12059
12060
12061
12062
12063
12064
12065
12066
12067
12068
12069
12070
12071
12072
12073
12074
12075
12076
12077
12078
12079
12080
12081
12082
12083
12084
12085
12086
12087
12088
12089
12090
12091
12092
12093
12094
12095
12096
12097
12098
12099
12100
12101
12102
12103
12104
12105
12106
12107
12108
12109
12110
12111
12112
12113
12114
12115
12116
12117
12118
12119
12120
12121
12122
12123
12124
12125
12126
12127
12128
12129
12130
12131
12132
12133
12134
12135
12136
12137
12138
12139
12140
12141
12142
12143
12144
12145
12146
12147
12148
12149
12150
12151
12152
12153
12154
12155
12156
12157
12158
12159
12160
12161
12162
12163
12164
12165
12166
12167
12168
12169
12170
12171
12172
12173
12174
12175
12176
12177
12178
12179
12180
12198
12199
12202
12204
12205
12206
12207
12208
12209
12210
12211
12254
12255
12256
12257
12258
12259
12260
12262
12289
12291
12294
12295
12296
12297
12300
12303
12304
12305
12306
12308
12309
12310
12311
12312
12313
12314
12315
12316
12318
12319
12320
12321
12323
12324
12325
12326
12327
12328
12330
12331
12333
12334
12335
12336
12338
12340
12341
12342
12343
12345
12347
12348
12349
12351
12352
12353
12354
12355
12356
12357
12358
12359
12360
12361
12363
12364
12365
12366
12367
12368
12369
12372
12374
12375
12377
12379
12380
12383
12386
12388
12389
12390
12391
12392
12393
12394
12395
12396
12398
12399
12400
12403
12404
12405
12406
12407
12408
12410
12412
12414
12415
12416
12417
12418
12419
12420
12421
12423
12424
12425
12426
12427
12428
12429
12430
12432
12433
12434
12436
12437
12438
12439
12440
12441
12442
12444
12445
12446
12447
12450
12451
12453
12455
12456
12457
12458
12459
12460
12462
12463
12464
12465
12466
12467
12468
12470
12471
12472
12473
12475
12476
12477
12478
12479
12481
12482
12483
12485
12486
12487
12489
12490
12492
12493
12496
12497
12498
12500
12505
12507
12508
12509
12510
12512
12515
12516
12517
12518
12519
12520
12522
12523
12524
12525
12526
12528
12530
12531
12532
12533
12534
12536
12537
12538
12539
12540
12541
12542
12543
12545
12546
12548
12549
12550
12551
12552
12555
12556
12557
12558
12559
12560
12561
12562
12563
12564
12565
12566
12567
12569
12570
12571
12572
12573
12576
12577
12578
12579
12580
12581
12582
12585
12587
12588
12589
12591
12593
12594
12595
12596
12599
12600
12602
12603
12604
12606
12607
12608
12609
12610
12611
12612
12615
12616
12617
12618
12619
12620
12621
12624
12625
12626
12627
12630
12631
12632
12634
12636
12638
12640
12641
12642
12643
12644
12646
12647
12648
12649
12651
12652
12654
12655
12656
12657
12660
12661
12662
12663
12664
12667
12669
12670
12671
12672
12675
12676
12678
12679
12680
12681
12682
12683
12684
12686
12687
12688
12689
12691
12693
12694
12695
12696
12697
12699
12700
12701
12702
12703
12706
12708
12710
12711
12712
12714
12715
12717
12718
12719
12720
12722
12724
12725
12726
12727
12728
12730
12732
12733
12735
12736
12737
12738
12739
12740
12741
12742
12743
12744
12745
12746
12747
12749
12751
12752
12753
12754
12755
12756
12759
12760
12762
12763
12765
12767
12769
12771
12772
12773
12774
12775
12776
12777
12778
12779
12781
12783
12784
12785
12788
12789
12791
12792
12793
12794
12795
12796
12797
12799
12800
12801
12802
12803
12804
12807
12809
12811
12812
12813
12815
12816
12817
12818
12819
12820
12821
12822
12823
12824
12825
12827
12831
12832
12835
12836
12839
12841
12843
12844
12845
12846
12847
12849
12850
12851
12852
12853
12856
12857
12859
12860
12861
12864
12865
12866
12867
12869
12870
12871
12872
12875
12876
12877
12878
12879
12880
12881
12883
12884
12885
12887
12888
12889
12890
12891
12892
12893
12894
12895
12896
12897
12898
12900
12902
12905
12908
12909
12913
12915
12916
12918
12920
12921
12922
12925
12927
12928
12929
12930
12931
12932
12933
12935
12936
12937
12938
12939
12940
12941
12944
12945
12946
12947
12948
12949
12950
12951
12952
12953
12954
12955
12956
12957
12958
12961
12963
12964
12967
12968
12969
12970
12971
12972
12973
12974
12975
12976
12977
12978
12979
12980
12981
12982
12984
12985
12986
12987
12993
12998
12999
13000
13002
13003
13010
13012
13014
13016
13020
13021
13023
13025
13027
13030
13031
13032
13034
13035
13040
13041
13042
13044
13045
13048
13049
13051
13055
13056
13060
13061
13064
13066
13070
13073
13075
13076
13077
13079
13085
13086
13087
13088
13090
13092
13094
13098
13100
13103
13104
13105
13106
13109
13110
13111
13112
13116
13118
13120
13122
13127
13132
13136
13138
13139
13140
13143
13144
13145
13146
13148
13149
13150
13151
13154
13155
13157
13159
13161
13164
13165
13166
13168
13173
13175
13179
13182
13184
13185
13188
13190
13191
13196
13198
13199
13204
13205
13206
13207
13208
13212
13213
13214
13215
13216
13217
13219
13220
13222
13223
13225
13226
13227
13228
13230
13231
13234
13235
13238
13239
13240
13242
13243
13244
13247
13248
13251
13254
13257
13259
13264
13266
13267
13270
13271
13276
13280
13283
13284
13285
13286
13288
13290
13291
13293
13295
13296
13299
13304
13306
13307
13308
13309
13310
13311
13312
13315
13317
13318
13320
13323
13324
13325
13326
13330
13332
13336
13338
13339
13340
13344
13345
13349
13351
13354
13355
13359
13367
13368
13369
13370
13372
13373
13374
13377
13379
13382
13385
13386
13388
13391
13393
13409
13410
13411
13412
13413
13414
13417
13418
13419
13421
13422
13425
13426
13427
13430
13431
13434
13435
13436
13437
13440
13441
13442
13443
13444
13445
13455
13459
13462
13463
13464
13465
13471
13472
13473
13475
13476
13483
13486
13488
13489
13490
13491
13494
13495
13497
13498
13499
13502
13505
13507
13509
13511
13512
13516
13518
13519
13520
13524
13526
13527
13528
13529
13532
13533
13534
13536
13537
13540
13541
13543
13544
13546
13548
13551
13553
13554
13555
13556
13557
13560
13563
13571
13572
13573
13575
13576
13577
13579
13581
13584
13585
13586
13589
13591
13592
13596
13599
13601
13604
13606
13607
13609
13612
13614
13615
13616
13617
13618
13620
13622
13623
13624
13625
13627
13631
13632
13635
13638
13639
13642
13643
13647
13648
13650
13658
13660
13661
13662
13664
13666
13668
13669
13670
13671
13676
13678
13680
13681
13684
13685
13687
13688
13695
13696
13697
13698
13699
13701
13703
13706
13708
13711
13712
13714
13716
13718
13720
13721
13723
13724
13725
13727
13728
13729
13730
13733
13735
13738
13739
13740
13741
13742
13747
13748
13749
13753
13754
13755
13756
13757
13759
13760
13764
13767
13770
13771
13773
13778
13780
13781
13782
13783
13784
13786
13788
13789
13797
13800
13802
13804
13814
13815
13816
13817
13818
13819
13830
13831
13833
13834
13835
13836
13838
13847
13848
13849
13850
13851
13852
13853
13854
13855
13856
13857
13858
13859
13860
13862
13863
13864
13865
13933
13934
13935
13936
13937
13938
13939
13940
13941
13942
13943
13944
13945
13946
13947
13948
13949
13950
13951
13952
13953
13957
13958
13960
13961
13962
13963
13964
13965
13966
13967
13968
13969
13970
13971
13972
13973
13974
13975
13976
13977
13978
13979
13980
13981
13982
13983
13984
13985
13986
13987
13988
13989
13990
13991
13992
13993
13994
13995
13996
13997
13998
14110
14111
14112
14113
14114
14115
14116
14117
14118
14119
14120
14121
14122
14123
14124
14125
14126
14127
14128
14129
14130
14132
14140
14141
14142
14143
14160
14161
14162
14163
14164
14165
14166
14167
14168
14169
14170
14182
14183
14184
14185
14186
14187
14191
14192
14194
14195
14196
14197
14198
14200
14203
14204
14206
14209
14210
14211
14212
14213
14214
14215
14217
14218
14219
14221
14223
14227
14230
14231
14232
14233
14234
14235
14236
14239
14240
14241
14242
14243
14244
14245
14246
14265
14266
14267
14268
14269
14270
14271
14272
14274
14276
14277
14278
14279
14281
14287
14289
14290
14298
14299
14300
14301
14304
14305
14306
14318
14320
14323
14324
14325
14327
14330
14332
14334
14335
14339
14340
14343
14346
14348
14353
14354
14355
14358
14359
14360
14361
14362
14363
14365
14366
14368
14375
14376
14399
14400
14401
14402
14403
14404
14405
14406
14408
14410
14412
14413
14414
14415
14416
14417
14419
14420
14421
14422
14423
14424
14425
14426
14427
14428
14429
14430
14433
14434
14438
14443
14446
14447
14448
14449
14450
14451
14452
14453
14454
14455
14456
14457
14458
14459
14463
14465
14466
14476
14479
14482
14483
14484
14485
14486
14487
14488
14491
14493
14494
14496
14497
14498
14500
14501
14502
14503
14504
14505
14506
14508
14509
14510
14511
14512
14513
14514
14515
14516
14517
14518
14519
14520
14521
14523
14524
14525
14529
14530
14531
14532
14533
14534
14535
14536
14537
14538
14539
14540
14541
14542
14543
14544
14545
14546
14547
14548
14549
14550
14551
14552
14553
14555
14556
14557
14558
14560
14577
14578
14579
14580
14581
14582
14583
14584
14585
14588
14589
14590
14591
14592
14594
14597
14598
14600
14601
14602
14603
14604
14605
14606
14608
14609
14610
14611
14612
14613
14615
14617
14619
14621
14622
14625
14628
14629
14630
14632
14636
14638
14639
14649
14650
14652
14654
14655
14657
14658
14663
14664
14665
14666
14667
14668
14669
14675
14676
14677
14678
14679
14680
14681
14682
14683
14684
14685
14686
14687
14688
14689
14690
14691
14692
14693
14694
14696
14698
14699
14700
14703
14704
14707
14708
14710
14711
14713
14714
14715
14716
14717
14718
14719
14720
14721
14724
14725
14728
14729
14731
14733
14734
14735
14736
14737
14747
14748
14749
14751
14752
14753
14754
14758
14769
14776
14777
14778
14779
14789
14800
14801
14803
14804
14805
14806
14812
14818
14819
14820
14821
14822
14823
14824
14825
14826
14827
14828
14830
14832
14833
14834
14836
14837
14838
14839
14840
14841
14846
14847
14848
14849
14850
14851
14853
14854
14855
14856
14858
14859
14860
14861
14862
14863
14864
14865
14866
14867
14868
14869
14870
14871
14872
14873
14884
14885
14886
14887
14888
14889
14890
14904
14905
14906
14907
14908
14910
14911
14912
14913
14916
14917
14918
14919
14920
14921
14922
14923
14924
14925
14926
14928
14929
14930
14931
14932
14933
14934
14937
14938
14939
14942
14943
14944
14945
14946
14947
14948
14949
14950
14951
14952
14953
14954
14955
14956
14957
14959
14960
14961
14962
14996
14997
14998
14999
15000
15001
15002
15003
15004
15006
15007
15008
15009
15011
15014
15015
15016
15017
15018
15019
15021
15024
15025
15026
15027
15028
15029
15030
15031
15032
15033
15034
15036
15037
15038
15039
15042
15044
15045
15046
15047
15048
15049
15050
15051
15052
15053
15054
15055
15056
15057
15059
15060
15061
15062
15063
15065
15066
15067
15069
15070
15072
15073
15074
15075
15076
15078
15079
15102
15103
15104
15105
15106
15107
15108
15109
15110
15111
15112
15114
15115
15116
15117
15118
15120
15123
15124
15125
15126
15127
15128
15129
15131
15132
15133
15134
15135
15136
15137
15138
15139
15140
15141
15143
15144
15145
15147
15148
15171
15224
15225
15226
15227
15228
15229
15230
15231
15232
15233
15234
15235
15236
15237
15238
15239
15240
15241
15242
15243
15244
15245
15246
15247
15248
15249
15250
15252
15253
15254
15255
15256
15257
15258
15259
15260
15261
15262
15263
15264
15265
15267
15269
15272
15273
15275
15278
15280
15281
15282
15283
15285
15286
15289
15290
15292
15293
15294
15295
15312
15313
15314
15326
15330
15331
15332
15333
15334
15335
15336
15337
15338
15339
15340
15341
15342
15343
15344
15345
15346
15347
15348
15349
15350
15351
15352
15353
15354
15355
15356
15359
15360
15361
15362
15363
15364
15365
15366
15367
15368
15369
15370
15371
15372
15373
15374
15375
15376
15378
15379
15380
15381
15382
15420
15422
15423
15424
15425
15426
15427
15429
15431
15432
15433
15434
15435
15436
15437
15438
15439
15440
15441
15442
15443
15444
15445
15446
15447
15448
15449
15450
15451
15466
15469
15470
15587
15588
15590
15591
15592
15597
15598
15599
15601
15602
15603
15604
15607
15608
15612
15613
15614
15615
15616
15617
15618
15619
15620
15633
15634
15635
15636
15637
15638
15639
15640
15641
15642
15643
15647
15649
15650
15652
15658
15659
15660
15661
15669
15671
15672
15673
15674
15676
15677
15678
15679
15680
15682
15683
15684
15685
15687
15688
15689
15690
15691
15692
15776
15782
15783
15784
15785
15786
15787
15788
15789
15790
15791
15817
15818
15820
15822
15823
15825
15827
15831
15832
15834
15835
15843
15844
15850
15860
15861
15862
15863
15865
15867
15869
15871
15872
15873
15875
15876
15877
15880
15881
15882
15883
15886
15888
15889
15890
15891
15892
15893
15894
15895
15896
15897
15898
15899
15900
15901
15902
15905
15906
15907
15908
15909
15910
15911
15912
15913
15914
15915
15916
15917
15918
15919
15920
15921
15922
15925
15926
15928
15929
15930
15931
15934
15935
15936
15939
15940
15941
15949
15950
15953
15955
15956
15960
15961
15962
15963
15964
15965
15966
15967
15968
15969
15970
15971
15972
15973
15974
15975
15976
15977
15978
15979
15980
15981
15982
15983
15984
15985
15986
15987
15988
15989
15990
15991
15992
15993
15994
15995
15996
15997
15998
16000
16001
16002
16003
16004
16005
16006
16007
16008
16009
16010
16011
16012
16013
16014
16015
16017
16018
16019
16020
16021
16022
16023
16024
16025
16026
16027
16028
16029
16030
16031
16032
16033
16034
16035
16036
16037
16038
16039
16040
16041
16042
16043
16044
16045
16046
16047
16048
16049
16061
16062
16063
16064
16065
16066
16067
16069
16070
16072
16073
16074
16075
16076
16077
16078
16079
16080
16081
16082
16083
16084
16088
16093
16097
16116
16117
16118
16119
16120
16121
16122
16123
16124
16125
16126
16127
16128
16129
16133
16134
16135
16136
16137
16138
16139
16140
16141
16142
16143
16144
16154
16155
16156
16157
16158
16159
16160
16161
16186
16187
16188
16189
16190
16191
16192
16201
16202
16203
16249
16252
16257
16269
16278
16302
16304
16305
16306
16307
16308
16309
16310
16311
16312
16313
16317
16319
16320
16321
16322
16323
16324
16325
16326
16328
16330
16331
16332
16333
16334
16335
16336
16337
16338
16339
16340
16342
16343
16344
16346
16347
16348
16350
16351
16352
16353
16354
16355
16356
16357
16358
16359
16360
16361
16362
16363
16364
16365
16366
16367
16369
16370
16371
16372
16373
16374
16375
16376
16377
16378
16379
16380
16381
16382
16383
16384
16386
16387
16388
16389
16390
16391
16392
16393
16394
16395
16396
16397
16398
16399
16400
16401
16402
16403
16404
16405
16406
16407
16408
16409
16410
16411
16412
16413
16414
16415
16416
16417
16418
16419
16420
16421
16422
16424
16425
16426
16427
16428
16429
16430
16431
16432
16433
16434
16435
16436
16437
16438
16439
16440
16441
16442
16443
16444
16445
16446
16447
16448
16449
16450
16451
16452
16453
16454
16455
16456
16457
16458
16460
16461
16462
16463
16464
16465
16467
16468
16469
16470
16471
16472
16473
16474
16475
16476
16477
16478
16479
16480
16481
16482
16483
16484
16485
16487
16488
16489
16490
16491
16492
16493
16494
16495
16496
16497
16498
16499
16500
16501
16502
16503
16504
16505
16506
16509
16510
16511
16512
16513
16514
16515
16516
16517
16518
16519
16520
16521
16522
16523
16524
16525
16526
16527
16528
16529
16530
16532
16533
16534
16535
16536
16537
16539
16540
16541
16542
16543
16544
16545
16546
16548
16549
16550
16551
16552
16553
16554
16555
16556
16557
16558
16560
16563
16564
16565
16566
16567
16568
16569
16570
16572
16573
16574
16575
16576
16577
16578
16579
16580
16581
16582
16583
16584
16585
16586
16588
16589
16590
16591
16592
16593
16594
16596
16597
16598
16599
16600
16601
16602
16603
16604
16605
16606
16607
16608
16609
16610
16611
16612
16613
16614
16615
16616
16617
16618
16619
16620
16621
16622
16623
16624
16625
16626
16628
16630
16631
16632
16633
16634
16635
16636
16638
16639
16640
16641
16642
16643
16644
16645
16647
16648
16649
16650
16651
16652
16653
16654
16655
16656
16658
16659
16660
16661
16662
16663
16664
16665
16666
16667
16668
16669
16670
16671
16672
16673
16675
16676
16677
16678
16679
16680
16682
16683
16684
16685
16687
16688
16689
16690
16692
16693
16694
16695
16696
16697
16698
16699
16700
16701
16702
16703
16704
16705
16706
16718
16719
16720
16721
16722
16723
16735
16738
16740
16742
16743
16745
16747
16749
16750
16751
16752
16753
16754
16755
16756
16757
16758
16759
16837
16838
16839
16841
16842
16843
16844
16846
16847
16848
16849
16857
16858
16859
16860
16861
16865
16866
16867
16868
16869
16870
16871
16872
16875
16876
16877
16878
16879
16881
16882
16883
16884
16885
16886
16887
16890
16891
16893
16894
16895
16897
16899
16900
16902
16903
16904
16908
16909
16910
16911
16912
16915
16916
16917
16918
16920
16921
16922
16924
16925
16926
16927
16928
16929
16930
16932
16933
16934
16935
16936
16937
16939
16940
16941
16942
16943
16944
16945
16946
16949
16950
16952
16955
16958
16959
16960
16962
16964
16965
16966
16967
16968
16969
16970
16971
16972
16973
16975
16976
16978
16979
16980
16981
16982
16983
16986
16989
16990
16992
16997
16998
16999
17000
17002
17004
17007
17010
17011
17013
17015
17016
17017
17018
17019
17020
17021
17022
17023
17024
17025
17026
17027
17030
17032
17033
17034
17035
17037
17039
17040
17041
17042
17045
17046
17047
17048
17049
17051
17052
17053
17054
17055
17056
17057
17058
17059
17060
17061
17062
17064
17065
17067
17068
17070
17072
17074
17075
17077
17078
17080
17081
17082
17084
17085
17086
17088
17090
17091
17092
17093
17094
17095
17096
17098
17099
17100
17101
17102
17103
17104
17105
17107
17108
17110
17111
17112
17113
17114
17115
17116
17117
17118
17119
17120
17122
17123
17124
17125
17128
17130
17131
17132
17133
17134
17135
17138
17140
17141
17142
17143
17147
17148
17150
17151
17152
17153
17155
17156
17161
17162
17163
17164
17165
17166
17167
17168
17169
17170
17171
17172
17173
17174
17176
17178
17179
17182
17183
17184
17185
17186
17187
17188
17189
17190
17191
17193
17195
17196
17197
17198
17199
17200
17206
17207
17209
17210
17211
17213
17215
17216
17217
17218
17219
17220
17221
17223
17226
17228
17230
17231
17232
17233
17234
17235
17236
17237
17239
17241
17242
17244
17245
17246
17247
17248
17249
17250
17251
17253
17255
17256
17258
17259
17260
17261
17262
17264
17265
17266
17267
17269
17270
17271
17272
17273
17274
17277
17278
17279
17280
17281
17282
17283
17284
17285
17287
17288
17289
17290
17292
17294
17295
17296
17297
17298
17299
17300
17301
17302
17303
17304
17305
17306
17309
17310
17312
17313
17314
17315
17316
17317
17318
17320
17321
17322
17324
17325
17326
17328
17329
17331
17332
17333
17335
17336
17337
17339
17340
17341
17342
17343
17345
17346
17349
17350
17351
17353
17355
17356
17357
17358
17359
17360
17361
17362
17363
17364
17365
17366
17367
17368
17369
17370
17372
17373
17374
17376
17377
17378
17379
17380
17383
17384
17385
17387
17388
17389
17390
17391
17392
17393
17394
17395
17396
17397
17398
17399
17400
17401
17402
17403
17404
17406
17407
17408
17409
17410
17411
17412
17413
17414
17415
17416
17418
17421
17422
17423
17424
17425
17426
17427
17428
17430
17431
17432
17433
17435
17436
17437
17438
17440
17441
17442
17443
17444
17445
17446
17447
17450
17451
17452
17453
17454
17455
17457
17458
17459
17460
17462
17465
17466
17467
17468
17469
17470
17471
17472
17473
17474
17476
17477
17478
17479
17480
17481
17482
17484
17485
17486
17487
17489
17490
17491
17492
17494
17495
17496
17497
17498
17499
17500
17501
17502
17503
17504
17505
17507
17508
17510
17511
17513
17515
17516
17518
17519
17520
17521
17522
17524
17526
17527
17528
17531
17532
17533
17534
17535
17536
17537
17538
17539
17540
17541
17542
17543
17544
17545
17546
17547
17548
17549
17550
17551
17553
17554
17555
17556
17557
17558
17559
17560
17562
17564
17565
17567
17568
17569
17570
17572
17573
17576
17578
17579
17580
17581
17582
17583
17584
17585
17586
17587
17588
17589
17590
17591
17592
17593
17594
17595
17596
17597
17598
17599
17601
17603
17606
17608
17609
17610
17611
17614
17615
17616
17617
17618
17620
17621
17622
17625
17626
17627
17628
17630
17632
17633
17635
17637
17638
17639
17640
17641
17644
17646
17647
17648
17649
17651
17652
17653
17654
17655
17656
17657
17658
17659
17660
17661
17662
17664
17666
17667
17669
17670
17671
17672
17673
17674
17675
17676
17677
17678
17679
17681
17682
17684
17685
17687
17688
17689
17690
17691
17693
17694
17696
17697
17698
17699
17700
17701
17702
17703
17705
17706
17707
17708
17709
17710
17711
17712
17713
17714
17715
17716
17717
17718
17719
17721
17722
17723
17725
17727
17729
17730
17732
17733
17735
17737
17738
17739
17740
17742
17743
17744
17745
17746
17747
17748
17749
17750
17754
17755
17756
17758
17759
17760
17762
17763
17764
17765
17766
17767
17768
17769
17770
17772
17774
17775
17777
17778
17779
17780
17781
17785
17786
17787
17788
17789
17790
17791
17792
17793
17794
17795
17796
17797
17798
17799
17800
17801
17802
17803
17804
17805
17806
17807
17808
17809
17810
17812
17813
17814
17815
17816
17817
17818
17820
17821
17822
17823
17824
17826
17828
17829
17830
17832
17834
17835
17837
17839
17840
17841
17842
17843
17844
17845
17846
17847
17848
17851
17852
17853
17854
17855
17857
17859
17860
17861
17862
17864
17865
17866
17867
17869
17870
17871
17872
17873
17874
17875
17876
17877
17878
17879
17880
17881
17882
17885
17886
17887
17889
17890
17891
17892
17893
17894
17895
17897
17898
17899
17901
17902
17903
17904
17905
17906
17907
17909
17910
17911
17912
17913
17914
17916
17917
17918
17919
17920
17923
17924
17926
17927
17928
17929
17931
17932
17933
17934
17935
17936
17937
17938
17940
17941
17942
17944
17945
17946
17948
17950
17951
17952
17953
17954
17957
17958
17959
17960
17961
17962
17963
17965
17966
17967
17969
17970
17971
17972
17973
17974
17975
17977
17979
17980
17981
17982
17983
17985
17986
17987
17990
17991
17992
17994
17995
17996
17997
17998
18000
18001
18002
18003
18005
18006
18008
18009
18010
18011
18012
18013
18014
18015
18016
18018
18022
18023
18024
18025
18026
18029
18030
18031
18033
18034
18035
18036
18038
18039
18041
18043
18044
18045
18046
18047
18050
18051
18052
18053
18054
18055
18056
18058
18059
18060
18061
18062
18066
18067
18068
18069
18070
18071
18073
18074
18075
18076
18077
18078
18079
18080
18082
18084
18087
18088
18089
18090
18091
18092
18095
18097
18098
18099
18100
18102
18104
18106
18107
18108
18109
18110
18111
18112
18113
18114
18115
18116
18117
18118
18119
18121
18122
18123
18124
18125
18126
18127
18129
18131
18133
18134
18135
18136
18138
18139
18140
18144
18145
18146
18147
18148
18150
18151
18152
18153
18154
18155
18156
18158
18159
18160
18161
18162
18163
18164
18165
18166
18167
18168
18169
18171
18172
18173
18174
18176
18178
18179
18180
18181
18182
18184
18185
18188
18189
18190
18192
18194
18195
18196
18198
18200
18201
18202
18203
18204
18206
18207
18208
18210
18213
18214
18215
18216
18219
18220
18221
18222
18223
18224
18226
18227
18229
18230
18231
18233
18235
18237
18238
18240
18241
18242
18243
18245
18246
18247
18250
18251
18252
18254
18255
18256
18257
18258
18259
18261
18262
18263
18265
18266
18268
18269
18270
18271
18272
18273
18274
18275
18276
18277
18279
18280
18281
18282
18283
18284
18285
18286
18287
18288
18289
18290
18291
18292
18293
18296
18297
18299
18300
18301
18302
18303
18306
18307
18308
18309
18311
18312
18313
18315
18316
18317
18318
18319
18320
18321
18322
18323
18324
18325
18327
18329
18330
18332
18334
18335
18336
18337
18338
18339
18341
18342
18343
18345
18346
18347
18348
18349
18350
18351
18352
18353
18354
18356
18357
18358
18359
18361
18362
18364
18365
18366
18367
18368
18369
18370
18371
18372
18373
18374
18377
18378
18381
18382
18383
18384
18385
18387
18388
18389
18391
18392
18394
18395
18397
18398
18399
18400
18401
18402
18404
18407
18408
18409
18411
18412
18413
18415
18417
18418
18419
18421
18422
18424
18427
18428
18430
18432
18433
18434
18435
18437
18438
18439
18443
18444
18445
18446
18448
18450
18451
18452
18453
18455
18456
18458
18459
18460
18462
18463
18464
18465
18466
18469
18470
18471
18472
18473
18474
18475
18476
18477
18478
18479
18481
18482
18484
18485
18486
18487
18488
18489
18490
18491
18493
18494
18495
18497
18498
18499
18500
18503
18505
18506
18507
18508
18509
18510
18511
18512
18515
18516
18517
18518
18519
18521
18522
18523
18525
18527
18528
18529
18530
18531
18533
18534
18536
18537
18538
18539
18540
18541
18542
18543
18544
18545
18546
18549
18552
18553
18555
18559
18560
18561
18562
18564
18566
18567
18568
18569
18570
18571
18572
18573
18574
18575
18576
18578
18579
18580
18581
18583
18584
18585
18586
18587
18588
18589
18590
18591
18592
18593
18594
18595
18596
18598
18599
18600
18601
18602
18604
18605
18606
18607
18608
18609
18610
18611
18612
18613
18616
18617
18618
18619
18623
18624
18625
18626
18627
18628
18629
18630
18632
18633
18634
18635
18636
18637
18638
18639
18640
18641
18642
18643
18644
18645
18646
18647
18648
18649
18650
18651
18652
18654
18655
18656
18657
18658
18659
18660
18661
18662
18663
18664
18666
18667
18668
18669
18670
18671
18672
18673
18674
18675
18676
18677
18678
18679
18680
18681
18682
18683
18684
18685
18686
18687
18688
18689
18690
18691
18692
18693
18694
18695
18696
18697
18699
18700
18701
18702
18703
18704
18706
18707
18708
18709
18710
18711
18712
18713
18714
18715
18716
18717
18718
18719
18720
18721
18722
18723
18724
18725
18726
18727
18728
18729
18730
18731
18732
18733
18734
18735
18736
18737
18738
18739
18740
18741
18742
18743
18744
18745
18746
18747
18748
18749
18750
18751
18752
18753
18754
18755
18756
18757
18758
18759
18760
18761
18762
18763
18764
18765
18766
18767
18768
18769
18770
18771
18772
18773
18774
18775
18777
18778
18779
18780
18781
18782
18783
18784
18785
18786
18787
18788
18789
18790
18791
18792
18793
18794
18795
18796
18797
18798
18799
18800
18801
18802
18803
18804
18805
18806
18807
18808
18809
18810
18811
18812
18813
18814
18815
18816
18817
18818
18819
18820
18821
18822
18823
18824
18825
18826
18827
18828
18829
18830
18831
18832
18833
18834
18836
18837
18838
18839
18840
18842
18843
18844
18845
18846
18847
18849
18850
18851
18852
18853
18854
18855
18856
18857
18858
18859
18860
18861
18862
18863
18864
18865
18866
18867
18868
18869
18870
18871
18872
18873
18874
18875
18876
18877
18878
18879
18880
18881
18882
18883
18885
18886
18887
18888
18889
18890
18891
18892
18893
18894
18895
18896
18897
18898
18899
18900
18901
18902
18903
18904
18905
18906
18908
18909
18910
18911
18912
18913
18914
18915
18967
18968
18969
18970
18972
18973
18974
18975
19007
19009
19012
19013
19014
19035
19036
19037
19039
19040
19041
19042
19043
19044
19045
19046
19047
19049
19050
19051
19052
19059
19060
19061
19062
19063
19064
19065
19066
19067
19068
19069
19070
19072
19074
19075
19076
19078
19107
19108
19109
19110
19111
19112
19113
19114
19115
19116
19118
19119
19120
19121
19122
19123
19124
19125
19126
19132
19133
19135
19136
19137
19138
19139
19140
19142
19143
19145
19147
19148
19149
19183
19200
19206
19211
19212
19213
19214
19215
19216
19217
19218
19219
19220
19221
19223
19224
19226
19227
19228
19229
19230
19231
19232
19233
19234
19235
19236
19237
19238
19239
19240
19241
19242
19243
19244
19245
19246
19247
19248
19249
19251
19252
19253
19254
19255
19256
19257
19258
19259
19260
19261
19262
19263
19264
19265
19266
19267
19268
19269
19270
19271
19273
19274
19275
19276
19277
19301
19303
19309
19310
19313
19314
19315
19316
19317
19318
19319
19320
19321
19322
19324
19325
19326
19327
19328
19329
19330
19335
19340
19345
19346
19347
19349
19350
19351
19353
19354
19355
19356
19357
19358
19359
19360
19362
19363
19364
19365
19367
19380
19383
19432
19433
19434
19435
19436
19437
19438
19439
19440
19441
19442
19443
19444
19445
19446
19447
19448
19449
19451
19452
19453
19454
19455
19456
19457
19458
19459
19460
19461
19462
19463
19464
19465
19466
19467
19469
19476
19478
19482
19483
19485
19486
19487
19491
19493
19494
19495
19496
19501
19502
19503
19504
19519
19520
19521
19522
19523
19524
19525
19526
19527
19528
19529
19548
19549
19551
19553
19554
19555
19556
19557
19559
19560
19561
19562
19563
19564
19565
19566
19567
19568
19569
19570
19571
19572
19574
19575
19576
19577
19578
19587
19588
19589
19590
19591
19592
19593
19594
19595
19753
19754
19755
19758
19760
19762
19763
19764
19765
19766
19767
19768
19769
19770
19771
19772
19773
19774
19775
19776
19777
19778
19779
19780
19781
19783
19784
19786
19787
19788
19789
19790
19791
19792
19793
19794
19795
19797
19798
19799
19800
19801
19802
19803
19804
19805
19807
19808
19811
19812
19813
19815
19817
19818
19819
19822
19823
19824
19826
19828
19829
19830
19833
19834
19837
19840
19845
19848
19849
19850
19853
19854
19855
19861
19862
19875
19877
19879
19880
19881
19882
19883
19884
19885
19888
19889
19890
19891
19892
19894
19895
19896
19897
19898
19899
19900
19901
19902
19903
19904
19905
19906
19907
19908
19909
19910
19911
19912
19948
19949
19951
19952
19953
19954
19955
19956
19957
19958
19959
19960
19961
19962
19963
19965
19966
19970
19972
19973
19974
19975
19977
19978
19979
19980
19981
19982
19983
19984
19985
19986
19987
19988
19989
19990
19991
19992
19993
19994
19995
19996
19997
19998
19999
20072
20076
20091
20093
20094
20095
20096
20121
20122
20123
20125
20127
20128
20129
20130
20131
20132
20133
20134
20135
20136
20137
20141
20142
20189
20191
20193
20194
20195
20197
20198
20199
20200
20201
20202