585
586
949
1023
1026
1028
1577
1620
1847
1848
1849
1850
1851
1852
1855
1856
2095
2431
2432
2457
2465
3026
3038
4318
4323
4324
4325
4326
4327
4361
4569
4820
5003
5223
5237
5239
5417
5455
5461
5805
5824
6230
6231
6234
6235
6240
6241
6244
6246
6247
6248
6366
6594
6595
6700
6701
6707
6708
6709
6710
6713
7290
7291
7501
7502
7508
7648
7702
7703
7706
7707
7708
7712
7713
7735
7739
7740
7761
7762
7763
7764
7765
7767
7768
7769
7770
7772
7773
7774
7775
7776
7777
7778
7779
7780
7781
7782
7783
7784
7785
7787
7788
7789
7790
7791
7792
7793
7795
7796
7797
7798
7799
7800
7801
7802
7803
7804
7805
7809
7810
7811
7812
7813
7815
7816
7818
7819
7820
7822
7823
7824
7827
7830
7831
7832
7834
7835
7836
7837
7838
7842
7843
7844
7845
7846
7848
7849
7850
7851
7853
7854
7855
7856
7857
7858
7859
7901
7903
8109
8660
8923
8924
8926
8927
8928
8929
8930
8931
8932
8933
8934
8935
8936
8945
8946
8947
8948
8950
8987
8988
9001
9002
9009
9011
9013
9014
9016
9018
9034
9037
9055
9065
9068
9080
9081
9087
9089
9110
9114
9117
9119
9120
9124
9125
9131
9141
9143
9146
9148
9153
9155
9157
9159
9161
9167
9184
9216
9217
9218
9220
9225
9226
9229
9232
9233
9239
9247
9250
9251
9253
9254
9256
9282
9283
9284
9286
9287
9288
9289
9290
9291
9292
9293
9294
9297
9299
9300
9301
9302
9304
9305
9306
9309
9310
9311
9490
9894
9897
9898
9904
10823
10824
10828
10837
10838
11612
11857
11878
11889
11891
11894
11895
11896
11897
11898
11899
11900
11901
11936
11938
12005
12078
12137
12289
12291
12294
12315
12320
12334
12357
12430
12441
12446
12467
12472
12477
12500
12512
12522
12524
12542
12545
12556
12559
12560
12561
12576
12580
12625
12653
12696
12701
12724
12730
12749
12795
12824
12831
12880
12887
12928
12945
12955
12958
12977
12978
12999
13068
13247
13287
13294
13320
13330
13372
13374
13377
13383
13407
13465
13475
13491
13537
13575
13585
13609
13728
13755
13767
13961
14192
14196
14372
14420
14425
14448
14495
14592
14812
14841
14846
14888
14939
15076
15141
15147
15228
15229
15230
15231
15232
15233
15236
15241
15242
15245
15248
15249
15253
15255
15256
15257
15258
15260
15261
15263
15266
15269
15275
15597
15685
15692
15850
15863
15872
15877
15897
15964
16040
16190
16313
16692
16698
16705
16740
16742
16758
16759
17166
17468
17620
17765
17767
17857
18139
18319
18399
18434
19077
19149
19347
19349
19433
19434
19435
19436
19438
19441
19442
19445
19446
19448
19449
19450
19451
19454
19456
19458
19463
19464
19465
19477
19482
19485
19486
19521
19522
19525
19527
19548
19549
19551
19554
19558
19563
19564
19566
19567
19569
19570
19572
19574
19799
19909
19955
19956
19957
19958
19959
19960
19961
19962
19963
19964
19965
19966
19981
19988
19995
19997