198
210
213
214
216
217
218
231
240
245
247
250
276
277
288
291
303
307
309
311
313
347
348
352
362
370
377
418
431
437
440
449
457
459
463
472
474
486
493
496
499
505
506
510
519
523
527
529
531
535
538
540
611
650
652
653
655
656
657
658
660
664
665
666
667
668
670
671
673
674
675
676
680
681
683
686
687
688
689
690
691
692
693
694
695
696
698
699
702
705
707
709
710
711
712
713
714
715
716
719
720
721
722
723
724
725
726
729
730
731
733
734
736
737
738
739
740
741
743
744
746
748
751
753
754
755
756
757
759
761
762
763
764
765
766
768
770
773
774
775
776
779
780
784
785
786
787
788
790
791
792
793
794
795
797
799
800
802
803
805
806
807
808
809
810
811
812
814
815
816
817
818
819
820
821
823
828
831
832
833
837
840
841
842
843
844
845
847
848
849
850
852
853
854
855
857
858
859
860
863
867
868
869
870
871
874
876
879
880
881
884
885
886
889
891
892
893
894
895
897
899
902
903
906
909
910
911
912
915
916
917
918
919
920
922
923
926
927
928
1054
1060
1129
1156
1173
1185
1206
1223
1224
1225
1641
1743
1779
1797
1827
1881
1885
1890
1892
1921
1925
1943
1952
2280
2303
2307
2367
2402
2428
2473
2486
2487
2492
2494
2496
2498
2772
2879
2928
3159
3160
3166
3169
3170
3171
3173
3174
3179
3182
3185
3187
3188
3190
3191
3192
3193
3195
3200
3201
3246
3248
3263
3271
3273
3275
3277
3280
3288
3299
3319
3336
3338
3346
3349
3355
3363
3370
3381
3388
3389
3396
3402
3407
3412
3440
3447
3448
3479
3485
3497
3498
3505
3507
3516
3546
3550
3552
3556
3557
3562
3570
3577
3579
3585
3586
3588
3598
3611
3622
3623
3650
3654
3656
3658
3664
3665
3675
3683
3691
3694
3721
3723
3724
3725
3730
3741
3752
3761
3771
3777
3782
3786
3787
3789
3799
3804
3805
3809
3816
3823
3830
3846
3851
3859
3863
3864
3865
3867
3878
3888
3893
3905
3914
3917
3930
3931
3932
3940
3946
3952
3967
3975
3978
3980
3985
3986
3989
3999
4016
4021
4022
4028
4042
4056
4058
4069
4111
4115
4118
4125
4126
4131
4141
4146
4156
4161
4169
4173
4184
4188
4189
4221
4429
4430
4432
4434
4437
4442
4443
4444
4446
4447
4448
4451
4454
4458
5096
5463
5468
5470
5471
5483
5506
5526
5683
5787
5803
5937
5987
5991
6018
6037
6055
6065
6079
6085
6101
6105
6107
6113
6301
6410
6535
6561
6651
6738
6819
6835
6845
6849
6850
6851
6853
6855
6858
6859
6861
6862
6864
6869
6879
6880
6882
6890
6915
6920
6927
6928
6934
6939
6942
6943
6981
6982
6987
6994
7000
7005
7012
7019
7026
7028
7037
7038
7042
7048
7049
7051
7055
7056
7062
7064
7067
7078
7082
7090
7091
7092
7096
7098
7099
7108
7110
7118
7119
7121
7138
7155
7162
7164
7170
7177
7196
7199
7200
7222
7225
7228
7230
7231
7237
7239
7253
7266
7364
7413
7956
8290
8297
8298
8299
8317
8335
8340
8341
8348
8349
8354
8373
8381
8388
8389
8391
8401
8402
8408
8412
8420
8427
8605
8795
8856
9325
9338
9343
9345
9378
9401
9418
9419
9420
9422
9425
9426
9428
9460
9463
9467
9529
9531
9538
9539
9543
9545
9546
9549
9552
9557
9567
9570
9581
9593
9597
9601
9606
9607
9609
9613
9617
9620
9621
9624
9627
9628
9636
9638
9644
9645
9663
9668
9670
9678
9730
9732
9971
9977
10028
10114
10118
10128
10203
10269
10297
10394
10423
10425
10445
10447
10504
10564
10613
10630
10683
10755
10757
10858
10968
10972
10977
10980
11093
11094
11096
11098
11100
11108
11114
11122
11130
11131
11134
11135
11138
11141
11142
11143
11145
11146
11149
11150
11154
11155
11157
11158
11159
11162
11163
11164
11165
11167
11168
11170
11171
11172
11174
11178
11179
11180
11182
11183
11184
11185
11186
11187
11188
11189
11192
11194
11195
11196
11198
11199
11201
11204
11205
11206
11207
11210
11215
11217
11220
11221
11222
11224
11225
11226
11228
11229
11230
11232
11233
11234
11236
11238
11240
11241
11242
11245
11247
11250
11251
11252
11253
11256
11257
11258
11259
11260
11262
11263
11264
11267
11268
11270
11271
11274
11275
11276
11277
11279
11280
11281
11283
11286
11288
11289
11291
11293
11295
11296
11297
11298
11300
11303
11305
11306
11308
11310
11311
11312
11313
11315
11316
11319
11323
11324
11325
11326
11327
11329
11331
11333
11334
11335
11338
11341
11344
11346
11348
11351
11352
11353
11354
11355
11356
11357
11360
11361
11362
11364
11366
11369
11370
11372
11373
11374
11375
11376
11377
11378
11379
11381
11382
11383
11385
11387
11390
11391
11392
11393
11395
11397
11398
11401
11402
11403
11404
11405
11406
11408
11409
11410
11411
11413
11414
11415
11416
11417
11418
11420
11421
11422
11423
11424
11425
11426
11427
11429
11430
11433
11436
11437
11438
11440
11442
11445
11447
11448
11450
11451
11454
11457
11458
11460
11462
11464
11465
11466
11468
11469
11470
11471
11472
11474
11475
11476
11479
11480
11481
11483
11485
11486
11487
11489
11490
11491
11494
11495
11497
11498
11499
11500
11501
11505
11506
11508
11509
11520
11525
11530
11532
11533
11534
11537
11538
11539
11540
11541
11550
11551
11553
11554
11555
11556
11558
11559
11561
11565
11567
11568
11571
11576
11601
12281
12298
12313
12449
12475
12491
12584
12598
12628
12716
12761
12798
12842
12989
12992
12994
13057
13059
13114
13117
13124
13142
13201
13249
13281
13301
13321
13451
13453
13467
13656
13726
13758
13869
13871
13872
13876
13882
13892
13893
13896
13898
13906
13910
13911
13918
13920
13921
13922
13923
13925
13927
13930
14010
14058
14076
14088
14093
14247
14252
14278
14411
14436
14474
14624
14626
14640
14642
14643
14644
14645
14646
14647
14648
14792
14880
15151
15152
15154
15156
15157
15158
15159
15161
15167
15168
15170
15171
15176
15179
15180
15183
15187
15190
15191
15192
15196
15197
15198
15200
15201
15202
15203
15205
15206
15209
15210
15214
15215
15216
15217
15218
15220
15311
15385
15404
15409
15438
15487
15491
15493
15495
15496
15499
15503
15508
15515
15518
15526
15529
15530
15531
15536
15545
15555
15561
15566
15571
15576
15580
15589
15699
15706
15708
15711
15718
15724
15752
15757
15759
15800
15806
15822
15839
16180
16185
16214
16260
16827
16909
16978
17037
17615
17681
17787
17969
18007
18036
18209
18277
19033
19091
19092
19198
19470
19541
19614
19619
19620
19621
19624
19625
19629
19632
19634
19635
19637
19638
19640
19642
19643
19644
19646
19649
19651
19653
19654
19656
19657
19658
19663
19664
19666
19667
19668
19674
19676
19677
19678
19679
19680
19681
19682
19683
19684
19685
19686
19691
19693
19694
19695
19696
19697
19698
19923
19924
19927
19931
19932
19933
19935
19941
19946
20001
20003
20011
20031
20039
20040
20187