0
557
842
961
1048
1049
1050
1051
1052
1053
1054
1055
1056
1057
1058
1059
1060
1061
1062
1063
1064
1065
1066
1067
1093
1095
1101
1107
1115
1117
1121
1136
1137
1138
1141
1143
1166
1169
1175
1177
1178
1179
1180
1185
1191
1193
1221
1356
1385
1392
1472
1581
1585
1675
1826
1861
1941
1971
1972
1973
1974
1975
1976
1977
1978
1979
1980
1981
1982
1983
1984
1985
1989
1990
1991
1992
1993
1994
1995
1996
1998
1999
2000
2002
2003
2004
2005
2249
2267
2279
2288
2304
2306
2310
2344
2350
2365
2370
2391
3186
3346
3450
3578
3710
3719
3812
3816
4028
4095
4148
4183
4272
4273
4299
4339
4431
4435
4450
4502
4505
4521
4821
4859
4860
4862
4864
4865
4866
4867
4868
4869
4870
4871
4872
4873
4874
4875
4876
4878
4879
4880
4881
4882
4959
5037
5039
5064
5065
5066
5067
5068
5069
5070
5071
5072
5073
5074
5075
5076
5077
5078
5079
5080
5081
5082
5083
5111
5152
5167
5168
5193
5299
5305
5521
5532
5534
5535
5705
5747
5760
5794
5889
5890
5891
5892
5895
5898
5899
5900
5903
5905
5906
5908
5911
5913
5916
5918
5919
5922
5923
5925
5926
5977
6074
6122
6414
6600
6622
6671
6672
6674
6715
6716
6720
6721
6757
6776
6777
6780
6781
6782
6783
6784
6785
6786
6787
6788
6789
6790
6791
6794
6795
6796
6798
6799
6800
6802
6803
6804
6805
6807
6808
6809
6810
6811
6812
6813
6814
6815
6817
6818
6820
6821
6822
6823
6825
6826
6827
6828
6831
6832
6834
6840
6940
7198
7715
7717
7726
7755
7759
7919
7930
7936
8316
8326
8332
8642
9408
9409
9410
9411
9412
9413
9414
9415
9421
9423
9424
9429
9803
10060
10062
10134
10481
10483
10889
10902
10904
10950
10953
10954
10957
10997
11049
11064
11065
11066
11067
11068
11069
11070
11071
11072
11073
11235
11332
11508
11527
11540
12181
12182
12183
12184
12185
12186
12187
12188
12189
12190
12191
12192
12193
12194
12195
12196
12219
12222
12230
12247
12252
12513
13005
13089
13099
13131
13134
13142
13218
13292
13328
13357
13360
13392
13403
13417
13466
13470
13477
13504
13515
13558
13590
13634
13644
13649
13659
13672
13673
13746
13775
13793
13798
13803
13917
14224
14225
14226
14256
14258
14264
14432
14587
14643
14755
14767
14780
14796
15318
15368
15468
15546
15555
15559
15562
15610
15802
16208
16212
16223
16228
16761
16762
16763
16766
16767
16768
16770
16771
18917
18918
18919
18920
18921
18922
18923
18924
18925
18926
18927
18928
18930
18931
18932
18933
18934
18935
18936
18937
18938
18939
18940
18942
18962
19033
19054
19153
19154
19156
19157
19158
19159
19160
19161
19162
19163
19164
19165
19166
19167
19168
19169
19170
19171
19172
19173
19174
19175
19176
19177
19178
19179
19180
19181
19182
19311
19312
19468
19470
19471
19472
19473
19474
19475
19612
19615
19618
19624
19626
19627
19628
19639
19647
20000
20001
20002
20003
20004
20005
20006
20007
20008
20009
20010
20011
20012
20013
20014
20015
20016
20017
20018
20019
20020
20021
20022
20023
20024
20025
20026
20027
20028
20029
20032
20033
20034
20035
20036
20037
20039
20040
20041