0
571
572
584
647
944
948
950
965
991
998
999
1000
1001
1003
1006
1007
1008
1009
1010
1011
1012
1013
1021
1022
1024
1030
1032
1033
1068
1071
1080
1084
1085
1086
1088
1103
1105
1136
1187
1196
1200
1201
1202
1203
1275
1319
1353
1355
1356
1361
1362
1371
1372
1377
1393
1403
1419
1421
1425
1459
1460
1487
1513
1530
1578
1581
1582
1583
1584
1587
1589
1596
1601
1604
1616
1617
1622
1623
1625
1853
1854
1855
2037
2040
2068
2103
2116
2258
2302
2303
2310
2316
2318
2433
2435
2440
2441
2442
2450
2451
2452
2453
2455
2456
2457
2458
2459
2463
2465
2466
2468
2469
2471
2472
2521
2523
2527
2528
3022
3025
3026
3029
3046
3069
4181
4283
4287
4304
4312
4319
4325
4326
4327
4328
4354
4402
4560
4584
4587
4714
4772
4804
4816
4824
4826
4827
4828
4829
4831
4849
4886
4890
4915
4935
4939
4944
4945
4946
4965
5004
5019
5020
5022
5038
5120
5143
5177
5244
5267
5276
5350
5358
5369
5413
5414
5416
5436
5437
5439
5455
5457
5459
5460
5461
5532
5545
5557
5566
5585
5588
5805
5848
5884
5886
5887
5888
6158
6160
6166
6170
6188
6191
6192
6195
6206
6207
6243
6244
6245
6246
6251
6252
6364
6368
6370
6382
6416
6437
6440
6443
6444
6450
6517
6518
6523
6525
6569
6578
6579
6582
6587
6589
6590
6591
6980
7258
7261
7262
7263
7264
7277
7280
7297
7421
7423
7430
7431
7434
7454
7456
7461
7474
7500
7501
7502
7507
7509
7527
7528
7588
7590
7591
7596
7601
7674
7701
7705
7710
7712
7735
7736
7737
7739
7740
7741
7742
7743
7744
7745
7761
7770
7771
7775
7786
7810
7817
7835
7850
7869
7902
7918
7959
7979
7986
8040
8042
8044
8045
8192
8199
8208
8220
8260
8261
8278
8280
8281
8282
8284
8285
8286
8437
8498
8500
8511
8516
8518
8525
8529
8530
8536
8538
8543
8545
8546
8548
8549
8552
8560
8564
8576
8599
8609
8624
8627
8634
8636
8662
8700
8712
8754
8767
8771
8774
8845
8874
8878
8890
8937
8961
8964
8968
8972
8974
8982
8983
8985
8987
8988
8989
8990
8991
8993
8994
8995
8996
8998
8999
9000
9001
9002
9003
9004
9005
9007
9008
9010
9011
9012
9014
9015
9019
9022
9024
9028
9029
9031
9037
9038
9040
9047
9050
9051
9053
9055
9058
9063
9067
9069
9072
9074
9078
9080
9083
9085
9089
9090
9091
9095
9099
9102
9103
9105
9106
9111
9117
9121
9124
9126
9129
9134
9135
9136
9138
9140
9145
9147
9149
9152
9158
9159
9160
9162
9163
9171
9172
9176
9179
9182
9186
9187
9190
9191
9192
9194
9195
9196
9197
9204
9209
9210
9214
9215
9220
9224
9227
9228
9229
9234
9235
9236
9238
9240
9243
9246
9248
9249
9250
9251
9252
9253
9255
9256
9258
9284
9448
9491
9498
9506
9683
9688
9699
9700
9702
9707
9713
9719
9724
9739
9749
9787
9792
9793
9794
9795
9796
9797
9799
9802
9803
9806
9807
9809
9810
9851
9854
9856
9859
9860
9890
9896
9960
9962
9964
9980
9982
9984
9985
9986
10008
10009
10013
10016
10033
10034
10037
10042
10048
10096
10098
10102
10103
10138
10139
10782
10918
10959
11022
11029
11030
11031
11036
11040
11041
11043
11051
11061
11063
11275
11420
11578
11580
11581
11583
11620
11657
11695
11757
11785
11799
11812
11817
11818
11819
11821
11823
11824
11839
11854
11855
11857
11859
11865
11879
11888
11896
11900
12042
12178
12180
12199
12252
12258
12289
12295
12297
12302
12303
12312
12313
12315
12320
12325
12328
12331
12338
12340
12355
12375
12389
12391
12394
12399
12404
12408
12419
12420
12430
12434
12436
12450
12458
12467
12472
12485
12486
12490
12498
12507
12509
12516
12517
12529
12542
12543
12559
12560
12561
12564
12565
12566
12567
12576
12593
12606
12608
12609
12615
12642
12645
12656
12660
12661
12663
12667
12675
12681
12686
12687
12692
12693
12701
12712
12725
12727
12728
12733
12743
12749
12753
12758
12765
12773
12781
12802
12812
12825
12841
12849
12851
12853
12865
12875
12877
12882
12887
12898
12902
12903
12919
12921
12936
12940
12941
12945
12946
12947
12954
12958
12961
12971
12974
12976
12977
13000
13021
13044
13058
13068
13076
13106
13111
13172
13210
13224
13225
13228
13232
13244
13271
13284
13290
13326
13331
13340
13351
13352
13364
13368
13372
13382
13383
13394
13402
13407
13418
13455
13458
13484
13521
13531
13557
13579
13602
13616
13631
13678
13684
13685
13704
13708
13743
13746
13747
13752
13783
13805
13807
13830
13838
13849
13850
13852
13854
13945
13946
13949
13950
13954
13961
13973
13974
14118
14163
14204
14205
14206
14227
14232
14265
14271
14290
14298
14300
14348
14363
14401
14402
14404
14418
14421
14423
14426
14446
14448
14449
14450
14452
14453
14454
14456
14457
14458
14460
14503
14510
14512
14513
14517
14542
14554
14582
14588
14598
14610
14611
14617
14622
14628
14654
14655
14657
14700
14708
14724
14730
14789
14805
14819
14833
14838
14839
14847
14856
14858
14888
14904
14906
14913
14938
15008
15021
15024
15027
15029
15030
15049
15062
15064
15068
15070
15090
15107
15108
15112
15114
15116
15127
15128
15129
15130
15133
15135
15139
15140
15141
15142
15143
15146
15228
15229
15230
15234
15236
15240
15241
15247
15253
15255
15256
15262
15263
15271
15272
15273
15274
15277
15280
15281
15283
15284
15286
15291
15295
15312
15313
15327
15348
15358
15361
15365
15368
15369
15370
15372
15375
15377
15380
15422
15424
15471
15599
15615
15620
15650
15651
15652
15653
15661
15670
15672
15674
15675
15678
15679
15681
15685
15783
15785
15791
15820
15823
15896
15907
15925
15959
15963
15966
15967
15970
15973
15974
15976
15985
15996
16003
16005
16007
16012
16020
16021
16037
16086
16088
16092
16129
16134
16135
16140
16142
16144
16162
16186
16188
16189
16255
16266
16308
16309
16310
16312
16313
16317
16322
16327
16331
16334
16335
16336
16544
16645
16696
16705
16735
16736
16740
16744
16746
16750
16751
16753
16759
16773
16843
16858
16864
16879
16881
16882
16883
16887
16897
16904
16905
16906
16909
16912
16924
16929
16934
16935
16942
16945
16949
16957
16967
16971
16977
16984
17002
17011
17014
17020
17030
17031
17043
17046
17077
17081
17082
17086
17101
17104
17105
17113
17114
17115
17122
17124
17132
17135
17139
17140
17147
17158
17162
17169
17188
17191
17206
17208
17214
17225
17230
17244
17246
17255
17264
17277
17289
17290
17297
17309
17312
17313
17325
17328
17329
17334
17337
17353
17359
17360
17361
17365
17368
17371
17377
17378
17380
17384
17395
17402
17408
17411
17417
17423
17426
17430
17432
17438
17440
17444
17447
17449
17467
17474
17477
17481
17485
17492
17494
17503
17510
17511
17520
17537
17538
17544
17558
17561
17573
17574
17578
17581
17583
17593
17600
17601
17611
17620
17622
17623
17630
17638
17649
17653
17656
17665
17669
17673
17685
17687
17691
17696
17707
17710
17713
17718
17719
17732
17737
17738
17741
17750
17753
17760
17763
17775
17778
17791
17793
17799
17800
17802
17811
17818
17824
17834
17837
17842
17844
17846
17851
17853
17854
17857
17862
17865
17871
17873
17890
17907
17909
17915
17917
17918
17919
17932
17936
17941
17945
17970
17980
17982
17992
17995
17999
18000
18011
18012
18014
18018
18024
18025
18028
18029
18033
18038
18040
18045
18047
18049
18055
18060
18062
18071
18072
18076
18084
18087
18091
18094
18097
18104
18105
18112
18113
18117
18129
18133
18145
18148
18153
18161
18164
18171
18175
18185
18189
18194
18196
18198
18200
18220
18223
18225
18233
18237
18240
18282
18285
18286
18297
18305
18306
18311
18319
18322
18325
18332
18339
18342
18343
18345
18362
18376
18379
18392
18399
18409
18418
18419
18422
18427
18438
18450
18454
18470
18472
18480
18482
18486
18487
18488
18490
18491
18502
18505
18506
18515
18525
18534
18537
18556
18564
18569
18575
18581
18591
18592
18596
18599
18603
18608
18611
18620
18632
18634
18635
18649
18669
18685
18705
18713
18721
18742
18745
18750
18756
18764
18789
18796
18820
18822
18838
18845
18864
18868
18874
18877
19037
19047
19048
19051
19068
19071
19121
19132
19133
19134
19135
19137
19139
19140
19211
19212
19220
19221
19225
19239
19276
19300
19303
19310
19314
19365
19379
19383
19384
19434
19456
19476
19481
19484
19485
19486
19487
19488
19489
19491
19495
19528
19529
19593
19595
19763
19771
19774
19783
19789
19795
19798
19808
19906
19910
19962
19982
19984
19992
19994
19997
19999
20129
20130
20135
20137
20139
20140
20193
20196
20203
20204
20209