200
201
202
203
218
296
319
396
404
406
451
454
509
521
535
542
618
648
687
727
787
810
811
851
856
1138
1140
1559
1563
1566
1571
1707
1770
1816
1879
1888
1891
1923
1936
1947
1966
1979
1998
2001
2006
2042
2048
2304
2305
2309
2310
2496
3224
3232
3271
3273
3288
3296
3314
3329
3335
3336
3351
3409
3413
3426
3433
3445
3471
3492
3496
3507
3512
3537
3543
3548
3570
3577
3621
3633
3705
3709
3718
3726
3730
3733
3756
3762
3776
3778
3788
3798
3803
3814
3826
3876
3910
3924
3931
3956
3997
4000
4005
4045
4071
4083
4085
4098
4104
4126
4148
4184
4201
4203
4210
4274
4373
4394
4395
4414
4957
4962
4963
4964
5396
5494
5500
5529
5542
5546
5599
5600
5601
5602
5603
5604
5605
5608
5609
5613
5615
5616
5617
5621
5622
5626
5628
5630
5631
5632
5634
5636
5638
5639
5642
5647
5651
5668
5758
5939
5940
5941
5942
5944
5945
5946
5947
5948
5949
5950
5951
5952
5954
5956
5957
5972
6000
6023
6037
6056
6126
6128
6132
6173
6176
6178
6210
6260
6295
6347
6403
6410
6411
6413
6415
6417
6529
6532
6533
6537
6538
6539
6540
6541
6542
6543
6544
6545
6546
6548
6549
6550
6551
6552
6553
6554
6555
6556
6557
6558
6561
6562
6563
6565
6623
6651
6654
7040
7044
7092
7158
7204
7214
7224
7355
7356
7358
7363
7364
7365
7366
7368
7371
7374
7376
7377
7378
7379
7380
7381
7382
7383
7385
7389
7390
7391
7394
7395
7396
7397
7400
7401
7402
7403
7407
7408
7409
7413
7414
7415
7519
7520
7523
7524
7664
8340
8358
8420
8599
9313
9314
9315
9317
9319
9320
9322
9323
9324
9325
9327
9328
9330
9331
9332
9333
9334
9335
9336
9337
9339
9340
9341
9342
9343
9344
9346
9347
9348
9349
9350
9351
9352
9353
9354
9355
9356
9357
9358
9359
9360
9361
9362
9363
9364
9366
9367
9368
9369
9370
9371
9372
9373
9374
9375
9376
9377
9378
9379
9380
9381
9382
9383
9384
9385
9386
9387
9388
9389
9390
9391
9392
9393
9394
9395
9396
9397
9398
9399
9400
9401
9402
9403
9404
9405
9406
9407
9460
9520
9522
9530
9533
9534
9538
9539
9546
9549
9550
9553
9557
9569
9572
9573
9574
9580
9591
9598
9611
9613
9616
9617
9619
9671
9677
10060
10061
10063
10105
10118
10122
10203
10760
10761
10762
10763
10764
10765
10937
10938
10940
10941
10942
10943
10944
10945
10946
10948
10949
10950
10951
10952
10953
10966
10967
10968
10972
10977
10981
10986
11100
11136
11140
11141
11154
11177
11236
11237
11266
11323
11344
11354
11433
11462
11480
11501
11505
11526
11532
11534
11537
11544
11572
11603
11607
11812
12270
12271
12272
12276
12277
12278
12279
12281
12282
12286
12449
12494
12514
12907
12992
13007
13009
13091
13108
13131
13170
13194
13201
13203
13237
13250
13274
13282
13319
13322
13350
13378
13398
13401
13404
13485
13535
13547
13565
13569
13629
13646
13665
13674
13683
13693
13719
13751
13776
13822
13823
13825
13826
13846
13867
13887
13917
13999
14000
14001
14002
14003
14004
14005
14006
14007
14008
14009
14010
14011
14012
14013
14014
14015
14016
14017
14018
14019
14020
14021
14022
14023
14024
14025
14026
14027
14028
14029
14030
14031
14032
14033
14034
14035
14036
14037
14038
14039
14040
14041
14042
14043
14044
14045
14046
14047
14048
14049
14050
14052
14053
14054
14055
14056
14057
14058
14059
14060
14061
14062
14063
14064
14065
14066
14067
14068
14069
14070
14071
14072
14073
14074
14075
14077
14078
14079
14080
14081
14082
14083
14084
14085
14086
14087
14088
14089
14090
14091
14092
14093
14094
14095
14096
14097
14098
14099
14100
14101
14102
14103
14104
14105
14106
14107
14108
14109
14134
14136
14137
14138
14257
14262
14407
14574
14767
14783
14788
14896
15151
15153
15154
15172
15209
15303
15306
15311
15321
15390
15400
15418
15456
15695
15700
15702
15707
15709
15718
15720
15733
15744
15750
15762
15788
16050
16151
16165
16180
16181
16182
16777
16853
18326
19096
19097
19098
19104
19184
19305
19306
19307
19308
19507
19537
19541
19543
19604
19612
19637
19642
19937
20023
20082
20097
20100
20110
20150
20156
20162
20168
20169
20175
20178
20179
20184