3
232
568
954
966
974
984
1021
1022
1234
1316
1322
1330
1355
1487
1492
1512
1514
1518
1538
1540
1543
1546
1594
1676
1865
2075
2078
2085
2088
2090
2232
2361
2453
3055
3077
3078
3082
3084
3085
3086
3093
3095
3096
3101
3104
3109
3110
3114
3115
3117
3120
3122
3123
3125
3128
3129
3131
3133
3135
3136
3139
3152
3935
4283
4344
4348
4358
4367
4416
4417
4424
4427
4544
4550
4552
4557
4576
4693
4857
4919
4922
4923
4940
4942
4943
4944
4974
4975
4979
4980
4981
5050
5052
5226
5255
5269
5281
5331
5335
5336
5347
5349
5353
5361
5367
5376
5380
5383
5575
5807
5811
5812
5814
5815
5816
5817
5818
5819
5821
5822
5825
5826
5828
5831
5832
5833
5834
5836
5837
5838
5839
5841
5842
5843
5844
5845
5846
5847
5849
5850
5851
5852
5853
5854
5855
5856
5857
5859
5861
5862
5863
5867
5868
5869
5870
5872
5877
5878
5880
5881
5882
6163
6169
6366
6379
6439
6442
6443
6445
6464
6465
6467
6469
6470
6471
6472
6473
6474
6475
6477
6478
6479
6480
6481
6482
6484
6485
6486
6487
6488
6489
6490
6491
6492
6493
6494
6495
6496
6497
6498
6500
6501
6502
6504
6505
6696
7242
7256
7262
7284
7285
7287
7289
7290
7291
7292
7293
7294
7295
7296
7297
7298
7299
7300
7427
7455
7457
7471
7551
7637
7641
7646
7647
7649
7662
7691
7698
7840
7841
7910
7911
7912
7913
7914
7916
7918
7941
7945
8050
8056
8057
8058
8072
8073
8082
8091
8094
8096
8097
8108
8112
8113
8115
8126
8129
8139
8154
8164
8186
8189
8203
8229
8234
8235
8236
8247
8249
8261
8520
8526
8538
8553
8559
8567
8610
8653
8655
8664
8678
8686
8690
8693
8713
8738
8758
8759
8899
8942
8983
9108
9297
9310
9323
9469
9470
9471
9476
9477
9478
9492
9497
9502
9709
9720
9723
9738
9747
9844
9895
9900
9908
9910
9912
9914
9916
9917
9960
10005
10007
10008
10009
10011
10012
10013
10017
10018
10101
10602
10785
10789
10790
10792
10794
10795
10800
10801
10806
10811
10812
10817
10823
10842
10845
10930
10935
10962
11023
11024
11030
11032
11035
11038
11042
11046
11053
11054
11057
11060
11061
11125
11289
11399
11636
11648
11723
11725
11728
11729
11754
11755
11756
11757
11758
11759
11760
11761
11798
11807
11810
11819
11820
11821
11822
11823
11824
11828
11837
11843
11867
11872
11876
11892
11893
11894
11895
11950
11951
11961
12004
12020
12031
12032
12035
12040
12052
12064
12090
12096
12108
12125
12127
12132
12133
12135
12139
12145
12148
12149
12152
12154
12177
12210
12223
12255
12289
12324
12333
12341
12348
12364
12383
12418
12421
12464
12483
12506
12544
12548
12592
12616
12658
12663
12666
12725
12739
12740
12767
12795
12801
12802
12814
12831
12846
12857
12871
12952
12958
12997
13040
13041
13042
13121
13128
13132
13148
13153
13165
13187
13189
13214
13231
13234
13255
13260
13270
13286
13288
13293
13296
13299
13309
13312
13317
13325
13333
13339
13341
13345
13349
13391
13410
13412
13423
13429
13445
13449
13458
13463
13490
13497
13506
13512
13513
13518
13534
13536
13542
13549
13555
13567
13578
13602
13603
13604
13612
13615
13662
13697
13698
13701
13716
13720
13734
13735
13749
13762
13767
13769
13782
13793
13794
13802
13813
13858
13933
13938
13939
13979
13981
13982
13991
14120
14182
14183
14185
14187
14202
14211
14212
14216
14239
14272
14278
14333
14344
14345
14351
14353
14366
14372
14444
14465
14492
14496
14499
14501
14508
14521
14541
14594
14607
14612
14631
14632
14663
14665
14676
14678
14679
14680
14681
14684
14687
14710
14711
14714
14715
14717
14730
14835
14843
14857
14858
14894
14913
14914
14930
14944
14999
15046
15049
15079
15136
15231
15232
15249
15254
15262
15314
15371
15629
15645
15646
15655
15656
15657
15664
15684
15864
15865
15866
15868
15870
15873
15874
15876
15879
15880
15881
15885
15887
15888
15893
15900
15901
15915
15916
15917
15918
15919
15920
15921
15922
15964
15977
16001
16009
16035
16067
16092
16116
16157
16160
16175
16686
16708
16715
16717
16842
16846
16847
16848
16849
16856
16881
16882
17197
17264
17358
17443
17513
17523
17618
17696
17713
17749
17752
17764
17846
18004
18123
18161
18320
18321
18328
18470
18567
18675
18971
19009
19010
19012
19013
19014
19015
19110
19134
19141
19146
19230
19390
19391
19393
19394
19395
19396
19399
19439
19457
19460
19467
19484
19550
19775
19785
19814
19818
19819
19820
19821
19824
19825
19827
19828
19830
19831
19832
19835
19836
19838
19839
19840
19841
19842
19843
19844
19845
19846
19847
19848
19852
19853
19855
19857
19858
19862
19865
19869
19870
19873
19874
19877
19886
19888
19891
20124
20188
20189
20190
20191
20192
20193
20194
20195
20196
20204
20205
20206
20207
20208