86
197
200
202
203
209
220
230
231
235
239
241
244
251
256
258
262
263
276
283
291
298
301
314
316
331
336
338
341
344
345
350
369
372
373
380
381
386
387
398
406
410
411
421
424
438
439
450
453
457
466
467
488
489
503
513
519
523
524
528
536
543
565
596
679
694
709
759
763
765
823
853
878
905
929
1218
1219
1741
1884
1887
1919
1924
1942
1946
1951
1967
2630
2687
2760
2879
2956
2967
2987
3223
3225
3232
3234
3237
3241
3243
3251
3259
3266
3272
3290
3302
3306
3310
3313
3332
3337
3338
3344
3345
3348
3354
3381
3393
3401
3407
3408
3412
3423
3431
3435
3453
3470
3472
3473
3478
3493
3495
3501
3515
3522
3560
3567
3574
3591
3601
3602
3610
3628
3632
3651
3679
3682
3684
3690
3697
3701
3703
3715
3721
3723
3728
3735
3745
3751
3767
3783
3786
3789
3797
3806
3809
3813
3817
3818
3821
3824
3838
3839
3841
3842
3844
3851
3860
3866
3879
3889
3896
3927
3929
3954
3966
3976
4009
4013
4015
4016
4017
4023
4030
4032
4033
4035
4048
4061
4074
4081
4085
4086
4092
4098
4115
4125
4126
4133
4156
4169
4171
4176
4194
4197
4206
4215
4219
4226
4274
4291
4445
5465
5477
5481
5489
5498
5514
5528
5529
5606
5607
5621
5705
5706
5707
5708
5710
5711
5712
5713
5714
5716
5717
5718
5719
5720
5721
5723
5724
5725
5728
5729
5731
5732
5734
5735
5736
5737
5739
5740
5741
5742
5744
5746
5747
5749
5750
5751
5752
5753
5754
5755
5756
5757
5758
5759
5760
5766
5767
5769
5770
5773
5774
6003
6343
6744
6783
6794
6813
6861
6914
6982
7044
7062
7063
7112
7333
7356
7377
7380
7386
7389
7390
7405
7411
7412
7414
7921
7954
8439
8448
8453
8471
8488
8490
8834
8835
9378
9456
9523
9532
9554
9559
9575
9580
9611
9617
9626
9731
10116
10122
10150
10151
10356
10368
10389
10552
10591
10622
11171
11202
11221
11340
11480
11599
12668
12906
13108
13138
13192
13590
13629
13792
13867
13871
13872
13877
13891
13908
13912
13913
13917
13920
14145
14671
15392
15399
15483
15842
16183
16818
16852
19085
19511
20147
20152
20154