22
36
49
137
141
181
195
197
198
199
200
201
202
205
206
207
209
210
212
216
217
218
219
222
224
226
227
229
230
231
232
233
235
236
238
239
240
242
243
245
246
247
248
250
251
252
254
255
256
257
260
261
262
265
266
269
270
271
273
274
275
276
277
278
279
280
284
285
286
287
288
291
292
294
295
297
298
299
300
301
302
303
304
305
306
307
308
309
310
312
313
314
318
319
321
322
323
324
325
326
327
328
329
330
331
332
334
335
337
338
339
340
341
342
343
344
345
347
348
350
351
352
354
355
356
357
358
360
361
362
363
364
365
367
368
369
370
372
373
374
375
376
377
378
381
383
384
385
386
388
389
390
391
392
393
394
395
397
398
400
401
403
404
406
407
408
409
410
411
412
413
414
416
418
419
420
421
422
423
424
426
428
429
431
432
434
435
437
438
439
440
441
442
443
444
445
448
449
450
451
452
453
454
455
457
459
460
461
462
463
464
466
467
468
469
470
471
472
473
474
475
476
477
478
479
480
481
482
483
484
485
486
488
489
490
491
492
493
494
495
496
497
498
499
501
502
503
504
505
506
507
508
509
510
511
512
514
515
516
517
519
520
521
522
523
525
526
527
528
531
532
533
534
535
536
537
538
539
540
542
543
544
545
546
549
550
551
578
591
593
599
600
601
603
604
606
608
611
614
616
617
618
621
622
625
629
630
634
643
649
650
651
652
655
656
658
660
662
663
664
667
670
671
672
673
674
675
676
678
679
680
681
683
684
685
686
687
688
689
690
691
693
694
695
696
697
698
699
700
701
702
703
704
705
707
708
709
711
712
713
714
716
719
720
721
722
723
724
725
727
729
730
731
732
733
734
736
737
739
740
741
742
743
745
748
749
750
751
753
756
757
759
760
762
763
765
766
767
768
769
771
772
773
775
776
777
778
780
783
784
786
787
788
790
791
792
793
794
796
797
799
800
802
803
804
806
807
808
809
810
811
812
813
814
816
817
819
820
821
823
824
825
826
827
829
830
831
832
833
834
835
837
838
839
841
843
844
845
846
847
848
851
854
855
857
858
859
860
861
863
864
866
867
869
871
872
873
874
875
876
877
878
879
880
881
883
884
885
886
887
888
889
891
892
894
895
896
897
898
899
900
902
903
904
905
906
907
909
910
913
915
917
919
920
921
922
923
925
926
927
928
932
946
957
1065
1100
1134
1140
1150
1167
1187
1200
1206
1207
1210
1213
1215
1224
1225
1229
1259
1337
1476
1525
1570
1701
1718
1737
1744
1745
1746
1753
1770
1779
1782
1785
1794
1800
1803
1805
1808
1809
1815
1817
1819
1820
1822
1824
1827
1828
1835
1866
1868
1875
1884
1885
1891
1892
1896
1897
1900
1901
1902
1904
1905
1907
1911
1912
1913
1914
1919
1920
1923
1925
1928
1932
1939
1940
1942
1943
1945
1950
1951
1953
1955
1961
1965
1966
2166
2171
2187
2197
2267
2274
2282
2287
2309
2365
2367
2368
2370
2371
2373
2375
2377
2378
2386
2391
2392
2394
2396
2401
2403
2404
2405
2406
2407
2408
2410
2411
2474
2475
2491
2492
2494
2529
2639
2687
2806
2809
2859
2879
2928
2931
2959
3008
3029
3062
3063
3179
3184
3185
3186
3187
3202
3203
3204
3205
3206
3207
3208
3209
3210
3212
3213
3214
3215
3216
3217
3218
3220
3221
3222
3224
3226
3227
3228
3229
3230
3235
3237
3238
3239
3240
3241
3242
3243
3244
3245
3247
3248
3249
3251
3252
3253
3254
3255
3257
3258
3259
3262
3266
3267
3268
3270
3271
3272
3273
3274
3275
3277
3279
3280
3281
3282
3283
3284
3285
3286
3287
3288
3289
3290
3291
3294
3295
3296
3297
3298
3299
3301
3302
3304
3305
3307
3308
3309
3310
3311
3312
3314
3316
3317
3318
3319
3321
3322
3324
3325
3326
3328
3330
3331
3332
3333
3336
3337
3338
3340
3348
3349
3350
3352
3353
3356
3359
3361
3362
3363
3366
3367
3368
3369
3370
3371
3374
3375
3376
3377
3378
3379
3380
3381
3382
3385
3387
3388
3389
3395
3396
3397
3398
3399
3400
3401
3402
3403
3405
3407
3408
3409
3410
3411
3412
3414
3415
3416
3418
3419
3421
3422
3424
3425
3428
3429
3430
3431
3432
3433
3434
3435
3436
3437
3438
3439
3440
3441
3444
3445
3446
3447
3448
3450
3451
3453
3454
3456
3457
3458
3459
3461
3462
3463
3464
3467
3468
3469
3470
3471
3472
3475
3477
3478
3479
3480
3481
3484
3485
3486
3487
3488
3489
3490
3491
3495
3496
3498
3500
3503
3504
3505
3506
3507
3508
3509
3511
3512
3514
3515
3516
3517
3521
3522
3524
3525
3526
3528
3529
3532
3533
3535
3536
3537
3538
3539
3540
3541
3542
3546
3548
3549
3550
3551
3554
3555
3556
3557
3558
3559
3560
3561
3562
3563
3565
3566
3567
3569
3570
3571
3573
3574
3575
3576
3577
3578
3579
3580
3581
3582
3583
3584
3585
3586
3587
3588
3590
3591
3594
3595
3596
3597
3599
3600
3601
3603
3604
3606
3608
3609
3612
3614
3615
3616
3617
3619
3620
3623
3624
3625
3626
3627
3628
3632
3633
3634
3635
3637
3638
3639
3640
3642
3643
3644
3645
3647
3648
3650
3651
3653
3657
3658
3660
3661
3662
3663
3664
3665
3667
3668
3669
3672
3673
3674
3675
3676
3677
3678
3679
3681
3682
3683
3684
3685
3686
3687
3689
3690
3691
3692
3694
3695
3696
3699
3702
3703
3704
3705
3706
3707
3709
3710
3712
3713
3714
3715
3716
3717
3719
3723
3727
3728
3729
3730
3731
3732
3733
3734
3735
3737
3739
3741
3742
3745
3746
3747
3751
3752
3754
3755
3756
3757
3758
3759
3760
3762
3763
3764
3765
3766
3767
3768
3769
3770
3771
3772
3773
3776
3777
3778
3779
3781
3782
3784
3785
3786
3787
3789
3790
3791
3795
3797
3798
3799
3800
3801
3803
3804
3805
3806
3807
3808
3809
3810
3811
3814
3816
3817
3818
3819
3821
3823
3825
3826
3828
3829
3831
3832
3833
3834
3835
3836
3837
3840
3841
3842
3843
3845
3846
3848
3850
3852
3853
3855
3856
3857
3858
3861
3863
3864
3865
3866
3870
3872
3874
3875
3877
3879
3881
3882
3883
3884
3885
3886
3888
3889
3893
3894
3895
3896
3897
3898
3899
3901
3903
3904
3905
3906
3907
3909
3910
3913
3914
3917
3918
3919
3920
3921
3922
3923
3924
3925
3928
3931
3932
3933
3937
3938
3939
3940
3942
3944
3945
3946
3947
3948
3949
3950
3952
3954
3955
3956
3957
3958
3959
3960
3961
3962
3963
3964
3965
3966
3967
3968
3969
3973
3974
3975
3977
3978
3979
3980
3983
3984
3985
3986
3987
3988
3989
3992
3993
3995
3997
3998
3999
4001
4003
4004
4005
4006
4008
4009
4011
4013
4014
4016
4017
4019
4021
4024
4025
4026
4027
4028
4029
4030
4032
4033
4034
4035
4036
4037
4039
4040
4041
4042
4043
4044
4046
4048
4052
4054
4055
4058
4060
4062
4063
4064
4065
4066
4069
4070
4073
4074
4075
4076
4078
4079
4080
4082
4083
4084
4085
4086
4087
4088
4089
4090
4091
4093
4096
4098
4099
4100
4102
4103
4106
4107
4108
4109
4110
4111
4112
4114
4116
4117
4118
4119
4120
4121
4124
4126
4127
4128
4129
4131
4132
4133
4134
4136
4138
4139
4141
4142
4143
4145
4146
4148
4154
4156
4157
4158
4161
4162
4164
4165
4166
4167
4168
4170
4173
4174
4175
4177
4178
4179
4180
4181
4182
4183
4185
4186
4188
4189
4191
4192
4193
4194
4195
4196
4199
4200
4202
4203
4205
4207
4208
4212
4214
4215
4216
4218
4220
4222
4223
4226
4228
4229
4239
4240
4242
4243
4273
4293
4300
4309
4340
4374
4381
4429
4430
4432
4434
4443
4446
4447
4448
4451
4453
4454
4455
4458
4480
4488
4514
4520
4521
4525
4639
4687
4703
4963
5024
5036
5040
5086
5092
5105
5141
5175
5196
5197
5200
5257
5290
5297
5306
5398
5464
5467
5468
5469
5474
5476
5477
5479
5480
5482
5485
5487
5488
5489
5492
5493
5495
5498
5499
5500
5502
5503
5506
5507
5508
5509
5510
5511
5512
5514
5515
5516
5517
5519
5520
5522
5523
5524
5525
5527
5530
5532
5536
5540
5545
5551
5553
5556
5558
5559
5563
5601
5693
5699
5713
5723
5756
5790
5799
5804
5928
5930
5966
5973
5977
5982
5986
5991
6014
6016
6019
6025
6035
6038
6042
6068
6071
6077
6079
6082
6085
6096
6101
6107
6108
6113
6116
6117
6119
6121
6123
6128
6130
6132
6134
6140
6208
6211
6298
6303
6326
6342
6378
6409
6419
6537
6548
6564
6604
6621
6629
6639
6647
6648
6649
6653
6660
6666
6720
6721
6736
6743
6744
6745
6746
6750
6752
6753
6754
6755
6756
6757
6758
6759
6763
6766
6767
6768
6772
6775
6787
6801
6804
6819
6821
6823
6826
6830
6834
6838
6840
6846
6848
6852
6853
6854
6862
6865
6866
6869
6872
6873
6874
6875
6881
6882
6883
6887
6889
6891
6892
6896
6898
6899
6900
6906
6909
6910
6914
6915
6917
6921
6922
6924
6925
6927
6928
6929
6931
6934
6935
6936
6940
6944
6945
6946
6949
6950
6951
6954
6958
6960
6961
6969
6972
6974
6975
6977
6979
6982
6985
6987
6988
6989
6991
6993
6994
6996
6998
7003
7004
7007
7011
7013
7014
7016
7018
7023
7026
7027
7031
7033
7035
7037
7038
7042
7047
7049
7051
7053
7054
7056
7057
7058
7059
7061
7062
7063
7065
7066
7074
7076
7077
7078
7079
7080
7081
7082
7085
7086
7091
7092
7093
7095
7096
7099
7100
7103
7104
7110
7111
7112
7114
7118
7119
7122
7137
7141
7143
7144
7145
7147
7148
7150
7151
7154
7155
7156
7157
7158
7162
7164
7165
7167
7173
7174
7175
7176
7177
7180
7181
7185
7186
7189
7190
7191
7194
7196
7197
7198
7199
7200
7202
7206
7207
7209
7211
7214
7216
7223
7225
7226
7227
7229
7230
7237
7239
7240
7243
7244
7245
7246
7247
7249
7252
7316
7336
7348
7357
7359
7360
7363
7364
7365
7366
7370
7372
7374
7376
7378
7382
7383
7385
7390
7391
7394
7395
7396
7397
7398
7400
7401
7402
7407
7408
7410
7413
7443
7446
7611
7615
7717
7718
7719
7720
7726
7730
7928
7939
7953
7954
8000
8030
8034
8290
8294
8299
8334
8338
8340
8341
8343
8346
8348
8350
8351
8352
8353
8354
8355
8356
8359
8360
8361
8364
8365
8366
8372
8373
8377
8387
8389
8390
8392
8394
8397
8403
8406
8408
8411
8412
8417
8421
8423
8424
8425
8426
8429
8430
8468
8484
8585
8587
8588
8599
8638
8641
8642
8711
8717
8742
8830
8832
8835
8838
8843
8845
8848
8852
8856
8940
8973
9313
9314
9315
9317
9318
9319
9321
9322
9323
9324
9325
9326
9328
9329
9331
9333
9334
9335
9338
9341
9343
9344
9345
9348
9350
9351
9353
9358
9360
9361
9363
9365
9368
9373
9374
9375
9376
9377
9378
9381
9383
9390
9395
9396
9397
9399
9401
9402
9403
9404
9405
9428
9430
9457
9468
9513
9520
9521
9528
9530
9531
9532
9533
9534
9535
9538
9539
9541
9544
9545
9546
9548
9549
9551
9552
9554
9555
9556
9557
9558
9562
9563
9564
9565
9567
9569
9570
9571
9572
9573
9574
9575
9577
9578
9580
9581
9582
9584
9585
9586
9587
9588
9589
9591
9594
9595
9596
9597
9599
9601
9602
9603
9605
9606
9607
9608
9609
9610
9611
9612
9613
9614
9617
9618
9619
9620
9621
9623
9624
9625
9626
9627
9628
9629
9631
9632
9633
9634
9635
9636
9637
9638
9640
9641
9642
9643
9644
9645
9646
9647
9648
9649
9650
9654
9655
9656
9657
9658
9659
9661
9663
9664
9665
9666
9667
9668
9671
9673
9674
9675
9677
9730
9735
9736
9761
9764
9765
9767
9793
9796
9797
9799
9800
9863
9866
9867
9869
9871
9873
9874
9875
9876
9877
9878
9972
9988
10023
10027
10111
10117
10128
10148
10164
10169
10175
10180
10185
10186
10194
10196
10201
10203
10204
10211
10212
10213
10214
10217
10218
10221
10222
10223
10230
10232
10235
10241
10244
10249
10251
10252
10253
10254
10267
10270
10273
10276
10279
10286
10288
10290
10292
10293
10297
10298
10299
10301
10315
10318
10320
10328
10342
10343
10347
10355
10357
10362
10364
10383
10384
10385
10386
10390
10398
10399
10402
10405
10414
10418
10419
10420
10425
10427
10429
10430
10433
10435
10436
10440
10446
10448
10455
10456
10464
10468
10470
10474
10476
10478
10480
10483
10487
10491
10494
10495
10496
10497
10498
10499
10504
10508
10513
10521
10524
10528
10531
10535
10543
10545
10546
10547
10557
10564
10577
10580
10581
10585
10598
10599
10601
10602
10603
10604
10608
10610
10613
10618
10621
10627
10630
10631
10632
10637
10639
10643
10647
10654
10660
10662
10666
10667
10669
10674
10678
10679
10683
10685
10693
10694
10696
10701
10708
10714
10715
10718
10721
10726
10731
10733
10735
10755
10757
10758
10765
10853
10967
10978
10983
11004
11008
11092
11094
11095
11097
11098
11102
11104
11109
11110
11111
11112
11114
11116
11118
11119
11124
11125
11128
11129
11130
11131
11133
11134
11136
11137
11138
11139
11141
11143
11144
11146
11147
11149
11150
11151
11152
11153
11154
11155
11157
11158
11161
11162
11163
11164
11165
11166
11168
11170
11171
11172
11173
11174
11176
11177
11178
11179
11182
11184
11186
11188
11189
11191
11192
11193
11194
11196
11197
11198
11199
11201
11202
11203
11204
11205
11206
11207
11209
11210
11211
11212
11214
11215
11219
11220
11222
11223
11224
11225
11226
11228
11229
11230
11232
11233
11234
11236
11237
11239
11240
11241
11242
11243
11245
11246
11249
11251
11253
11254
11255
11257
11258
11259
11260
11261
11262
11264
11266
11267
11268
11269
11270
11271
11273
11274
11275
11278
11279
11280
11282
11283
11284
11286
11287
11288
11289
11290
11292
11293
11294
11295
11296
11297
11298
11299
11300
11302
11304
11306
11307
11309
11310
11312
11313
11314
11315
11316
11317
11318
11319
11320
11321
11322
11323
11324
11325
11326
11328
11329
11330
11331
11332
11333
11334
11335
11336
11337
11338
11339
11341
11345
11346
11347
11352
11353
11354
11355
11356
11360
11361
11362
11363
11365
11366
11367
11369
11370
11371
11372
11373
11374
11375
11377
11378
11379
11380
11381
11384
11385
11386
11387
11388
11389
11390
11391
11392
11393
11394
11395
11396
11397
11398
11399
11400
11401
11402
11403
11404
11405
11406
11407
11408
11409
11410
11411
11412
11413
11414
11415
11416
11417
11418
11419
11420
11421
11422
11423
11424
11425
11426
11427
11428
11429
11430
11431
11432
11433
11434
11435
11436
11437
11438
11439
11440
11441
11442
11443
11444
11446
11447
11449
11450
11451
11452
11453
11454
11455
11456
11457
11458
11459
11460
11462
11463
11464
11465
11466
11467
11468
11469
11470
11471
11472
11473
11474
11475
11476
11477
11478
11479
11480
11482
11483
11484
11485
11486
11487
11488
11489
11490
11491
11492
11493
11494
11495
11496
11497
11498
11499
11500
11501
11503
11504
11505
11506
11507
11509
11519
11525
11528
11531
11532
11533
11534
11540
11541
11542
11544
11545
11546
11548
11549
11550
11551
11554
11555
11557
11558
11559
11561
11563
11564
11567
11568
11570
11571
11573
11574
11576
11600
11601
11603
11638
11662
11663
11670
11685
11739
11766
11767
11770
11772
11778
11801
11817
11907
11912
11913
11914
11922
12192
12193
12213
12270
12277
12278
12282
12301
12307
12350
12381
12385
12387
12409
12422
12431
12432
12449
12495
12501
12504
12590
12597
12598
12622
12649
12704
12729
12761
12766
12768
12786
12787
12789
12798
12842
12868
12901
12912
12989
12992
13033
13037
13057
13059
13095
13097
13124
13137
13138
13140
13142
13160
13163
13170
13261
13278
13281
13301
13302
13346
13357
13362
13403
13417
13424
13432
13438
13454
13525
13547
13552
13569
13629
13713
13719
13743
13768
13807
13839
13867
13868
13871
13872
13874
13876
13877
13878
13879
13880
13882
13885
13890
13892
13894
13895
13898
13900
13901
13904
13906
13912
13915
13916
13917
13921
13924
13927
13928
13930
14004
14007
14008
14014
14015
14018
14024
14029
14032
14037
14039
14043
14045
14047
14048
14052
14056
14057
14058
14059
14062
14064
14065
14072
14076
14078
14080
14082
14083
14084
14091
14093
14095
14096
14097
14100
14106
14107
14108
14144
14147
14150
14152
14199
14247
14251
14252
14254
14274
14280
14379
14439
14440
14442
14474
14567
14596
14614
14626
14641
14643
14646
14648
14672
14674
14757
14767
14791
14794
14873
14879
14880
14882
14887
14963
14987
15151
15152
15154
15158
15160
15165
15166
15167
15168
15170
15171
15176
15179
15183
15186
15187
15188
15189
15194
15195
15196
15198
15200
15201
15203
15205
15206
15207
15208
15210
15211
15212
15214
15217
15218
15219
15221
15308
15311
15345
15349
15409
15472
15474
15475
15476
15478
15483
15485
15486
15487
15488
15490
15491
15492
15496
15499
15500
15501
15502
15504
15505
15506
15507
15510
15511
15515
15516
15517
15518
15519
15521
15522
15525
15526
15527
15528
15529
15530
15531
15532
15533
15534
15536
15537
15538
15540
15542
15544
15545
15546
15548
15549
15550
15552
15553
15554
15555
15556
15557
15558
15559
15560
15562
15563
15564
15565
15567
15568
15571
15572
15575
15576
15579
15580
15582
15584
15585
15586
15589
15611
15621
15624
15649
15695
15698
15700
15702
15703
15704
15707
15708
15709
15713
15715
15721
15726
15728
15730
15747
15748
15753
15759
15762
15766
15767
15779
15795
15797
15802
15805
15807
15812
15813
15815
15835
16052
16101
16151
16152
16180
16197
16214
16229
16268
16302
16710
16769
16779
16796
16817
16822
16824
17566
17599
18157
18184
18241
18501
18526
18556
18560
18958
18976
18990
19003
19004
19033
19053
19058
19083
19106
19163
19184
19186
19191
19205
19333
19337
19370
19415
19502
19507
19509
19530
19598
19603
19605
19609
19612
19618
19619
19622
19633
19637
19639
19644
19650
19652
19656
19658
19662
19663
19664
19670
19671
19678
19679
19683
19686
19687
19688
19693
19695
19725
19728
19737
19920
19921
19931
19933
19934
19939
19941
19943
20027
20044
20045
20047
20051
20053
20060
20074
20160
20168
20169
20171
20177
20196