5
8
11
12
13
14
15
17
19
20
21
22
24
28
29
31
32
34
35
36
38
43
44
45
46
49
52
53
54
55
56
57
58
60
61
65
68
69
73
75
76
79
81
86
87
88
90
91
93
94
95
96
97
98
99
100
103
106
107
110
111
113
114
115
116
118
119
120
121
122
123
124
125
126
128
129
131
135
136
137
141
142
147
148
149
152
153
154
156
157
158
159
160
161
162
163
164
166
167
168
170
172
173
174
175
176
177
178
179
181
182
183
184
185
189
245
408
466
475
486
1927
2534
2540
2555
2557
2559
2560
2562
2568
2570
2572
2574
2575
2576
2577
2579
2580
2582
2583
2584
2586
2587
2589
2590
2593
2594
2595
2599
2601
2603
2605
2606
2608
2609
2611
2613
2614
2615
2616
2621
2622
2626
2627
2630
2631
2637
2644
2645
2646
2647
2649
2651
2652
2654
2655
2656
2657
2660
2662
2664
2665
2666
2668
2670
2674
2676
2677
2678
2683
2685
2686
2687
2691
2692
2693
2696
2698
2702
2703
2704
2706
2707
2708
2713
2714
2716
2717
2718
2720
2722
2723
2724
2725
2726
2730
2732
2734
2737
2738
2740
2741
2744
2745
2746
2748
2749
2750
2753
2756
2760
2764
2766
2770
2771
2772
2773
2774
2776
2778
2780
2781
2783
2784
2785
2786
2787
2788
2789
2791
2792
2793
2794
2795
2796
2797
2802
2803
2805
2806
2807
2808
2809
2812
2819
2820
2821
2822
2823
2824
2826
2827
2828
2831
2832
2833
2834
2835
2836
2837
2839
2841
2842
2844
2846
2847
2848
2849
2852
2853
2855
2856
2857
2859
2862
2866
2867
2869
2870
2872
2873
2875
2877
2879
2880
2882
2883
2886
2888
2889
2890
2891
2892
2895
2900
2902
2903
2904
2905
2907
2908
2909
2910
2911
2913
2915
2916
2918
2923
2925
2926
2927
2930
2931
2933
2934
2935
2936
2939
2943
2945
2947
2948
2949
2950
2955
2956
2957
2959
2960
2963
2964
2966
2968
2969
2970
2971
2974
2977
2981
2982
2985
2989
2995
2999
3000
3001
3003
3005
3006
3007
3008
3009
3010
3012
3013
3016
3017
3422
3918
3952
4048
4114
4126
5462
5720
9481
9482
9483
9484
9485
9486
9487
9489
9495
9496
9498
9943
10680
13871
14349
16281
16285
16290
19756