105
133
154
192
260
269
298
313
406
511
655
693
700
703
715
725
743
753
756
764
776
780
784
790
807
822
824
844
857
862
875
883
885
892
911
913
915
928
940
956
957
961
974
993
1018
1091
1114
1149
1153
1170
1172
1183
1189
1194
1229
1302
1363
1381
1424
1476
1495
1496
1500
1502
1503
1520
1563
1597
1637
1660
1787
1788
1806
1811
1813
1815
1816
1819
1822
1828
1831
1833
1861
1871
1872
1881
1882
1884
1888
1899
1900
1927
1931
1932
1934
1953
1956
1964
1968
1978
2012
2067
2110
2215
2217
2218
2220
2225
2227
2228
2229
2230
2231
2232
2233
2234
2235
2236
2238
2240
2242
2243
2244
2245
2246
2247
2255
2272
2349
2484
2491
2492
2498
2532
2553
2569
2583
2623
2629
2645
2682
2689
2719
2780
2811
2813
2843
2848
2852
2857
2894
2943
2948
2968
2971
2982
3184
3226
3290
3292
3320
3352
3368
3391
3424
3455
3524
3609
3613
3884
3912
3928
3962
4116
4249
4251
4318
4322
4324
4329
4338
4340
4341
4353
4386
4534
4535
4536
4582
4616
4818
4821
4822
4926
4931
4939
5009
5088
5144
5170
5188
5190
5198
5265
5266
5272
5273
5289
5311
5366
5370
5462
5465
5534
5536
5539
5540
5542
5546
5554
5561
5563
5597
5673
5674
5719
5732
5739
5801
5965
6154
6196
6282
6303
6410
6415
6584
6586
6591
6613
6852
6872
6922
6965
7045
7069
7085
7131
7265
7318
7320
7452
7466
7467
7544
7569
7593
7610
7611
7612
7613
7678
7738
7759
7760
7918
7923
7969
7970
7971
7976
7978
8036
8256
8347
8352
8354
8362
8373
8393
8412
8427
8436
8465
8467
8520
8540
8541
8552
8561
8579
8669
8781
8788
8792
8830
8841
8843
8844
8854
8881
8952
8973
8978
9005
9048
9057
9086
9178
9189
9204
9248
9261
9265
9266
9270
9271
9275
9276
9278
9279
9281
9322
9330
9497
9577
9579
9692
9727
9730
9802
9893
9939
9974
9975
9976
9978
10078
10091
10096
10124
10141
10478
10537
10853
10854
10857
10859
10861
10956
10967
10976
10978
10990
11005
11007
11008
11009
11010
11018
11047
11189
11195
11196
11209
11212
11214
11236
11257
11264
11288
11317
11321
11327
11328
11337
11340
11383
11414
11416
11419
11422
11441
11445
11450
11458
11469
11470
11478
11487
11491
11525
11529
11530
11542
11546
11550
11552
11556
11558
11559
11564
11565
11573
11575
11576
11577
11578
11581
11582
11599
11600
11602
11603
11604
11607
11635
11694
11739
11749
11772
11773
11774
11775
11836
11837
11840
11848
11854
11913
11915
11925
12021
12189
12241
12252
12293
12356
12362
12370
12377
12385
12389
12421
12435
12448
12449
12498
12503
12510
12523
12548
12557
12614
12619
12620
12628
12629
12632
12651
12684
12693
12709
12717
12739
12789
12810
12812
12835
12874
12884
12914
12921
12930
12934
12965
12970
13078
13094
13109
13163
13176
13331
13363
13434
13467
13505
13576
13582
13609
13634
13643
13809
14130
14233
14248
14265
14274
14284
14289
14310
14312
14337
14358
14362
14437
14440
14443
14472
14482
14596
14611
14622
14701
14703
14705
14706
14707
14772
14797
14854
14869
14870
14872
14875
14877
14881
14935
14936
15027
15036
15038
15109
15119
15120
15165
15208
15325
15336
15356
15357
15359
15361
15421
15500
15504
15526
15528
15529
15531
15536
15573
15608
15623
15624
15625
15626
15628
15629
15630
15631
15632
15633
15657
15668
15723
15744
15768
15825
15827
15832
15834
15835
15941
15990
16037
16054
16055
16159
16259
16260
16264
16266
16271
16273
16274
16276
16294
16297
16300
16312
16774
16775
16778
16779
16781
16782
16783
16784
16785
16786
16787
16788
16789
16790
16792
16793
16794
16795
16796
16797
16798
16799
16800
16802
16803
16805
16806
16807
16812
16813
16815
16816
16817
16818
16819
16821
16822
16823
16824
16828
16829
16830
16831
16832
16833
16835
16836
16854
16861
16904
16920
16939
16948
16982
17000
17023
17029
17032
17077
17085
17090
17103
17105
17130
17165
17187
17191
17198
17200
17239
17246
17254
17265
17272
17309
17310
17312
17323
17331
17339
17340
17358
17360
17361
17380
17387
17391
17414
17440
17444
17451
17471
17476
17543
17558
17561
17565
17568
17571
17586
17592
17601
17620
17622
17625
17633
17664
17666
17689
17707
17714
17728
17737
17742
17743
17772
17780
17826
17846
17848
17857
17875
17876
17880
17885
17899
17910
17917
17932
17937
17963
17971
17973
17985
18012
18015
18024
18040
18061
18062
18088
18095
18125
18135
18144
18159
18164
18165
18171
18179
18190
18193
18213
18220
18239
18241
18243
18297
18300
18305
18308
18312
18330
18361
18392
18414
18425
18438
18452
18463
18488
18506
18512
18563
18566
18578
18588
18590
18616
18620
18964
18971
19024
19038
19044
19106
19161
19274
19291
19340
19503
19738
19759
19763
19767
19773
19806
19811
19931
19937
19948
19949
19968
19972
19974
19977
19979
19991
20012
20120
20169
20195