105
195
196
198
202
210
215
217
220
221
223
224
226
230
231
232
233
235
239
242
243
245
247
248
250
255
259
262
263
266
270
272
273
275
276
277
278
280
285
287
288
293
294
296
298
300
301
303
306
307
308
309
312
313
314
317
319
322
323
324
325
328
330
333
334
337
339
341
342
343
347
350
351
353
354
358
362
364
365
367
368
369
370
371
374
375
376
377
381
385
386
387
388
389
392
393
394
397
398
400
401
402
403
404
410
412
419
421
422
423
424
425
426
432
435
436
438
440
442
443
447
448
449
450
451
452
457
458
459
460
461
462
463
464
466
470
471
474
475
478
479
482
485
486
493
495
496
497
498
499
502
504
506
510
514
515
516
518
519
521
523
524
528
529
531
532
534
536
539
543
617
646
650
651
652
654
655
656
659
660
662
663
664
667
668
670
672
673
674
675
676
677
678
679
681
683
684
685
686
687
688
689
690
691
692
695
698
701
702
703
704
705
706
707
709
711
712
713
714
715
716
719
720
721
722
723
724
725
726
728
729
730
731
732
733
736
737
738
740
742
743
744
747
748
749
750
751
752
755
756
757
758
759
760
761
762
763
764
765
766
767
768
769
770
771
772
773
775
776
777
778
779
780
781
783
784
785
787
788
789
790
792
793
794
796
797
798
799
800
801
802
803
804
807
808
809
810
811
812
813
814
815
817
819
820
821
822
825
826
827
828
829
830
831
832
833
834
835
836
837
839
840
841
842
844
845
846
847
848
849
850
852
853
854
855
856
857
858
859
861
862
863
864
867
868
869
871
872
873
874
876
877
878
879
880
881
882
884
885
886
887
888
890
891
892
893
894
895
897
898
899
900
901
903
904
905
906
907
909
910
911
912
913
914
915
916
917
918
920
922
924
925
926
927
1054
1055
1060
1065
1206
1207
1208
1209
1213
1221
1224
1773
1775
1779
1812
1819
1828
1891
1896
1904
1914
1925
1929
1944
1945
1950
1965
2221
2236
2239
2241
2249
2483
2494
2568
3063
3203
3204
3212
3221
3222
3228
3229
3233
3235
3237
3239
3240
3242
3244
3245
3246
3249
3252
3253
3254
3261
3262
3264
3266
3267
3269
3270
3271
3275
3278
3279
3283
3285
3286
3288
3295
3298
3304
3305
3309
3310
3313
3317
3318
3320
3322
3326
3327
3328
3329
3330
3331
3332
3333
3334
3336
3342
3343
3347
3348
3350
3352
3354
3356
3358
3360
3363
3369
3371
3375
3377
3379
3382
3384
3385
3386
3388
3389
3395
3396
3400
3405
3407
3412
3416
3423
3428
3430
3433
3437
3439
3440
3443
3444
3449
3450
3455
3458
3463
3471
3475
3476
3479
3480
3481
3486
3492
3499
3502
3503
3507
3509
3511
3515
3517
3518
3522
3531
3535
3536
3537
3538
3539
3541
3543
3546
3551
3556
3557
3558
3560
3561
3567
3569
3573
3575
3576
3578
3579
3580
3581
3582
3583
3584
3585
3586
3590
3597
3600
3602
3603
3604
3605
3606
3608
3612
3614
3615
3618
3624
3627
3628
3630
3634
3636
3637
3638
3640
3641
3643
3644
3645
3648
3651
3656
3658
3660
3661
3663
3664
3665
3667
3668
3670
3671
3674
3675
3677
3679
3681
3684
3691
3694
3696
3697
3699
3700
3706
3713
3716
3717
3718
3719
3727
3730
3731
3734
3735
3737
3742
3746
3752
3754
3759
3760
3761
3762
3764
3766
3769
3771
3772
3773
3776
3779
3782
3784
3786
3789
3790
3791
3794
3799
3800
3801
3803
3805
3807
3808
3809
3811
3812
3816
3817
3819
3825
3826
3828
3831
3834
3838
3840
3841
3844
3846
3849
3851
3852
3853
3855
3857
3858
3861
3863
3864
3872
3875
3879
3882
3884
3885
3888
3893
3894
3899
3900
3901
3905
3908
3916
3917
3920
3922
3925
3929
3932
3933
3936
3938
3939
3940
3942
3943
3944
3945
3946
3952
3954
3959
3962
3963
3964
3965
3977
3983
3985
3989
3991
3992
3994
3995
3996
3997
3998
3999
4000
4006
4008
4011
4013
4019
4021
4023
4026
4031
4035
4036
4040
4044
4046
4051
4054
4058
4061
4062
4063
4064
4073
4075
4076
4086
4089
4095
4099
4100
4105
4108
4109
4113
4119
4121
4123
4128
4131
4132
4138
4139
4151
4152
4154
4156
4157
4161
4162
4163
4167
4169
4177
4178
4179
4181
4183
4184
4185
4186
4189
4191
4193
4204
4207
4214
4216
4220
4222
4223
4228
4229
4268
4276
4432
4433
4439
4445
4446
4448
4450
4452
4453
4454
4457
4844
4924
5467
5468
5472
5473
5475
5477
5479
5483
5485
5487
5489
5491
5493
5495
5498
5502
5503
5505
5508
5510
5511
5513
5514
5515
5516
5519
5520
5523
5525
5526
5527
5530
5531
5708
5712
5735
5747
5753
5756
5766
5770
5773
5937
6140
6744
6756
6780
6782
6787
6792
6793
6794
6803
6804
6807
6808
6809
6830
6848
6859
6866
6883
6902
6914
6920
6938
6958
6960
6968
6988
6999
7022
7033
7042
7050
7056
7091
7092
7104
7110
7122
7144
7147
7155
7163
7211
7218
7226
7244
7246
7358
7360
7365
7372
7394
7397
7398
7402
7403
7412
7955
8026
8308
8314
8334
8338
8343
8344
8349
8351
8352
8364
8365
8384
8393
8397
8400
8403
8410
8423
8424
8428
8642
8850
9313
9333
9377
9401
9417
9422
9428
9538
9539
9549
9550
9557
9565
9581
9585
9590
9592
9593
9594
9595
9596
9597
9601
9602
9611
9614
9618
9619
9636
9640
9641
9659
9666
9675
9677
9731
9735
9736
10143
10188
10377
10382
10383
10429
10447
10500
10504
10514
10543
10612
10660
10683
10750
10757
11065
11094
11095
11096
11099
11101
11104
11105
11106
11109
11112
11114
11115
11117
11118
11119
11120
11124
11126
11128
11129
11130
11131
11137
11138
11139
11142
11143
11146
11147
11150
11153
11154
11157
11160
11161
11162
11163
11164
11165
11166
11167
11168
11170
11171
11172
11174
11176
11177
11178
11179
11182
11185
11186
11187
11188
11189
11191
11193
11195
11197
11200
11201
11203
11204
11206
11207
11208
11210
11211
11212
11213
11216
11217
11219
11220
11221
11222
11223
11224
11227
11229
11230
11232
11234
11236
11237
11238
11239
11240
11241
11242
11243
11244
11245
11246
11248
11250
11254
11255
11256
11257
11262
11263
11264
11265
11266
11267
11268
11269
11270
11271
11273
11275
11276
11277
11278
11279
11280
11282
11283
11284
11287
11290
11291
11292
11293
11295
11296
11298
11299
11300
11304
11305
11306
11307
11308
11310
11311
11314
11315
11316
11318
11320
11321
11323
11324
11325
11327
11328
11329
11330
11331
11332
11333
11334
11335
11336
11337
11338
11339
11340
11341
11342
11343
11346
11347
11350
11352
11353
11355
11356
11359
11360
11362
11363
11364
11365
11366
11367
11370
11371
11372
11373
11375
11376
11377
11378
11381
11384
11385
11387
11389
11391
11392
11393
11394
11396
11397
11399
11400
11401
11402
11403
11404
11405
11406
11407
11409
11410
11413
11414
11416
11417
11418
11419
11421
11422
11426
11430
11431
11433
11434
11435
11438
11439
11441
11442
11443
11444
11446
11447
11448
11449
11450
11451
11452
11453
11454
11456
11457
11459
11460
11461
11462
11464
11467
11468
11469
11471
11472
11474
11475
11476
11477
11478
11480
11481
11482
11483
11486
11487
11490
11491
11492
11493
11494
11495
11496
11497
11498
11499
11500
11504
11505
11506
11507
11508
11509
11545
11546
11549
11551
11554
11556
11558
11565
11567
11568
11601
11663
12301
12359
12527
12586
12665
12716
12830
13037
13102
13114
13124
13137
13337
13362
13547
13590
13629
13657
13758
13844
13871
13872
13881
13892
13895
13896
13901
13904
13910
13919
13921
13925
14230
14236
14367
14641
14642
14645
14811
14936
15152
15155
15165
15167
15171
15176
15179
15180
15186
15187
15188
15194
15195
15196
15200
15201
15203
15204
15205
15206
15208
15210
15211
15213
15215
15216
15217
15218
15288
15399
15408
15409
15419
15495
15501
15509
15515
15520
15523
15524
15534
15543
15559
15561
15562
15565
15569
15577
15580
15724
15835
16240
16301
18975
19021
19085
19285
19500
19616
19634
19646
19650
19670
19671
19672
19675
19684
19688
19697
19699
19919
19924
19932
19933
19936
19938
19945
20001
20002
20003
20004
20006
20007
20008
20009
20010
20013
20016
20020
20021
20023
20024
20025
20026
20027
20031
20032
20033
20034
20035
20036
20038
20039
20040
20041
20145