1099
1119
1127
1141
1147
1149
1185
1313
1360
1362
1371
1373
1378
1456
1510
1653
1655
1666
1674
1676
1679
1680
1685
1686
1721
1774
1790
1838
1841
1975
1976
1980
1986
1992
1993
1995
2015
2043
2064
2150
2159
2199
2469
3071
3075
3162
3168
3170
3171
3177
3184
3186
3991
4232
4386
4388
4394
4398
4400
4402
4406
4407
4409
4410
4411
4412
4413
4414
4415
4683
4718
4767
4828
4894
5023
5025
5031
5033
5073
5201
5303
5389
5390
5545
5558
5777
5779
5784
5787
5788
5789
5791
5792
5793
5794
5796
5799
6208
6211
6215
6216
6403
6404
6405
6406
6407
6408
6409
6410
6411
6412
6414
6416
6417
6418
6419
6624
6631
6636
6641
6642
6666
6667
6668
7032
7477
7492
7495
7496
7663
7664
7665
7666
7667
7668
7669
7670
7671
7714
7722
7723
7728
7875
7950
7957
8001
8002
8010
8028
8291
8584
8585
8593
8904
8910
8911
8912
9339
9385
9494
9770
9799
9809
9995
10028
10031
10108
10118
10119
10124
10129
10130
10131
10132
10133
10135
10136
10141
10407
10893
10911
10971
10974
10976
10979
11080
11127
11532
11552
11605
11624
11662
11673
11674
11675
11677
11678
11679
11680
11681
11683
11688
11691
11693
12213
12271
12312
12390
12509
12525
12535
12598
12608
12632
12762
12867
12873
12911
12972
13006
13039
13059
13069
13097
13113
13192
13286
13305
13326
13371
13390
13446
13452
13503
13530
13535
13552
13561
13620
13628
13691
13692
13700
13702
13795
13820
13829
14100
14173
14224
14258
14263
14264
14439
14593
14634
14741
14755
14772
14773
14774
14775
14781
14907
14953
14995
14998
15005
15027
15063
15064
15075
15301
15384
15429
15437
15438
15452
15455
15456
15458
15461
15462
15466
15621
15625
15631
15773
15926
16015
16129
16146
16147
16185
16205
16208
16209
16212
16214
16216
16219
16221
16222
16229
16233
16238
16243
16259
16264
16266
16268
16270
16272
16277
16410
16523
16591
16725
16744
16863
16940
16965
17047
17057
17066
17110
17164
17209
17282
17319
17373
17457
17570
17609
17615
17622
17646
17669
17725
17726
17761
17789
17836
17871
17880
17920
18081
18219
18306
18344
18394
18412
18422
18467
18474
18490
18493
18534
18593
18674
18695
18762
18781
18803
18816
18977
18982
18984
18986
18989
18990
18991
18994
18996
18998
18999
19000
19001
19061
19089
19116
19137
19183
19184
19186
19189
19193
19209
19214
19278
19293
19295
19296
19298
19332
19343
19533
19534
19536
19543
19547
20066
20080
20081
20082
20083
20085
20086
20087
20088
20106