6
19
24
38
39
42
46
47
52
54
57
58
71
83
86
99
102
105
109
114
130
131
137
141
146
149
152
167
183
184
187
195
203
227
232
239
241
244
272
295
296
297
299
300
320
330
331
341
342
343
348
354
365
368
370
393
395
411
416
418
432
435
447
454
469
485
498
515
517
519
524
532
533
538
539
542
551
564
565
596
599
600
607
623
626
629
640
641
648
665
674
676
681
683
688
692
694
697
713
722
723
725
729
742
779
784
786
787
788
795
803
817
819
831
837
838
839
843
850
853
855
858
866
876
880
886
912
915
923
930
932
935
943
950
958
1022
1030
1048
1211
1229
1259
1304
1333
1495
1548
1549
1551
1554
1555
1557
1558
1563
1564
1565
1566
1567
1569
1608
1625
1664
1683
1716
1719
1721
1738
1748
1750
1773
1775
1776
1780
1781
1788
1789
1791
1793
1797
1800
1801
1805
1807
1811
1822
1833
1838
1839
1840
1841
1842
1843
1846
1883
1885
1890
1916
1917
1925
1951
1952
1966
2019
2020
2023
2024
2028
2061
2064
2065
2118
2133
2137
2155
2161
2163
2164
2189
2191
2193
2199
2248
2250
2251
2252
2253
2254
2255
2257
2258
2261
2289
2310
2326
2373
2374
2391
2406
2408
2424
2462
2473
2478
2486
2500
2537
2546
2547
2556
2567
2577
2581
2588
2597
2633
2638
2641
2650
2665
2670
2671
2677
2681
2696
2697
2700
2701
2705
2715
2716
2722
2728
2732
2740
2744
2753
2756
2759
2760
2778
2779
2785
2787
2788
2790
2807
2815
2817
2819
2828
2830
2837
2846
2854
2855
2856
2868
2873
2897
2900
2901
2902
2903
2906
2908
2911
2924
2930
2937
2943
2946
2954
2968
2969
2973
2976
2984
2986
2987
2988
2993
2998
2999
3005
3006
3016
3057
3059
3060
3064
3065
3069
3075
3158
3162
3189
3203
3216
3217
3234
3237
3251
3276
3280
3287
3288
3310
3330
3343
3354
3356
3369
3371
3386
3393
3396
3400
3406
3415
3442
3457
3491
3494
3510
3522
3529
3536
3545
3597
3603
3619
3631
3632
3633
3644
3655
3663
3664
3665
3671
3699
3716
3718
3727
3733
3734
3736
3745
3746
3755
3759
3761
3762
3763
3771
3793
3795
3798
3808
3818
3829
3838
3844
3865
3872
3900
3905
3946
3947
3959
3962
3966
3976
3977
3979
3994
3997
4013
4036
4065
4104
4125
4129
4134
4148
4161
4176
4178
4181
4202
4207
4216
4220
4243
4282
4288
4289
4292
4367
4372
4374
4375
4381
4384
4390
4394
4415
4432
4445
4473
4505
4506
4519
4523
4530
4626
4634
4770
4797
4811
4948
4951
4953
4993
5023
5025
5026
5027
5030
5031
5032
5033
5041
5102
5105
5108
5116
5396
5398
5399
5401
5402
5404
5423
5424
5426
5445
5463
5466
5468
5479
5480
5487
5492
5496
5499
5500
5507
5508
5511
5514
5516
5524
5529
5573
5607
5610
5618
5620
5624
5627
5633
5642
5648
5653
5667
5671
5705
5708
5709
5711
5713
5714
5716
5717
5719
5720
5721
5723
5724
5726
5729
5731
5735
5736
5742
5747
5749
5750
5753
5754
5755
5756
5758
5761
5766
5769
5773
5780
5789
5790
5798
5802
5905
5928
5934
5978
6000
6011
6022
6075
6098
6107
6124
6126
6129
6155
6167
6175
6209
6210
6212
6213
6214
6215
6221
6224
6278
6287
6295
6339
6350
6409
6415
6416
6520
6532
6546
6551
6557
6605
6609
6612
6613
6616
6617
6621
6623
6625
6630
6633
6637
6640
6642
6646
6665
6722
6737
6756
6809
6810
6838
6922
6928
6931
6986
6999
7022
7032
7033
7066
7071
7074
7075
7097
7122
7168
7180
7188
7193
7207
7227
7229
7327
7363
7373
7378
7379
7385
7387
7388
7394
7395
7396
7397
7401
7407
7411
7412
7437
7446
7447
7490
7491
7492
7494
7550
7671
7672
7715
7730
7758
7882
7891
7894
7924
7954
7960
7961
7962
8000
8002
8003
8267
8283
8300
8307
8332
8355
8371
8375
8377
8393
8415
8416
8418
8419
8421
8439
8440
8448
8449
8450
8457
8458
8460
8462
8463
8464
8465
8466
8472
8478
8483
8486
8487
8490
8491
8494
8495
8496
8580
8582
8584
8585
8586
8587
8604
8639
8641
8642
8643
8644
8668
8713
8714
8715
8717
8718
8720
8796
8801
8890
8897
8902
8903
8905
8911
8914
8941
8969
9316
9319
9331
9332
9334
9336
9340
9343
9347
9349
9350
9351
9352
9354
9355
9356
9358
9359
9360
9361
9364
9365
9368
9370
9371
9372
9373
9375
9376
9377
9378
9380
9382
9386
9390
9393
9395
9396
9397
9401
9403
9404
9406
9407
9419
9532
9597
9632
9647
9711
9713
9721
9760
9762
9840
9943
10027
10056
10085
10105
10107
10112
10113
10116
10117
10118
10120
10122
10123
10126
10130
10131
10132
10136
10139
10140
10155
10178
10185
10188
10202
10207
10211
10215
10218
10221
10225
10251
10254
10259
10262
10270
10279
10286
10304
10306
10319
10355
10367
10377
10400
10414
10418
10432
10436
10441
10447
10448
10451
10452
10456
10457
10469
10471
10477
10484
10495
10500
10512
10543
10544
10547
10575
10597
10611
10634
10644
10646
10661
10667
10669
10678
10721
10725
10728
10740
10755
10756
10794
10884
10887
10911
11065
11075
11078
11079
11093
11094
11095
11097
11100
11120
11126
11141
11142
11147
11150
11162
11172
11184
11187
11191
11194
11201
11206
11211
11219
11220
11232
11237
11238
11241
11243
11251
11255
11258
11260
11264
11271
11280
11286
11291
11292
11297
11305
11309
11316
11317
11320
11321
11323
11324
11330
11336
11338
11353
11354
11360
11364
11365
11376
11378
11381
11382
11390
11406
11408
11410
11414
11420
11422
11426
11432
11433
11435
11452
11459
11462
11466
11467
11473
11480
11482
11487
11491
11494
11495
11497
11501
11504
11541
11544
11552
11661
11663
11664
11665
11666
11667
11668
11669
11674
11683
11687
11690
11696
11724
11746
11750
11774
11776
11810
12270
12275
12276
12282
12341
12387
12474
12503
12543
12544
12593
12681
12698
12739
12770
12826
12868
12901
12975
13004
13038
13039
13069
13098
13135
13141
13147
13154
13167
13171
13181
13193
13221
13250
13303
13323
13343
13347
13356
13398
13403
13404
13405
13415
13424
13466
13485
13504
13541
13552
13559
13565
13582
13629
13641
13644
13682
13683
13686
13702
13705
13719
13758
13772
13826
13827
13829
13831
13835
13866
13867
13868
13869
13871
13876
13877
13878
13881
13891
13894
13896
13903
13906
13910
13911
13922
13925
14004
14011
14012
14014
14015
14017
14019
14020
14027
14028
14032
14042
14046
14048
14049
14054
14055
14063
14064
14070
14071
14072
14077
14079
14080
14081
14082
14086
14087
14089
14090
14095
14096
14108
14109
14137
14258
14259
14298
14306
14334
14339
14340
14371
14396
14562
14570
14571
14572
14574
14584
14586
14610
14611
14660
14670
14768
14769
14770
14775
14814
14879
14885
14940
14941
14966
14967
14968
14969
14970
14971
14972
14973
14974
14975
14976
14978
14979
14980
14981
14982
14984
14985
14986
14987
14988
14989
14990
14991
14992
14993
14994
15005
15043
15124
15152
15187
15200
15203
15205
15216
15218
15300
15301
15302
15303
15304
15328
15381
15387
15388
15389
15390
15391
15392
15393
15394
15395
15399
15400
15403
15404
15406
15407
15410
15415
15418
15468
15513
15516
15564
15576
15600
15656
15712
15721
15725
15750
15766
15767
15769
15777
15781
15815
15816
15942
16098
16145
16164
16166
16179
16182
16183
16196
16197
16198
16199
16200
16210
16211
16214
16215
16218
16223
16227
16232
16234
16235
16236
16237
16239
16243
16301
16679
16685
16725
16850
16851
16852
16853
16854
16861
16882
16945
16948
17004
17006
17037
17116
17136
17147
17159
17171
17175
17202
17204
17209
17223
17245
17246
17261
17266
17305
17325
17390
17444
17509
17519
17530
17600
17712
17718
17736
17802
17812
17852
17977
17990
18092
18098
18175
18195
18209
18253
18264
18287
18290
18361
18362
18363
18394
18400
18425
18450
18458
18460
18489
18529
18545
18577
18579
18587
18620
18639
18644
18651
18704
18880
18976
18977
18978
18979
18981
18985
18987
18988
18989
18992
18995
18997
18998
18999
19001
19080
19090
19098
19153
19161
19164
19165
19168
19172
19209
19210
19279
19281
19282
19284
19286
19287
19289
19290
19291
19293
19294
19295
19296
19297
19298
19304
19415
19481
19488
19507
19511
19516
19543
19605
19618
19673
19674
19678
19682
19684
19702
19707
19708
19710
19713
19714
19716
19719
19721
19722
19723
19726
19727
19728
19729
19730
19731
19732
19734
19735
19736
19738
19739
19740
19741
19746
19749
19753
19897
19919
19924
19930
19936
19937
19941
20018
20022
20063
20064
20071
20075
20076
20077
20097
20098
20099
20100
20104
20105
20106
20108
20109
20110
20134
20169