0
1
58
137
374
397
477
510
561
583
599
603
655
673
715
725
735
754
756
764
778
794
797
845
864
894
926
946
958
985
1091
1092
1093
1095
1103
1104
1106
1107
1109
1111
1112
1114
1118
1126
1129
1132
1138
1142
1147
1156
1164
1166
1168
1177
1178
1179
1183
1185
1187
1188
1191
1192
1193
1194
1198
1199
1321
1342
1395
1472
1480
1490
1498
1523
1525
1527
1566
1597
1632
1637
1644
1647
1653
1673
1680
1689
1720
1774
1780
1794
1798
1802
1806
1808
1814
1816
1817
1818
1825
1827
1830
1833
1834
1836
1840
1845
1866
1867
1869
1871
1872
1878
1879
1880
1881
1908
1913
1956
1968
1975
1991
2022
2041
2058
2119
2120
2121
2123
2124
2126
2132
2134
2136
2137
2180
2201
2218
2226
2229
2231
2232
2245
2268
2275
2278
2282
2284
2287
2304
2326
2336
2340
2348
2349
2361
2367
2374
2382
2386
2394
2398
2407
2412
2413
2478
2480
2481
2482
2488
2489
2492
2494
2495
2496
2497
2498
2500
2501
2530
2531
2532
2576
2760
2835
2946
3158
3178
3180
3184
3198
3225
3346
3522
3618
3672
4126
4162
4240
4242
4296
4299
4365
4383
4388
4391
4396
4398
4408
4410
4411
4484
4490
4613
4835
4892
4896
4911
4937
4950
4958
4999
5024
5031
5098
5131
5157
5159
5162
5164
5165
5167
5169
5170
5172
5174
5176
5184
5188
5189
5202
5283
5290
5292
5299
5300
5320
5341
5402
5423
5450
5537
5539
5540
5550
5554
5556
5559
5561
5563
5603
5620
5628
5663
5676
5681
5685
5686
5689
5778
5931
5934
5941
5963
5969
5973
6001
6064
6087
6153
6176
6195
6208
6261
6270
6273
6303
6304
6305
6326
6329
6344
6353
6578
6639
6666
6667
6668
6669
6670
6671
6672
6673
6674
6799
6813
6839
6863
6866
6873
6896
6915
6919
6924
6927
6943
6961
6972
7000
7054
7098
7116
7139
7148
7166
7170
7268
7270
7455
7459
7475
7508
7558
7608
7610
7615
7714
7717
7725
7729
7756
7891
7893
7906
7909
7915
7919
7954
7967
8004
8027
8028
8029
8030
8031
8036
8276
8298
8341
8371
8407
8414
8419
8454
8457
8464
8489
8519
8521
8541
8555
8567
8570
8577
8599
8641
8708
8710
8711
8718
8768
8769
8781
8811
8815
8835
8999
9330
9341
9350
9411
9426
9428
9502
9513
9582
9686
9698
9715
9877
9929
9939
9947
9966
10023
10103
10204
10221
10249
10330
10372
10383
10385
10399
10401
10433
10499
10520
10557
10664
10678
10752
10761
10770
10773
10775
10853
10856
10857
10861
10886
10904
10911
10953
10986
10997
11186
11222
11233
11234
11235
11276
11286
11288
11297
11300
11365
11366
11410
11421
11429
11441
11464
11471
11473
11474
11478
11480
11495
11519
11520
11521
11526
11529
11534
11535
11539
11540
11541
11542
11544
11547
11550
11551
11552
11553
11554
11557
11558
11559
11561
11564
11569
11571
11572
11573
11576
11577
11642
11662
11663
11685
11738
11767
11771
11772
11775
11848
11863
11910
11913
11917
12187
12212
12213
12223
12226
12234
12237
12241
12350
12370
12381
12384
12389
12394
12417
12481
12514
12564
12574
12590
12595
12601
12620
12652
12702
12704
12739
12762
12800
12804
12815
12863
12865
12867
12868
12886
12891
12907
12927
12933
12942
12957
12992
13005
13038
13053
13065
13069
13094
13097
13163
13186
13229
13352
13360
13363
13405
13438
13480
13484
13535
13571
13580
13582
13628
13638
13640
13663
13679
13693
13719
13743
13765
13805
13809
13810
13839
13840
13842
13863
13999
14097
14108
14133
14135
14204
14210
14213
14214
14225
14249
14250
14253
14255
14259
14274
14288
14336
14384
14409
14440
14445
14489
14516
14539
14586
14650
14772
14782
14783
14784
14839
14842
14873
14874
14887
14940
14965
15003
15004
15010
15028
15081
15082
15083
15084
15085
15086
15087
15089
15090
15091
15092
15093
15094
15095
15097
15099
15100
15101
15121
15173
15180
15208
15402
15457
15475
15509
15513
15562
15565
15590
15608
15609
15611
15707
15708
15711
15714
15716
15727
15730
15735
15741
15745
15760
15779
15793
15809
15811
15813
15977
15990
16030
16032
16037
16174
16260
16263
16265
16268
16269
16271
16272
16273
16274
16275
16296
16594
16706
16710
16717
16774
16780
16783
16789
16794
16804
16817
16822
16835
16840
16933
16971
16981
17108
17195
17197
17281
17307
17323
17352
17430
17565
17571
17669
17670
17702
17728
17729
17755
17875
17952
17958
17962
18012
18015
18048
18049
18095
18129
18287
18398
18504
18541
18578
18620
18633
18767
18951
18962
18964
18965
18977
18982
18989
19000
19017
19018
19028
19030
19038
19053
19056
19069
19082
19088
19114
19115
19177
19181
19186
19191
19197
19209
19283
19293
19296
19331
19339
19341
19501
19502
19503
19533
19535
19621
19631
19668
19691
19695
19701
19703
19713
19733
19737
19752
19806
19914
19931
19933
19937
20012
20055
20060
20066
20073
20120