0
1
180
185
570
574
581
595
941
948
957
961
965
971
977
993
998
999
1000
1003
1004
1006
1007
1008
1010
1011
1013
1018
1019
1020
1022
1034
1035
1043
1045
1052
1066
1083
1085
1086
1089
1093
1094
1095
1097
1099
1102
1103
1104
1107
1108
1109
1113
1115
1118
1119
1123
1124
1127
1128
1130
1131
1132
1133
1134
1138
1139
1140
1141
1144
1145
1146
1147
1150
1153
1154
1155
1156
1160
1161
1166
1169
1171
1172
1174
1175
1176
1177
1183
1184
1185
1187
1188
1189
1190
1191
1193
1194
1195
1197
1201
1204
1205
1235
1236
1237
1239
1244
1246
1259
1266
1273
1284
1287
1292
1300
1304
1346
1350
1357
1361
1363
1377
1379
1380
1381
1382
1383
1388
1389
1390
1403
1407
1424
1426
1430
1431
1432
1436
1437
1438
1442
1444
1450
1463
1510
1513
1516
1518
1521
1522
1523
1524
1526
1534
1555
1558
1571
1596
1598
1599
1607
1664
1670
1677
1850
1879
1939
1971
1979
1984
1986
1993
1996
2001
2006
2012
2023
2030
2031
2032
2033
2034
2035
2036
2041
2050
2053
2054
2055
2056
2058
2117
2119
2120
2122
2123
2124
2127
2130
2131
2132
2135
2138
2142
2162
2169
2171
2173
2191
2192
2194
2199
2287
2308
2309
2310
2311
2313
2314
2365
2368
2373
2374
2393
2394
2408
2428
2447
2510
2521
2841
2978
3019
3030
3062
3065
3171
3174
3875
4039
4262
4264
4284
4287
4302
4303
4304
4306
4343
4381
4398
4408
4409
4413
4415
4422
4483
4514
4518
4522
4529
4542
4559
4571
4584
4586
4587
4594
4601
4603
4615
4622
4633
4646
4651
4655
4657
4660
4667
4668
4671
4672
4677
4683
4691
4696
4706
4718
4721
4742
4750
4766
4768
4772
4776
4780
4794
4797
4805
4811
4814
4815
4827
4849
4850
4853
4856
4873
4877
4883
4886
4890
4891
4892
4894
4895
4896
4897
4900
4934
4937
4944
4982
4985
4987
4989
4993
4998
5005
5007
5024
5033
5039
5041
5056
5057
5059
5061
5100
5159
5161
5182
5183
5204
5206
5208
5214
5261
5267
5273
5318
5353
5378
5397
5413
5414
5415
5534
5564
5663
5665
5666
5788
5790
5791
5795
5885
5894
5908
5920
5935
5940
5941
5947
5954
5961
5969
5977
6091
6095
6099
6170
6207
6209
6211
6217
6218
6220
6221
6222
6223
6226
6227
6250
6256
6258
6259
6265
6267
6274
6276
6278
6281
6286
6287
6289
6293
6294
6303
6310
6313
6314
6315
6323
6331
6336
6337
6340
6344
6346
6351
6352
6358
6360
6372
6382
6389
6394
6395
6410
6415
6442
6516
6517
6522
6523
6524
6527
6562
6607
6629
6631
6639
6640
6663
6665
6672
6674
6716
6719
6725
6726
6728
6734
6735
6826
6839
7224
7291
7303
7314
7327
7418
7421
7425
7430
7479
7485
7490
7491
7496
7531
7532
7534
7538
7539
7550
7552
7559
7564
7565
7573
7592
7596
7623
7625
7630
7631
7633
7635
7669
7674
7696
7714
7718
7721
7723
7724
7725
7727
7730
7732
7733
7750
7772
7853
7873
7875
7906
7907
7909
7921
7937
7977
7988
7993
7998
8001
8012
8014
8027
8028
8029
8031
8032
8033
8034
8036
8210
8211
8221
8223
8225
8237
8260
8278
8279
8280
8281
8282
8283
8284
8286
8298
8332
8333
8336
8346
8356
8361
8362
8368
8379
8404
8416
8428
8437
8452
8486
8516
8517
8519
8520
8530
8531
8532
8533
8534
8536
8548
8550
8558
8568
8585
8587
8589
8592
8595
8619
8643
8684
8718
8767
8768
8769
8804
8845
8878
8882
8890
8894
8902
8905
8937
8943
8955
8956
8973
8976
8982
8984
8986
8987
8989
8990
8991
8992
8993
8994
8997
8998
8999
9000
9002
9003
9004
9005
9007
9010
9011
9014
9018
9019
9022
9023
9024
9025
9026
9027
9029
9030
9033
9036
9038
9039
9040
9041
9045
9046
9047
9049
9053
9054
9056
9058
9059
9063
9064
9065
9066
9067
9068
9069
9070
9072
9073
9074
9075
9076
9080
9081
9083
9086
9087
9088
9089
9091
9092
9094
9095
9097
9098
9099
9100
9102
9105
9106
9108
9109
9112
9114
9117
9121
9123
9124
9129
9130
9132
9133
9134
9135
9136
9137
9138
9140
9142
9144
9145
9147
9149
9150
9153
9154
9156
9157
9162
9163
9165
9166
9167
9168
9169
9171
9172
9174
9175
9176
9178
9180
9182
9186
9187
9189
9192
9194
9195
9197
9198
9199
9200
9202
9203
9204
9205
9206
9207
9208
9209
9210
9211
9213
9214
9219
9221
9222
9223
9226
9230
9231
9232
9235
9243
9244
9248
9249
9250
9251
9255
9256
9257
9259
9260
9261
9262
9263
9264
9265
9266
9267
9270
9271
9273
9274
9275
9276
9277
9278
9279
9280
9281
9412
9440
9442
9460
9474
9501
9506
9607
9652
9674
9679
9699
9701
9706
9718
9721
9744
9763
9800
9834
9851
9854
9859
9862
9864
9871
9890
9891
9892
9924
9949
9955
9962
9981
9983
9990
10029
10044
10046
10074
10101
10132
10137
10138
10144
10178
10506
10526
10760
10766
10849
10852
10857
10859
10886
10887
10890
10898
10899
10900
10909
10917
10933
10964
10988
10989
10990
10991
10993
10995
11000
11018
11023
11051
11062
11076
11085
11088
11517
11526
11527
11537
11541
11542
11553
11564
11568
11577
11578
11581
11591
11596
11608
11613
11650
11662
11666
11675
11676
11678
11680
11693
11722
11784
11801
11809
11818
11822
11837
11853
11893
11915
11929
11933
11934
11942
12010
12041
12049
12053
12180
12187
12198
12204
12205
12206
12213
12219
12252
12253
12261
12295
12303
12305
12306
12309
12319
12328
12331
12333
12335
12339
12340
12343
12349
12355
12359
12360
12365
12366
12371
12372
12390
12391
12410
12411
12412
12414
12424
12426
12429
12434
12437
12440
12452
12466
12472
12482
12483
12485
12486
12498
12505
12507
12509
12515
12516
12529
12536
12538
12546
12549
12551
12553
12558
12560
12561
12564
12566
12567
12573
12589
12592
12593
12595
12598
12600
12601
12615
12620
12630
12632
12642
12648
12660
12664
12669
12675
12687
12688
12691
12699
12701
12708
12714
12715
12725
12728
12743
12746
12751
12754
12760
12772
12778
12785
12790
12792
12796
12799
12804
12806
12812
12816
12825
12831
12832
12839
12840
12841
12851
12855
12859
12864
12866
12872
12875
12876
12877
12880
12894
12897
12898
12903
12910
12911
12919
12930
12931
12936
12938
12945
12946
12947
12953
12954
12955
12971
12978
12980
12985
13017
13028
13033
13095
13098
13112
13180
13186
13191
13199
13208
13213
13303
13320
13332
13357
13368
13394
13404
13415
13421
13425
13427
13436
13444
13459
13461
13464
13471
13484
13496
13499
13525
13531
13556
13561
13563
13579
13591
13613
13614
13631
13634
13680
13684
13700
13719
13729
13739
13746
13790
13800
13830
13835
13838
13846
13852
13951
13960
13973
14026
14111
14118
14122
14123
14128
14158
14192
14203
14204
14206
14224
14270
14371
14387
14390
14401
14405
14406
14412
14413
14414
14515
14535
14593
14597
14599
14606
14619
14627
14630
14649
14650
14651
14652
14653
14654
14657
14691
14702
14734
14735
14747
14771
14772
14776
14804
14817
14819
14839
14840
14841
14860
14862
14863
14865
14866
14880
14939
14942
14955
14959
14990
15003
15013
15022
15024
15030
15037
15042
15048
15053
15059
15062
15082
15083
15084
15085
15087
15089
15090
15091
15092
15100
15105
15110
15118
15120
15121
15123
15124
15125
15126
15127
15129
15130
15132
15134
15136
15137
15138
15139
15145
15146
15218
15307
15325
15326
15327
15331
15355
15360
15364
15373
15377
15387
15395
15424
15426
15428
15433
15434
15437
15442
15458
15480
15483
15493
15550
15610
15611
15613
15614
15615
15616
15617
15618
15636
15649
15653
15684
15720
15722
15730
15736
15739
15743
15746
15773
15775
15782
15817
15818
15822
15824
15832
15833
15843
15844
15845
15848
15854
15910
15962
15963
15964
15965
15966
15967
15968
15969
15970
15971
15972
15973
15974
15976
15977
15978
15979
15980
15981
15982
15983
15984
15985
15986
15987
15989
15990
15991
15993
15994
15995
15996
15999
16002
16003
16004
16005
16007
16008
16009
16011
16012
16013
16040
16049
16206
16211
16247
16251
16259
16261
16263
16276
16304
16308
16309
16312
16320
16322
16342
16363
16378
16412
16425
16446
16522
16524
16527
16548
16572
16607
16618
16660
16662
16667
16669
16670
16728
16734
16753
16768
16857
16858
16859
16860
16861
16862
16865
16866
16867
16868
16869
16870
16871
16874
16875
16877
16879
16880
16883
16884
16885
16887
16889
16890
16892
16893
16894
16897
16900
16902
16903
16905
16906
16907
16908
16909
16910
16912
16914
16915
16916
16917
16918
16919
16920
16921
16924
16925
16926
16927
16928
16931
16932
16933
16935
16939
16940
16941
16942
16946
16947
16948
16950
16955
16958
16959
16960
16963
16964
16966
16967
16968
16970
16971
16973
16974
16979
16980
16982
16983
16984
16985
16986
16987
16988
16989
16990
16991
16992
16993
16994
16995
16996
16997
16998
17000
17002
17004
17007
17010
17011
17012
17013
17014
17015
17017
17019
17021
17022
17025
17026
17028
17029
17030
17032
17035
17036
17037
17038
17041
17043
17044
17045
17049
17050
17051
17054
17055
17057
17058
17060
17061
17063
17064
17065
17068
17069
17071
17072
17075
17076
17077
17082
17084
17085
17086
17087
17088
17089
17090
17091
17093
17094
17095
17096
17100
17102
17104
17105
17107
17108
17109
17114
17115
17116
17117
17118
17119
17120
17122
17123
17124
17125
17126
17128
17129
17133
17134
17135
17136
17137
17138
17139
17140
17141
17142
17143
17144
17146
17147
17148
17150
17151
17152
17153
17154
17155
17157
17159
17160
17161
17162
17163
17165
17166
17167
17168
17170
17172
17174
17175
17176
17177
17178
17180
17181
17183
17184
17186
17187
17189
17190
17191
17192
17193
17195
17201
17202
17203
17204
17207
17208
17209
17211
17212
17213
17214
17215
17217
17218
17220
17223
17224
17227
17228
17231
17232
17233
17234
17235
17236
17239
17240
17241
17243
17245
17246
17250
17253
17255
17256
17258
17261
17263
17264
17265
17266
17270
17271
17274
17275
17276
17277
17278
17280
17285
17289
17290
17291
17292
17293
17295
17299
17302
17303
17304
17309
17310
17313
17314
17318
17319
17320
17322
17323
17324
17325
17327
17328
17330
17331
17332
17334
17338
17339
17341
17343
17345
17346
17348
17349
17350
17351
17352
17354
17355
17356
17357
17358
17359
17360
17361
17362
17364
17365
17366
17368
17372
17373
17374
17379
17380
17381
17384
17386
17387
17388
17390
17391
17392
17394
17395
17397
17398
17399
17400
17402
17403
17404
17405
17407
17408
17409
17415
17416
17417
17418
17419
17423
17424
17427
17428
17429
17432
17433
17437
17438
17440
17442
17443
17444
17445
17447
17448
17449
17450
17451
17453
17455
17456
17460
17461
17462
17464
17465
17469
17470
17471
17473
17474
17475
17476
17477
17478
17479
17482
17483
17484
17486
17487
17490
17492
17493
17494
17495
17497
17498
17499
17502
17503
17506
17507
17508
17509
17510
17511
17512
17513
17514
17515
17516
17518
17519
17521
17522
17523
17524
17526
17528
17531
17532
17533
17534
17535
17536
17537
17538
17539
17541
17542
17547
17550
17551
17552
17553
17554
17555
17558
17559
17560
17561
17562
17563
17566
17567
17569
17572
17575
17579
17580
17582
17584
17585
17586
17587
17588
17589
17591
17592
17593
17595
17596
17597
17598
17600
17601
17602
17603
17605
17606
17607
17608
17609
17610
17611
17612
17614
17616
17617
17618
17621
17622
17623
17624
17626
17628
17629
17630
17631
17635
17636
17638
17640
17642
17644
17646
17647
17648
17649
17650
17651
17652
17655
17657
17661
17662
17663
17664
17666
17667
17668
17672
17673
17675
17676
17677
17678
17679
17680
17681
17682
17683
17684
17685
17686
17688
17689
17691
17693
17697
17698
17702
17704
17705
17708
17709
17713
17715
17716
17718
17720
17723
17724
17725
17727
17728
17729
17730
17731
17732
17733
17734
17735
17736
17737
17738
17740
17741
17742
17744
17746
17747
17748
17750
17751
17752
17756
17757
17759
17762
17763
17764
17766
17767
17768
17769
17770
17771
17772
17773
17774
17775
17779
17780
17781
17783
17788
17789
17790
17791
17792
17794
17795
17796
17797
17798
17799
17800
17801
17802
17805
17806
17809
17811
17812
17813
17814
17815
17817
17818
17819
17821
17822
17823
17824
17825
17826
17827
17828
17832
17833
17834
17836
17837
17838
17840
17841
17843
17844
17845
17847
17849
17850
17851
17852
17853
17855
17860
17862
17864
17869
17873
17876
17877
17878
17879
17882
17889
17890
17893
17896
17897
17898
17899
17900
17901
17902
17903
17905
17909
17910
17911
17912
17914
17915
17916
17917
17918
17919
17921
17922
17923
17924
17925
17926
17927
17928
17934
17935
17937
17938
17940
17942
17943
17944
17945
17946
17947
17948
17950
17952
17954
17955
17958
17962
17963
17964
17965
17966
17967
17969
17971
17972
17974
17978
17981
17982
17983
17984
17985
17986
17987
17990
17991
17992
17993
17994
17996
17997
18000
18001
18002
18003
18005
18006
18007
18008
18009
18010
18011
18012
18013
18014
18015
18016
18018
18019
18021
18022
18023
18027
18031
18033
18034
18035
18036
18037
18038
18039
18040
18042
18045
18047
18049
18050
18051
18052
18053
18054
18055
18058
18061
18062
18063
18064
18065
18066
18067
18068
18069
18071
18072
18073
18075
18076
18077
18079
18080
18081
18082
18083
18087
18090
18093
18097
18098
18099
18100
18103
18105
18106
18108
18109
18110
18111
18113
18114
18115
18116
18117
18119
18121
18122
18124
18125
18126
18127
18128
18129
18134
18135
18136
18137
18138
18139
18140
18143
18144
18146
18148
18149
18151
18152
18153
18155
18156
18157
18158
18162
18163
18164
18165
18168
18169
18170
18173
18174
18175
18177
18178
18179
18182
18185
18186
18187
18189
18190
18191
18192
18195
18196
18197
18198
18200
18201
18202
18204
18207
18208
18209
18210
18213
18214
18215
18216
18217
18218
18219
18220
18222
18224
18226
18227
18228
18231
18234
18235
18236
18237
18239
18240
18242
18243
18244
18248
18249
18250
18251
18252
18253
18257
18259
18260
18261
18263
18264
18265
18266
18267
18270
18271
18274
18275
18276
18278
18279
18280
18282
18285
18286
18288
18290
18291
18295
18296
18297
18298
18305
18306
18308
18310
18312
18313
18314
18316
18318
18320
18322
18324
18326
18327
18329
18331
18332
18337
18338
18341
18342
18344
18345
18346
18348
18350
18351
18352
18353
18354
18356
18358
18361
18362
18363
18374
18375
18378
18379
18382
18383
18385
18387
18389
18390
18392
18394
18395
18397
18398
18400
18401
18402
18406
18407
18408
18410
18413
18415
18419
18420
18422
18423
18425
18430
18431
18432
18433
18434
18439
18440
18441
18442
18444
18446
18447
18450
18451
18455
18456
18458
18461
18462
18463
18464
18466
18467
18470
18474
18475
18476
18477
18478
18479
18480
18483
18488
18489
18490
18492
18497
18498
18499
18500
18502
18504
18505
18506
18510
18511
18512
18514
18517
18518
18519
18520
18521
18522
18523
18524
18526
18527
18528
18529
18530
18534
18535
18537
18538
18540
18541
18544
18547
18548
18549
18550
18552
18553
18554
18555
18556
18560
18562
18563
18564
18565
18566
18567
18568
18569
18570
18571
18572
18575
18577
18579
18581
18585
18586
18587
18590
18591
18592
18594
18595
18596
18598
18600
18601
18602
18603
18604
18605
18606
18607
18610
18611
18612
18614
18615
18617
18618
18620
18621
18623
18624
18626
18629
18637
18639
18640
18649
18651
18652
18658
18660
18667
18672
18674
18676
18677
18679
18686
18690
18691
18693
18694
18701
18703
18704
18705
18709
18710
18714
18721
18726
18730
18733
18742
18743
18744
18758
18767
18780
18785
18789
18799
18800
18803
18805
18807
18810
18813
18814
18819
18828
18832
18841
18844
18845
18848
18856
18870
18873
18879
18887
18889
18893
18897
18898
18899
18901
18902
18907
18912
18914
18920
18924
18931
18937
18938
18942
18948
18949
18950
18954
18957
18958
18959
18962
18984
18987
18988
18989
18990
18991
18994
18998
19001
19002
19005
19069
19070
19072
19073
19097
19106
19116
19167
19186
19199
19207
19209
19211
19212
19214
19215
19216
19217
19218
19220
19233
19236
19255
19257
19264
19279
19290
19293
19320
19323
19326
19327
19332
19334
19336
19337
19341
19342
19343
19370
19378
19379
19380
19383
19456
19509
19533
19534
19536
19538
19540
19543
19596
19599
19612
19615
19616
19641
19665
19675
19695
19717
19731
19755
19768
19777
19784
19794
19805
19810
19865
19889
19905
19911
19936
19945
20011
20045
20076
20120
20196
20197