55
89
113
197
199
204
208
219
237
247
261
265
266
274
276
278
279
290
293
295
301
305
307
310
331
332
334
343
354
356
359
370
390
392
399
404
411
412
414
416
418
419
434
440
441
442
443
444
447
453
457
459
460
469
473
487
504
505
512
513
515
516
519
521
525
527
530
536
537
541
542
543
547
548
593
597
598
600
614
615
616
617
620
622
627
631
636
637
638
639
640
642
643
910
936
1210
1737
1763
1811
1837
1885
1887
2648
2656
2657
2761
2766
2809
3177
3202
3203
3204
3210
3216
3220
3221
3243
3245
3266
3268
3274
3283
3289
3299
3303
3304
3306
3327
3331
3335
3337
3339
3346
3348
3354
3356
3366
3368
3375
3376
3377
3380
3386
3392
3393
3397
3403
3406
3410
3419
3421
3422
3426
3427
3442
3449
3459
3460
3463
3464
3485
3493
3494
3495
3499
3501
3510
3515
3520
3526
3527
3529
3535
3536
3540
3541
3544
3545
3547
3561
3565
3575
3580
3581
3587
3597
3599
3616
3620
3622
3640
3647
3662
3663
3672
3680
3684
3689
3693
3707
3713
3716
3720
3721
3727
3733
3734
3736
3741
3743
3744
3755
3761
3762
3783
3795
3796
3806
3810
3811
3818
3823
3829
3838
3839
3840
3857
3865
3866
3867
3871
3874
3876
3893
3900
3902
3909
3911
3917
3920
3934
3945
3949
3952
3958
3959
3960
3961
3962
3965
3967
3980
3985
3988
3989
3997
4001
4004
4009
4019
4021
4030
4035
4036
4040
4046
4050
4055
4057
4058
4065
4073
4074
4078
4080
4083
4087
4094
4104
4108
4116
4127
4133
4141
4145
4161
4165
4166
4169
4172
4176
4178
4181
4183
4184
4188
4189
4194
4207
4215
4224
4405
4957
5463
5472
5474
5476
5480
5484
5497
5498
5501
5506
5508
5516
5520
5521
5523
5524
5527
5610
5667
5712
5713
5718
5724
5736
5741
5750
5751
5754
5758
5760
5767
5769
5770
5773
5774
5801
6301
6786
6872
6906
7044
7359
7371
7390
7398
7402
7404
7411
8314
8373
8466
8601
9317
9324
9327
9339
9340
9342
9347
9351
9397
9457
9459
9527
9530
9533
9542
9568
9578
9593
9616
9646
9665
10148
10160
10165
10166
10169
10171
10172
10173
10174
10183
10185
10189
10191
10192
10196
10199
10201
10205
10207
10213
10214
10221
10224
10226
10230
10232
10246
10248
10249
10254
10256
10257
10260
10263
10264
10267
10270
10277
10281
10283
10291
10315
10318
10326
10330
10332
10344
10346
10348
10350
10364
10370
10371
10376
10380
10385
10386
10388
10389
10395
10399
10400
10402
10403
10412
10419
10425
10426
10427
10428
10433
10438
10439
10441
10444
10449
10451
10454
10456
10460
10464
10466
10468
10475
10477
10478
10483
10486
10489
10500
10508
10520
10524
10525
10547
10550
10559
10560
10578
10585
10597
10598
10605
10613
10614
10619
10621
10625
10627
10638
10643
10650
10659
10670
10672
10678
10683
10684
10697
10721
10736
11166
11257
11323
11400
11600
12387
12586
12992
13108
13252
13866
13868
13877
13878
13882
13883
13884
13889
13893
13900
13904
13905
13907
13908
13910
13911
13912
13913
13918
13921
14003
14006
14046
14073
14086
14091
14159
14571
14878
14967
14977
14982
15181
15210
16184
16283
16852
19293
19708
19722
19727
20156