646
648
947
951
1094
1100
1103
1156
1166
1172
1175
1179
1188
1189
1191
1259
1342
1645
1664
1696
1872
1874
1881
2149
2154
2155
2156
2162
2165
2166
2168
2171
2176
2178
2186
2187
2188
2190
2192
2197
2198
2199
2278
2307
2309
2311
2407
2428
2544
2560
2891
2917
2929
2951
2954
2974
3063
3064
3065
3066
3158
3160
3162
3163
3169
3176
3178
3181
3188
3192
4376
4386
4906
4909
4931
5024
5041
5204
5397
5398
5399
5400
5401
5402
5403
5404
5662
5663
5789
5803
5804
5931
5936
5977
5988
5993
6024
6037
6052
6096
6099
6137
6209
6306
6328
6606
6624
6628
6629
6632
6635
6640
6642
6722
6735
6736
6754
6758
6766
6771
6841
6988
7004
7107
7128
7130
7172
7220
7232
7489
7490
7491
7492
7493
7495
7666
7669
7671
7716
7719
7723
7727
7730
7905
7909
7994
7999
8006
8007
8029
8032
8033
8034
8343
8356
8387
8392
8582
8584
8585
8587
8588
8640
8643
8904
8921
9510
9511
9512
9514
9762
9763
9764
9765
9766
9770
9868
9878
9943
10020
10021
10023
10024
10026
10029
10030
10128
10151
10154
10177
10182
10222
10223
10253
10269
10285
10309
10333
10341
10342
10349
10373
10383
10385
10429
10476
10479
10521
10557
10608
10635
10649
10736
10972
10980
11074
11075
11079
11081
11085
11237
11264
11315
11368
11522
11528
11536
11545
11546
11548
11555
11561
11566
11568
11569
11570
11571
11574
11575
11696
11929
12704
12721
12786
12868
13019
13126
13129
13141
13152
13186
13202
13357
13366
13480
13503
13593
13597
13651
14156
14159
14336
14394
14440
14490
14643
14671
14673
14738
14770
14771
15296
15301
15304
15328
15480
15711
15712
15713
15714
15715
15716
15717
15719
15720
15721
15722
15723
15724
15725
15726
15727
15728
15729
15730
15731
15732
15733
15734
15735
15736
15737
15738
15739
15740
15741
15742
15743
15744
15745
15746
15747
15748
15749
15751
15752
15753
15754
15755
15756
15757
15758
15759
15760
15761
15762
15763
15764
15765
15766
15767
15771
15773
16213
16214
16221
16232
16244
18977
18982
18984
18991
18994
19000
19005
19093
19188
19209
19210
19297
19339
19532
19605
19608
19618
19635
19662
19673
19681
19683
19689
19690
19696
19697
19749
19757
20064