190
950
1030
1037
1373
1513
1518
2077
2090
2220
2221
2231
2232
3019
3020
3021
3023
3076
3077
3078
3079
3080
3081
3082
3083
3084
3085
3086
3087
3088
3089
3090
3091
3092
3093
3094
3095
3096
3097
3098
3099
3101
3102
3103
3104
3105
3106
3107
3108
3111
3112
3113
3114
3115
3116
3117
3118
3119
3120
3121
3122
3123
3124
3125
3126
3127
3128
3129
3130
3131
3133
3134
3135
3136
3137
3138
3139
3140
3141
3142
3143
3144
3145
3146
3147
3148
3150
3151
3152
3153
3155
3156
4320
4820
4827
4837
4923
4924
4925
4927
5006
5052
5224
5336
5339
5805
5806
5810
5815
5820
5823
5826
5829
5832
5838
5840
5843
5844
5853
5860
5861
5862
5864
5865
5869
5871
5874
5876
5878
5880
6475
6675
6679
6680
6681
6682
6683
6684
6686
6689
7261
7551
7641
7642
7648
7649
7650
7651
7673
7814
8203
8661
8664
8665
8666
8668
8671
8674
8678
8680
8681
8683
8684
8686
8687
8759
8778
9107
9477
9496
9908
9910
9912
9958
10015
10016
10142
10787
10791
10794
11027
11035
11038
11058
11059
11822
12011
12368
12418
12434
12517
12603
12641
12658
12671
12740
12764
12813
12893
12938
12969
13020
13032
13054
13118
13145
13177
13184
13228
13240
13286
13290
13295
13311
13331
13367
13386
13391
13426
13443
13476
13536
13554
13555
13567
13581
13618
13623
13642
13668
13678
13681
13711
13735
13749
13756
13780
13781
13786
13802
13804
13933
13936
13937
13940
13942
13979
13994
13995
13998
14365
14419
14494
14556
14675
14676
14677
14678
14679
14680
14681
14682
14712
14713
14716
14924
14934
15352
15354
15382
15602
15646
15647
15872
15918
15982
16002
16073
16074
16075
16079
16080
16081
16082
16083
16084
16154
16155
16158
16160
16161
16162
16550
16571
16667
16908
16909
16944
17102
17142
17213
17442
17449
17764
17834
17942
18219
18446
18482
19448