5
6
8
9
10
12
14
16
17
18
20
21
22
23
25
26
27
28
29
30
31
32
33
35
37
39
40
41
42
44
45
46
47
48
50
52
53
55
56
57
58
59
60
61
62
63
64
65
66
67
68
69
70
71
72
73
74
75
76
77
78
80
81
82
83
84
85
86
87
88
89
90
91
92
93
96
97
99
100
101
102
105
106
107
108
109
110
111
112
113
115
116
117
118
119
122
124
126
128
131
132
133
134
135
136
137
138
139
140
141
143
144
145
146
147
148
149
150
151
152
154
155
156
157
158
159
162
163
164
165
166
168
169
170
171
172
173
174
175
176
177
178
180
183
184
185
186
187
188
189
196
511
533
594
596
597
599
600
601
602
603
604
605
609
610
611
612
613
614
615
616
617
618
619
620
622
623
624
625
626
627
628
629
631
634
635
636
637
638
640
643
645
646
1927
2201
2368
2427
2479
2493
2529
2533
2535
2537
2538
2539
2540
2541
2542
2543
2544
2545
2546
2547
2548
2549
2550
2551
2552
2553
2554
2558
2560
2561
2563
2564
2566
2567
2569
2570
2571
2572
2573
2574
2575
2578
2579
2580
2581
2582
2583
2585
2586
2587
2588
2589
2590
2591
2592
2593
2594
2596
2597
2598
2599
2600
2601
2602
2603
2604
2605
2607
2608
2609
2610
2613
2614
2615
2616
2617
2618
2619
2620
2621
2622
2623
2625
2627
2628
2629
2630
2631
2632
2633
2634
2635
2636
2637
2638
2639
2640
2641
2642
2643
2646
2648
2649
2650
2651
2653
2654
2655
2656
2658
2659
2660
2661
2662
2663
2665
2667
2668
2669
2670
2671
2672
2673
2675
2676
2677
2679
2680
2681
2682
2684
2685
2686
2687
2688
2689
2690
2691
2692
2693
2694
2696
2697
2698
2699
2701
2703
2706
2708
2710
2711
2712
2713
2714
2716
2719
2720
2721
2722
2723
2724
2727
2728
2729
2730
2731
2732
2733
2734
2735
2736
2737
2738
2739
2740
2742
2743
2744
2745
2746
2747
2748
2749
2750
2752
2754
2755
2757
2758
2759
2760
2761
2762
2763
2764
2765
2766
2767
2768
2775
2777
2778
2779
2781
2782
2783
2784
2785
2786
2787
2788
2790
2791
2792
2793
2794
2795
2796
2797
2799
2800
2802
2803
2804
2805
2806
2809
2810
2811
2812
2815
2816
2817
2818
2819
2822
2823
2824
2825
2826
2828
2829
2830
2832
2833
2835
2837
2838
2839
2840
2842
2843
2844
2847
2850
2851
2852
2853
2854
2855
2857
2858
2859
2860
2861
2865
2868
2869
2870
2871
2872
2874
2875
2876
2877
2878
2881
2883
2884
2885
2886
2887
2888
2889
2890
2891
2892
2893
2894
2895
2896
2897
2898
2899
2902
2904
2905
2906
2907
2910
2912
2913
2914
2915
2917
2919
2921
2922
2924
2927
2929
2933
2934
2936
2937
2938
2939
2941
2942
2944
2946
2947
2949
2952
2954
2955
2956
2958
2959
2961
2962
2963
2964
2965
2966
2967
2968
2969
2970
2971
2972
2973
2974
2976
2978
2979
2980
2981
2982
2983
2984
2985
2986
2987
2989
2990
2991
2992
2993
2994
2995
2996
2997
2998
2999
3001
3002
3003
3004
3005
3007
3008
3009
3010
3011
3012
3013
3015
3016
3018
3159
3161
3166
3173
3174
3177
3179
3181
3185
3186
3409
3482
3600
4048
4140
4216
4272
4366
4519
4905
5409
5420
5424
5644
5646
5706
5720
6085
6099
6142
6603
6643
6647
6659
6660
6738
6753
6761
6764
6776
6778
6792
6806
6946
7322
7332
7361
8303
8304
8305
8306
8308
8309
8310
8311
8312
8313
8314
8315
8316
8317
8318
8320
8321
8322
8323
8324
8325
8326
8327
8328
8329
8330
8331
8332
8352
8371
8373
8384
8419
8577
9465
9554
9591
9643
9648
9651
9656
9943
9991
9992
9994
9995
9996
10000
10001
10003
10111
10148
10149
10150
10151
10154
10155
10157
10158
10159
10160
10163
10165
10166
10167
10168
10169
10171
10173
10175
10178
10181
10182
10183
10184
10185
10186
10187
10188
10189
10190
10191
10192
10194
10195
10196
10197
10199
10200
10202
10205
10206
10207
10208
10209
10210
10212
10214
10215
10217
10218
10219
10220
10221
10222
10223
10225
10228
10229
10230
10231
10232
10233
10235
10240
10241
10242
10244
10245
10246
10247
10248
10249
10250
10251
10252
10253
10254
10255
10256
10258
10259
10260
10261
10262
10263
10264
10266
10267
10270
10271
10272
10273
10274
10276
10277
10278
10280
10282
10284
10285
10287
10288
10290
10294
10297
10298
10301
10303
10305
10306
10307
10308
10309
10310
10311
10312
10313
10314
10315
10319
10320
10321
10322
10325
10326
10327
10329
10330
10331
10332
10333
10335
10336
10338
10340
10341
10344
10346
10348
10349
10350
10351
10352
10353
10354
10357
10360
10361
10362
10363
10365
10367
10368
10370
10371
10373
10374
10375
10376
10378
10379
10380
10381
10383
10384
10385
10386
10387
10389
10390
10391
10392
10395
10396
10397
10398
10399
10400
10401
10402
10403
10404
10405
10406
10407
10408
10411
10412
10414
10415
10416
10419
10421
10424
10425
10426
10427
10428
10429
10430
10431
10432
10433
10435
10436
10437
10438
10439
10440
10441
10442
10444
10447
10448
10450
10451
10453
10454
10455
10456
10458
10459
10460
10462
10463
10464
10465
10466
10467
10468
10469
10470
10471
10472
10474
10475
10477
10479
10482
10483
10485
10487
10488
10489
10490
10492
10493
10494
10496
10497
10499
10500
10501
10502
10503
10505
10508
10509
10510
10512
10513
10515
10516
10517
10518
10519
10520
10521
10522
10525
10526
10527
10528
10531
10532
10533
10534
10535
10536
10537
10539
10541
10542
10543
10544
10546
10547
10548
10551
10552
10553
10555
10556
10557
10558
10559
10561
10564
10566
10567
10569
10571
10574
10576
10578
10579
10581
10585
10587
10588
10589
10590
10592
10597
10598
10599
10602
10603
10604
10605
10606
10609
10610
10613
10614
10615
10616
10617
10618
10619
10620
10621
10623
10624
10625
10626
10627
10628
10632
10633
10635
10637
10638
10639
10641
10642
10643
10644
10645
10646
10648
10649
10650
10653
10655
10658
10659
10661
10662
10663
10666
10667
10668
10671
10673
10674
10675
10677
10678
10681
10683
10684
10685
10686
10687
10688
10690
10691
10692
10693
10694
10695
10696
10697
10698
10701
10702
10703
10706
10708
10710
10711
10712
10713
10715
10719
10721
10722
10724
10725
10726
10727
10729
10736
10737
10739
10741
10742
10743
10744
10745
10746
10747
10748
10749
10753
10754
10755
10757
10758
10759
10761
10764
10915
10917
11215
11395
11593
12863
12906
13084
13125
13129
13138
13252
13258
13682
13694
14149
14407
14565
14624
14643
14671
14673
14674
14808
14898
14899
14900
14902
14903
15496
15504
15552
15815
15836
15839
15840
15841
15842
16290
16298
19388
19403
19406
19409
19410
19411
19412
19415
19417
19418
19419
19420
19421
19425
19426
19427
19428
19429
19430
19431
19743
19756
19757
19758
19759
19761
19762
19763
19914
19915
19918
19919
19920
19922
19925
19929
19933
19934
19937
19938
19939
19940
19942
19944
19945
19946
20146