1413
1434
4590
4614
4652
4795
5583
5592
5593
5594
5595
5596
5597
5598
7417
7420
7422
7423
7425
8282
8286
13173
13212
13409
13586
13606
16355
16358
16359
16361
16362
16363
16364
16365
16366
16367
16368
16370
16371
16372
16373
16375
16377
16378
16379
16380
16381
16382
16383
16384
16385
16386
16387
16388
16389
16390
16391
16392
16393
16394
16395
16396
16398
16400
16401
16404
16407
16408
16410
16413
16414
16415
16416
16418
16419
16420
16422
16423
16424
16425
16426
16427
16428
16429
16430
16431
16432
16433
16434
16435
16436
16437
16438
16439
16440
16441
16442
16443
16444
16447
16448
16449
16450
16451
16452
16453
16454
16455
16456
16457
16458
16459
16460
16461
16462
16463
16464
16465
16467
16468
16469
16470
16471
16473
16474
16475
16476
16480
16481
16482
16483
16484
16486
16487
16488
16489
16490
16491
16492
16494
16496
16497
16498
16500
16502
16503
16504
16505
16506
16507
16508
16509
16510
16511
16512
16513
16514
16515
16516
16518
16519
16520
16521
16522
16523
16524
16525
16526
16528
16529
16530
16531
16532
16533
16534
16535
16536
16537
16538
16540
16541
16542
16545
16547
16548
16549
16550
16551
16552
16553
16555
16557
16558
16559
16560
16561
16562
16563
16564
16565
16566
16567
16569
16570
16571
16573
16574
16575
16576
16577
16579
16580
16581
16582
16583
16585
16586
16587
16588
16589
16591
16592
16593
16594
16595
16596
16598
16599
16600
16603
16604
16606
16607
16608
16609
16610
16611
16612
16613
16614
16616
16617
16618
16619
16620
16621
16622
16623
16624
16626
16628
16630
16631
16632
16633
16634
16635
16636
16637
16638
16639
16641
16642
16643
16644
16647
16649
16651
16653
16654
16655
16656
16663
16667
16668
17638
18639
18677
18718
18743
18821
18837
18858
18913
19232
19247
19253