0
3
133
246
260
269
401
406
553
560
561
562
563
567
571
572
574
579
581
582
585
588
589
590
595
647
712
753
756
768
862
865
868
870
875
917
931
933
934
937
939
940
941
944
945
953
965
969
970
971
973
975
976
977
979
980
981
983
984
986
987
988
989
990
991
992
995
996
998
999
1000
1001
1002
1003
1004
1005
1006
1007
1008
1009
1010
1011
1012
1013
1014
1015
1016
1017
1019
1020
1021
1022
1024
1025
1026
1028
1029
1032
1033
1034
1035
1036
1037
1038
1068
1073
1075
1080
1085
1087
1089
1127
1153
1173
1234
1237
1242
1243
1245
1248
1252
1261
1264
1265
1266
1267
1270
1274
1275
1278
1279
1282
1284
1285
1296
1298
1299
1304
1306
1310
1311
1312
1313
1314
1315
1316
1317
1318
1319
1320
1321
1323
1324
1326
1329
1330
1353
1354
1355
1357
1358
1360
1362
1366
1367
1369
1370
1376
1377
1378
1379
1380
1384
1385
1387
1388
1389
1392
1393
1403
1404
1405
1406
1407
1408
1409
1410
1411
1412
1414
1417
1419
1420
1421
1422
1424
1425
1426
1428
1429
1430
1431
1432
1434
1436
1437
1438
1442
1444
1446
1447
1448
1449
1451
1453
1455
1456
1457
1458
1459
1461
1462
1465
1466
1469
1481
1482
1483
1486
1496
1498
1500
1501
1502
1505
1507
1508
1510
1511
1512
1513
1514
1515
1516
1517
1519
1520
1521
1522
1523
1524
1525
1527
1528
1530
1531
1533
1537
1538
1544
1593
1595
1603
1613
1621
1622
1626
1631
1797
1853
1854
1855
1856
1857
1858
1861
1864
1870
1871
1875
1882
2030
2031
2036
2037
2040
2068
2069
2070
2072
2074
2076
2084
2085
2087
2094
2096
2105
2106
2107
2108
2109
2110
2111
2112
2114
2116
2200
2203
2204
2205
2210
2214
2216
2218
2219
2222
2223
2230
2232
2235
2236
2239
2240
2246
2247
2258
2293
2295
2296
2298
2299
2300
2313
2314
2316
2317
2318
2319
2320
2321
2322
2352
2355
2356
2357
2429
2430
2431
2432
2434
2435
2436
2437
2438
2439
2440
2441
2442
2443
2444
2446
2447
2448
2450
2451
2452
2453
2454
2455
2456
2457
2458
2459
2463
2464
2465
2466
2467
2468
2469
2470
2471
2472
2506
2507
2510
2520
2521
2522
2523
2524
2525
2526
2527
2528
2765
2982
3035
3036
3037
3038
3039
3040
3041
3042
3044
3046
3047
3048
3049
3050
3051
3052
3053
3054
3055
3069
3072
3076
3081
3086
3087
3091
3095
3098
3101
3104
3115
3116
3121
3122
3125
3127
3128
3132
3145
3146
3147
3148
3149
3150
3153
3154
3155
3156
3290
3320
3368
3369
3437
3928
3962
3963
4181
4230
4231
4232
4234
4235
4237
4238
4283
4284
4285
4302
4304
4305
4318
4319
4321
4324
4325
4326
4327
4329
4330
4332
4333
4334
4339
4341
4344
4345
4346
4347
4349
4350
4351
4352
4353
4354
4355
4356
4357
4358
4359
4360
4361
4362
4363
4364
4416
4417
4418
4419
4420
4421
4422
4423
4424
4425
4426
4427
4428
4459
4467
4476
4478
4529
4530
4532
4535
4536
4539
4541
4542
4544
4545
4546
4547
4551
4552
4553
4554
4556
4557
4558
4559
4561
4563
4564
4566
4568
4569
4570
4572
4573
4575
4576
4577
4579
4580
4581
4582
4584
4585
4586
4587
4588
4589
4590
4591
4592
4594
4600
4610
4613
4614
4627
4628
4632
4633
4635
4637
4640
4641
4643
4644
4648
4649
4652
4653
4654
4655
4656
4668
4672
4676
4677
4678
4687
4688
4689
4692
4712
4713
4714
4717
4722
4723
4725
4730
4733
4735
4736
4737
4738
4740
4743
4744
4745
4748
4749
4751
4757
4759
4769
4770
4775
4779
4780
4791
4793
4795
4796
4797
4802
4803
4804
4807
4816
4817
4818
4819
4837
4847
4850
4851
4852
4853
4858
4883
4884
4885
4886
4887
4888
4889
4890
4891
4895
4896
4899
4900
4914
4916
4917
4919
4920
4922
4926
4932
4933
4934
4935
4936
4937
4938
4939
4940
4941
4942
4943
4944
4945
4946
4965
4966
4967
4968
4969
4970
4971
4972
4974
4975
4976
4977
4978
4979
4980
4981
4982
4984
4985
4986
4987
4988
4989
4990
4991
4992
4993
4994
4995
4996
4998
4999
5001
5002
5003
5004
5005
5007
5008
5010
5011
5014
5016
5020
5022
5044
5048
5050
5051
5053
5055
5056
5057
5058
5059
5060
5063
5085
5086
5090
5117
5118
5121
5123
5124
5125
5126
5128
5129
5130
5133
5134
5135
5136
5137
5138
5139
5140
5141
5145
5150
5152
5153
5154
5205
5207
5208
5212
5214
5217
5218
5219
5220
5221
5222
5223
5224
5227
5228
5230
5231
5232
5233
5234
5235
5236
5238
5240
5241
5242
5243
5244
5246
5247
5249
5250
5252
5253
5254
5255
5256
5257
5258
5260
5261
5263
5264
5265
5266
5267
5268
5269
5270
5271
5273
5274
5275
5276
5277
5311
5313
5314
5316
5320
5331
5335
5341
5343
5345
5347
5348
5350
5351
5352
5353
5354
5355
5356
5357
5358
5359
5360
5361
5362
5363
5364
5365
5367
5368
5369
5370
5371
5372
5373
5374
5375
5376
5377
5379
5380
5381
5382
5383
5386
5414
5416
5417
5418
5432
5435
5436
5437
5438
5439
5440
5441
5442
5443
5444
5448
5454
5455
5456
5458
5460
5461
5565
5566
5567
5569
5570
5572
5574
5575
5576
5583
5585
5586
5587
5588
5589
5591
5592
5593
5595
5597
5598
5654
5658
5659
5660
5678
5683
5687
5697
5699
5700
5701
5702
5704
5810
5811
5812
5819
5834
5835
5841
5850
5853
5858
5860
5866
5870
5875
5882
5883
5884
5885
5887
5910
5930
6005
6009
6154
6156
6158
6159
6161
6166
6168
6169
6188
6189
6191
6192
6193
6195
6198
6200
6202
6203
6204
6205
6206
6224
6226
6227
6228
6229
6230
6232
6236
6237
6238
6242
6243
6244
6245
6247
6248
6249
6251
6314
6364
6365
6366
6367
6368
6369
6370
6371
6372
6374
6375
6376
6377
6378
6379
6382
6383
6384
6385
6386
6387
6388
6389
6390
6391
6392
6393
6394
6395
6396
6397
6398
6399
6400
6401
6423
6424
6425
6427
6428
6429
6431
6432
6433
6434
6435
6436
6437
6438
6439
6440
6441
6442
6443
6444
6445
6447
6450
6453
6454
6464
6465
6466
6468
6469
6470
6471
6472
6473
6474
6476
6477
6478
6479
6481
6482
6484
6487
6489
6490
6491
6492
6493
6494
6495
6496
6497
6498
6500
6501
6502
6503
6516
6517
6518
6520
6523
6524
6527
6566
6567
6569
6570
6572
6573
6574
6575
6576
6577
6580
6586
6587
6588
6590
6591
6592
6593
6594
6598
6676
6681
6693
6694
6704
6723
6725
6727
6728
6729
6730
6731
6733
6734
6980
7031
7122
7172
7256
7257
7258
7259
7260
7261
7262
7263
7274
7275
7276
7277
7278
7279
7280
7281
7282
7283
7284
7286
7291
7292
7293
7294
7295
7296
7297
7298
7301
7302
7303
7309
7322
7324
7336
7342
7348
7354
7416
7417
7418
7419
7420
7421
7422
7423
7424
7425
7426
7427
7428
7430
7432
7450
7451
7452
7454
7455
7456
7457
7458
7459
7460
7461
7462
7463
7464
7465
7466
7467
7470
7471
7472
7473
7474
7479
7480
7481
7482
7483
7484
7485
7486
7487
7488
7498
7499
7501
7502
7512
7514
7527
7528
7551
7586
7587
7588
7589
7590
7591
7593
7594
7595
7596
7597
7598
7599
7600
7601
7615
7629
7630
7631
7632
7633
7635
7639
7642
7643
7647
7648
7649
7653
7654
7655
7656
7658
7659
7660
7662
7673
7674
7675
7676
7677
7678
7680
7681
7682
7683
7684
7685
7686
7687
7688
7689
7690
7691
7692
7693
7694
7695
7696
7697
7699
7700
7701
7702
7703
7704
7705
7706
7707
7708
7709
7710
7711
7712
7713
7735
7736
7738
7739
7740
7741
7742
7743
7744
7745
7758
7759
7761
7762
7763
7764
7765
7766
7767
7768
7769
7771
7772
7773
7775
7776
7777
7779
7780
7781
7783
7784
7785
7786
7787
7788
7789
7790
7791
7793
7794
7796
7797
7798
7799
7800
7801
7802
7803
7804
7805
7806
7807
7808
7809
7810
7811
7817
7818
7819
7820
7821
7823
7825
7826
7827
7828
7829
7831
7833
7842
7844
7845
7846
7848
7851
7852
7854
7856
7857
7858
7859
7867
7869
7873
7874
7876
7878
7879
7880
7881
7891
7895
7897
7898
7899
7901
7903
7904
7906
7910
7912
7917
7918
7941
7957
7959
7960
7962
7963
7964
7965
7966
7967
7968
7969
7970
7971
7973
7974
7975
7979
7980
7983
7984
7985
7986
7987
7988
7989
7990
7991
7992
7993
8011
8012
8014
8016
8020
8025
8031
8037
8038
8041
8043
8044
8045
8046
8047
8048
8049
8050
8051
8052
8053
8054
8055
8056
8057
8058
8059
8060
8061
8062
8063
8064
8065
8066
8067
8068
8069
8070
8071
8072
8073
8074
8075
8076
8077
8078
8079
8080
8081
8082
8083
8084
8085
8086
8087
8088
8089
8090
8091
8092
8093
8094
8095
8096
8097
8098
8099
8100
8101
8102
8103
8104
8105
8106
8107
8108
8109
8110
8111
8112
8113
8114
8115
8116
8117
8118
8119
8120
8121
8122
8123
8124
8125
8126
8127
8128
8129
8130
8131
8132
8133
8134
8135
8136
8137
8138
8139
8140
8141
8142
8143
8144
8145
8146
8147
8148
8149
8150
8151
8152
8153
8154
8155
8156
8157
8158
8159
8160
8161
8162
8163
8164
8165
8166
8167
8168
8169
8170
8171
8172
8173
8174
8175
8176
8177
8178
8179
8180
8181
8182
8183
8184
8185
8186
8188
8189
8190
8191
8192
8193
8194
8195
8196
8197
8198
8199
8200
8201
8202
8203
8204
8205
8206
8207
8208
8209
8210
8211
8212
8213
8214
8215
8216
8217
8218
8219
8220
8221
8222
8223
8224
8225
8226
8227
8228
8229
8230
8231
8232
8233
8234
8235
8236
8237
8238
8239
8240
8241
8242
8245
8246
8248
8249
8258
8259
8261
8263
8264
8265
8267
8270
8273
8274
8275
8276
8277
8278
8279
8281
8282
8283
8284
8285
8286
8432
8433
8436
8462
8497
8498
8500
8501
8502
8503
8504
8506
8507
8508
8509
8510
8511
8513
8516
8517
8518
8520
8521
8523
8525
8526
8527
8529
8530
8532
8533
8534
8535
8536
8538
8541
8542
8544
8545
8547
8548
8549
8551
8552
8553
8554
8555
8556
8557
8558
8559
8561
8562
8563
8564
8565
8566
8567
8568
8569
8570
8571
8572
8573
8574
8575
8576
8577
8578
8579
8580
8581
8589
8590
8592
8593
8594
8595
8596
8597
8598
8600
8607
8608
8609
8610
8611
8612
8613
8615
8616
8618
8619
8622
8623
8624
8625
8626
8630
8631
8632
8634
8635
8654
8655
8656
8657
8658
8659
8660
8661
8662
8663
8664
8665
8666
8667
8668
8669
8670
8671
8672
8673
8674
8675
8676
8677
8678
8679
8680
8681
8682
8683
8684
8685
8686
8687
8690
8691
8693
8695
8696
8697
8699
8700
8702
8703
8704
8705
8713
8747
8748
8749
8750
8751
8752
8753
8754
8755
8756
8757
8763
8764
8765
8766
8767
8768
8769
8770
8771
8774
8779
8788
8794
8819
8820
8822
8823
8824
8825
8826
8827
8828
8858
8859
8860
8864
8872
8874
8879
8880
8884
8885
8888
8891
8893
8894
8895
8896
8897
8898
8919
8922
8923
8924
8925
8926
8927
8930
8931
8932
8935
8936
8946
8948
8949
8950
8951
8952
8953
8954
8955
8958
8959
8961
8962
8963
8964
8965
8967
8968
8969
8971
8972
8974
8975
8977
8978
8979
8980
8981
8983
8984
8985
8986
8988
8989
8990
8991
8993
8995
8996
8997
8998
8999
9000
9003
9004
9005
9006
9008
9011
9012
9013
9014
9016
9017
9018
9019
9020
9021
9022
9023
9024
9025
9026
9027
9029
9030
9031
9032
9033
9034
9035
9036
9037
9039
9040
9041
9042
9043
9044
9045
9046
9047
9048
9049
9051
9052
9053
9056
9057
9058
9059
9060
9061
9062
9063
9064
9065
9066
9069
9070
9071
9072
9073
9074
9075
9076
9077
9078
9079
9080
9081
9082
9083
9084
9086
9087
9089
9090
9091
9092
9093
9094
9095
9096
9097
9098
9100
9101
9102
9103
9106
9108
9109
9111
9113
9114
9115
9116
9117
9118
9119
9121
9122
9123
9124
9126
9127
9128
9129
9131
9132
9133
9134
9135
9136
9137
9138
9139
9140
9144
9145
9147
9149
9150
9151
9152
9153
9154
9156
9157
9159
9160
9161
9163
9164
9165
9166
9168
9169
9170
9171
9172
9174
9175
9176
9177
9178
9181
9182
9183
9184
9185
9186
9189
9191
9192
9193
9194
9195
9196
9197
9198
9199
9200
9201
9202
9203
9204
9205
9206
9207
9208
9209
9210
9211
9212
9213
9214
9215
9216
9218
9219
9220
9221
9222
9223
9224
9226
9228
9229
9230
9231
9234
9235
9236
9237
9238
9239
9240
9241
9243
9246
9247
9248
9249
9250
9251
9254
9255
9256
9257
9258
9260
9261
9262
9263
9264
9265
9266
9268
9269
9270
9271
9273
9274
9275
9276
9277
9278
9279
9282
9283
9284
9285
9286
9287
9291
9292
9293
9295
9296
9297
9298
9299
9300
9302
9303
9304
9305
9307
9308
9309
9311
9431
9432
9433
9434
9435
9437
9439
9441
9442
9443
9444
9446
9447
9448
9449
9451
9470
9471
9472
9474
9478
9479
9480
9491
9493
9494
9495
9496
9497
9498
9499
9503
9506
9579
9679
9680
9682
9683
9685
9686
9687
9688
9691
9692
9693
9694
9695
9696
9697
9698
9699
9700
9701
9702
9703
9705
9707
9708
9710
9711
9712
9713
9714
9715
9716
9717
9718
9719
9720
9721
9722
9723
9724
9725
9726
9727
9738
9739
9740
9741
9742
9743
9744
9745
9746
9747
9748
9749
9750
9751
9752
9753
9756
9757
9758
9759
9805
9806
9808
9809
9810
9811
9812
9813
9822
9823
9825
9827
9830
9831
9832
9833
9834
9835
9836
9838
9839
9840
9841
9842
9843
9845
9847
9848
9851
9852
9854
9855
9857
9858
9859
9860
9862
9879
9880
9881
9882
9884
9885
9886
9887
9888
9890
9891
9892
9893
9894
9895
9896
9898
9900
9901
9902
9905
9906
9907
9908
9911
9912
9915
9916
9917
9919
9958
9962
9979
9981
9986
9987
10005
10006
10007
10008
10009
10010
10011
10012
10013
10014
10015
10019
10032
10033
10034
10036
10037
10039
10040
10042
10043
10044
10046
10047
10048
10050
10052
10053
10056
10057
10058
10059
10068
10069
10072
10073
10074
10077
10080
10094
10095
10096
10097
10098
10099
10100
10101
10102
10103
10104
10138
10139
10142
10144
10146
10667
10778
10779
10780
10781
10783
10784
10787
10789
10792
10793
10794
10797
10798
10799
10800
10801
10802
10803
10805
10806
10807
10809
10810
10811
10812
10813
10814
10816
10817
10818
10820
10821
10822
10823
10824
10825
10826
10827
10828
10829
10830
10831
10832
10833
10835
10836
10837
10838
10841
10842
10843
10844
10845
10848
10849
10885
10918
10920
10921
10922
10923
10924
10925
10926
10927
10928
10929
10930
10931
10932
10933
10934
10935
10936
10958
10959
10960
10961
10963
10964
10965
10987
10988
10990
10991
10993
10994
10996
11009
11012
11014
11015
11016
11018
11019
11020
11021
11022
11023
11024
11026
11027
11029
11033
11037
11038
11039
11043
11044
11045
11047
11050
11051
11052
11054
11055
11056
11058
11062
11086
11087
11088
11091
11096
11125
11173
11223
11243
11305
11471
11511
11516
11530
11550
11578
11580
11581
11582
11583
11584
11585
11609
11610
11612
11613
11614
11621
11634
11635
11637
11638
11639
11641
11642
11643
11644
11645
11646
11647
11648
11650
11651
11652
11653
11654
11655
11656
11657
11658
11659
11660
11672
11673
11675
11676
11677
11678
11680
11681
11687
11691
11693
11695
11697
11698
11699
11700
11702
11704
11708
11709
11724
11733
11734
11735
11737
11738
11740
11741
11742
11754
11755
11756
11757
11758
11759
11760
11761
11762
11765
11780
11782
11783
11784
11785
11786
11787
11788
11790
11791
11792
11793
11794
11795
11806
11808
11819
11820
11821
11822
11823
11824
11825
11826
11827
11828
11830
11831
11832
11833
11834
11835
11836
11837
11838
11839
11840
11841
11843
11844
11845
11847
11849
11851
11852
11853
11854
11855
11856
11858
11859
11860
11865
11866
11867
11869
11870
11871
11872
11873
11875
11876
11877
11878
11879
11881
11882
11884
11886
11888
11890
11891
11892
11893
11896
11899
11900
11916
11917
11918
11920
11921
11924
11925
11926
11928
11929
11930
11931
11932
11934
11935
11938
11939
11940
11941
11942
11946
11951
11957
11959
11970
11972
11973
11974
11975
11977
11979
11980
11982
11983
11988
11989
11993
11994
11996
11997
11998
11999
12002
12003
12005
12006
12007
12010
12012
12013
12015
12017
12018
12020
12021
12022
12023
12024
12025
12027
12028
12029
12032
12033
12035
12036
12037
12039
12040
12044
12045
12046
12047
12051
12057
12058
12059
12062
12065
12072
12073
12075
12076
12077
12080
12081
12082
12083
12093
12094
12096
12097
12105
12107
12108
12109
12110
12111
12113
12115
12117
12118
12119
12120
12122
12123
12124
12129
12135
12137
12140
12143
12144
12146
12148
12149
12151
12153
12154
12156
12157
12158
12166
12167
12168
12172
12173
12174
12179
12180
12200
12203
12206
12208
12254
12255
12257
12258
12260
12261
12262
12289
12291
12294
12296
12297
12300
12302
12303
12304
12305
12310
12312
12313
12314
12315
12319
12320
12321
12323
12324
12325
12327
12328
12330
12331
12332
12333
12334
12335
12336
12337
12338
12339
12340
12341
12342
12345
12347
12348
12349
12351
12352
12353
12355
12356
12357
12358
12359
12360
12363
12364
12365
12366
12372
12374
12375
12377
12379
12380
12383
12384
12388
12389
12390
12391
12392
12394
12395
12396
12398
12399
12400
12401
12402
12403
12404
12405
12406
12408
12411
12415
12416
12417
12419
12420
12421
12424
12425
12426
12429
12430
12432
12433
12434
12436
12437
12439
12440
12441
12442
12444
12446
12447
12450
12455
12456
12457
12458
12461
12463
12464
12465
12467
12468
12472
12473
12475
12476
12477
12479
12481
12482
12485
12486
12489
12493
12496
12497
12498
12503
12505
12506
12507
12508
12509
12512
12516
12517
12518
12519
12520
12522
12523
12524
12525
12526
12528
12529
12530
12531
12533
12534
12535
12536
12537
12538
12539
12540
12541
12542
12543
12545
12548
12550
12551
12552
12553
12554
12555
12556
12557
12559
12560
12561
12563
12564
12565
12566
12567
12570
12572
12573
12576
12577
12578
12579
12580
12581
12582
12588
12592
12593
12594
12596
12599
12600
12601
12604
12608
12609
12610
12611
12612
12614
12615
12616
12618
12619
12620
12625
12626
12627
12631
12632
12633
12636
12638
12640
12642
12644
12645
12646
12647
12648
12649
12652
12653
12654
12655
12656
12657
12660
12661
12662
12663
12666
12667
12669
12670
12671
12672
12675
12676
12678
12680
12681
12682
12683
12684
12686
12687
12688
12689
12691
12693
12694
12695
12699
12700
12701
12703
12708
12709
12710
12711
12712
12714
12715
12717
12720
12722
12724
12725
12726
12727
12730
12733
12737
12738
12739
12740
12741
12742
12743
12744
12745
12746
12747
12749
12751
12752
12753
12754
12755
12756
12758
12762
12763
12765
12771
12772
12773
12775
12776
12777
12779
12781
12783
12784
12785
12789
12791
12792
12793
12795
12797
12799
12800
12801
12802
12803
12804
12807
12808
12809
12813
12815
12816
12819
12821
12823
12825
12827
12831
12832
12836
12837
12839
12840
12841
12844
12845
12846
12847
12849
12850
12851
12852
12853
12856
12857
12858
12859
12860
12861
12865
12866
12867
12869
12870
12871
12875
12876
12877
12879
12881
12882
12884
12887
12888
12889
12890
12892
12894
12895
12896
12897
12898
12899
12900
12902
12904
12905
12908
12913
12917
12918
12921
12922
12925
12927
12930
12931
12932
12933
12935
12936
12937
12938
12939
12940
12941
12944
12945
12948
12949
12950
12952
12953
12954
12955
12956
12957
12958
12963
12964
12966
12967
12968
12970
12971
12972
12973
12974
12976
12977
12978
12979
12981
12982
12984
12986
12990
12993
12998
13000
13002
13003
13012
13015
13021
13025
13030
13032
13040
13041
13044
13049
13051
13054
13055
13056
13058
13061
13064
13066
13071
13076
13077
13082
13083
13085
13086
13087
13088
13090
13094
13096
13100
13103
13104
13105
13106
13109
13111
13112
13116
13128
13136
13138
13139
13140
13143
13144
13145
13146
13148
13150
13151
13154
13155
13157
13158
13161
13164
13165
13166
13168
13172
13173
13174
13175
13178
13179
13182
13183
13187
13189
13190
13191
13196
13199
13200
13204
13205
13207
13208
13209
13212
13213
13214
13215
13216
13219
13220
13222
13225
13226
13227
13228
13230
13234
13240
13245
13251
13255
13257
13259
13260
13266
13267
13268
13271
13276
13277
13279
13280
13281
13283
13284
13285
13286
13293
13294
13296
13299
13304
13306
13307
13308
13309
13315
13317
13318
13320
13324
13325
13326
13328
13331
13332
13333
13335
13336
13339
13341
13342
13344
13345
13351
13355
13358
13359
13361
13369
13370
13374
13376
13388
13389
13393
13400
13402
13407
13408
13409
13412
13413
13418
13419
13420
13421
13425
13427
13431
13434
13435
13436
13441
13442
13444
13445
13449
13455
13458
13459
13462
13465
13471
13472
13473
13475
13476
13478
13479
13481
13483
13484
13491
13501
13505
13506
13513
13514
13516
13518
13524
13526
13527
13528
13529
13531
13532
13533
13537
13539
13540
13541
13542
13544
13545
13546
13549
13551
13553
13554
13556
13557
13562
13563
13566
13571
13573
13577
13578
13579
13582
13585
13588
13589
13591
13592
13599
13601
13602
13603
13606
13613
13615
13616
13617
13619
13620
13622
13625
13627
13630
13631
13632
13633
13637
13638
13639
13642
13643
13648
13650
13654
13660
13661
13664
13669
13671
13680
13684
13685
13687
13695
13696
13698
13699
13700
13703
13705
13706
13712
13716
13718
13727
13729
13730
13732
13734
13735
13740
13741
13742
13745
13747
13752
13753
13756
13757
13762
13767
13769
13771
13773
13778
13781
13783
13784
13786
13794
13797
13800
13801
13802
13810
13813
13815
13816
13817
13819
13830
13831
13833
13834
13835
13836
13838
13847
13848
13850
13852
13854
13855
13856
13857
13858
13859
13860
13862
13864
13933
13934
13936
13938
13940
13942
13943
13944
13945
13946
13947
13948
13949
13950
13951
13953
13958
13959
13960
13962
13963
13966
13973
14111
14112
14113
14115
14116
14117
14118
14119
14120
14121
14122
14123
14124
14125
14129
14130
14131
14132
14141
14142
14160
14161
14162
14163
14164
14165
14166
14167
14168
14169
14170
14185
14186
14187
14191
14192
14193
14194
14195
14196
14197
14198
14199
14200
14201
14202
14203
14206
14212
14215
14216
14217
14218
14222
14229
14230
14232
14234
14235
14236
14237
14238
14239
14244
14265
14266
14268
14269
14270
14276
14277
14278
14279
14280
14281
14283
14284
14285
14289
14295
14298
14300
14301
14303
14304
14306
14317
14318
14319
14320
14321
14323
14324
14328
14330
14331
14332
14333
14334
14335
14338
14339
14340
14341
14342
14343
14345
14346
14348
14358
14359
14360
14362
14363
14364
14365
14368
14369
14375
14376
14399
14400
14402
14403
14405
14410
14414
14416
14417
14418
14420
14421
14422
14423
14424
14427
14428
14429
14433
14434
14435
14437
14443
14446
14447
14448
14449
14450
14451
14453
14454
14455
14456
14459
14460
14463
14464
14465
14466
14467
14468
14473
14477
14478
14480
14482
14483
14485
14486
14487
14488
14493
14495
14496
14497
14498
14499
14500
14501
14502
14503
14504
14505
14507
14508
14509
14510
14511
14512
14513
14514
14515
14516
14517
14518
14521
14522
14523
14524
14525
14529
14531
14533
14534
14535
14536
14537
14538
14539
14540
14541
14542
14544
14547
14548
14549
14554
14555
14556
14557
14558
14560
14561
14577
14578
14579
14580
14581
14582
14583
14585
14588
14591
14592
14598
14599
14600
14601
14602
14604
14605
14606
14607
14608
14611
14612
14613
14615
14617
14618
14619
14621
14622
14625
14627
14628
14630
14636
14637
14638
14639
14646
14649
14652
14654
14655
14657
14665
14667
14668
14669
14679
14680
14683
14687
14689
14690
14691
14692
14693
14694
14695
14696
14697
14698
14699
14700
14701
14703
14704
14705
14706
14707
14708
14709
14711
14713
14714
14715
14716
14718
14719
14720
14721
14723
14724
14725
14727
14728
14729
14731
14733
14734
14735
14736
14737
14747
14749
14751
14752
14753
14754
14776
14777
14778
14779
14800
14802
14804
14805
14812
14818
14819
14820
14821
14822
14823
14824
14825
14826
14827
14828
14830
14831
14832
14834
14835
14836
14837
14838
14841
14845
14846
14847
14848
14849
14850
14851
14852
14853
14854
14855
14856
14857
14858
14859
14860
14862
14863
14866
14870
14871
14874
14875
14884
14886
14888
14889
14890
14891
14892
14893
14895
14904
14905
14906
14907
14908
14909
14910
14912
14914
14915
14916
14917
14919
14921
14922
14924
14926
14927
14928
14929
14930
14931
14932
14934
14938
14939
14942
14943
14944
14945
14946
14948
14949
14951
14953
14954
14955
14957
14958
14959
14960
14962
14996
14997
14998
14999
15000
15001
15002
15003
15004
15005
15006
15007
15008
15009
15010
15011
15012
15013
15014
15015
15016
15017
15018
15019
15020
15021
15023
15025
15026
15027
15028
15029
15030
15031
15032
15033
15034
15035
15036
15037
15038
15039
15040
15041
15042
15043
15044
15045
15046
15047
15048
15049
15050
15051
15052
15053
15054
15055
15056
15057
15058
15059
15060
15061
15062
15063
15064
15065
15066
15067
15068
15069
15070
15071
15072
15073
15074
15075
15076
15077
15078
15079
15080
15102
15103
15105
15106
15107
15108
15109
15110
15112
15114
15115
15116
15117
15119
15120
15121
15123
15124
15126
15127
15128
15129
15131
15132
15133
15134
15135
15138
15139
15141
15142
15143
15145
15146
15148
15171
15224
15225
15226
15227
15228
15230
15231
15232
15233
15234
15235
15236
15237
15238
15239
15240
15241
15242
15243
15244
15245
15246
15247
15248
15249
15250
15251
15252
15253
15254
15255
15258
15259
15260
15262
15264
15265
15266
15267
15268
15269
15270
15271
15272
15273
15274
15275
15276
15277
15278
15279
15280
15281
15282
15283
15284
15285
15286
15288
15289
15290
15291
15292
15293
15294
15295
15312
15313
15327
15330
15331
15333
15335
15336
15337
15338
15339
15340
15341
15342
15343
15344
15345
15346
15347
15348
15349
15350
15351
15352
15353
15354
15355
15356
15357
15358
15359
15360
15361
15362
15363
15364
15365
15366
15367
15368
15369
15370
15371
15372
15373
15374
15375
15376
15377
15378
15379
15380
15381
15382
15420
15422
15424
15426
15427
15428
15429
15430
15431
15432
15437
15438
15439
15440
15442
15443
15444
15448
15466
15469
15470
15471
15590
15591
15598
15601
15613
15620
15634
15635
15636
15637
15638
15639
15640
15641
15646
15650
15654
15658
15659
15660
15662
15663
15664
15666
15667
15668
15669
15671
15672
15673
15674
15675
15677
15678
15679
15680
15682
15683
15684
15685
15686
15687
15688
15689
15690
15691
15692
15782
15783
15784
15785
15786
15787
15788
15789
15790
15791
15817
15818
15820
15822
15823
15827
15829
15831
15832
15833
15834
15844
15845
15850
15860
15861
15862
15863
15864
15865
15866
15868
15869
15870
15871
15872
15873
15874
15875
15877
15878
15879
15880
15881
15882
15883
15884
15886
15887
15888
15889
15890
15891
15892
15893
15894
15895
15896
15897
15898
15899
15900
15901
15902
15903
15904
15907
15908
15910
15911
15912
15913
15914
15922
15925
15926
15928
15930
15932
15933
15934
15937
15939
15949
15950
15951
15952
15954
15957
15958
15959
15960
15962
15963
15964
15965
15966
15967
15968
15969
15970
15971
15973
15974
15975
15976
15977
15978
15979
15980
15981
15982
15983
15984
15985
15986
15987
15988
15989
15990
15991
15992
15993
15994
15995
15996
15997
15998
15999
16000
16001
16002
16003
16004
16005
16006
16007
16008
16009
16010
16011
16012
16013
16014
16015
16019
16021
16025
16026
16027
16028
16030
16032
16033
16034
16036
16037
16042
16043
16045
16046
16047
16048
16065
16066
16068
16069
16070
16071
16072
16076
16077
16078
16079
16083
16088
16089
16093
16096
16098
16116
16117
16118
16119
16120
16121
16122
16123
16124
16125
16126
16127
16128
16129
16130
16132
16133
16134
16135
16136
16137
16138
16139
16140
16141
16142
16143
16144
16145
16160
16186
16187
16188
16189
16190
16191
16192
16193
16194
16195
16255
16262
16266
16269
16271
16302
16305
16306
16309
16310
16312
16313
16314
16315
16316
16319
16320
16321
16322
16323
16324
16325
16326
16327
16328
16329
16330
16331
16332
16334
16336
16337
16338
16339
16340
16341
16342
16343
16345
16346
16347
16348
16349
16355
16356
16360
16361
16362
16367
16369
16370
16371
16374
16378
16380
16381
16382
16388
16391
16392
16396
16397
16398
16399
16400
16401
16402
16405
16407
16410
16411
16412
16413
16414
16415
16417
16420
16424
16425
16426
16427
16428
16429
16430
16431
16435
16437
16438
16439
16440
16441
16443
16444
16445
16446
16448
16449
16451
16453
16458
16461
16462
16463
16466
16467
16469
16470
16474
16478
16479
16481
16482
16483
16485
16489
16491
16493
16494
16495
16496
16498
16499
16502
16503
16506
16509
16511
16512
16513
16515
16516
16520
16522
16523
16524
16527
16529
16530
16534
16536
16537
16538
16539
16540
16541
16542
16544
16545
16546
16550
16551
16554
16556
16557
16559
16561
16566
16567
16570
16572
16573
16574
16575
16576
16577
16579
16580
16581
16582
16584
16590
16594
16596
16597
16598
16599
16600
16602
16603
16604
16607
16608
16609
16610
16611
16615
16618
16619
16621
16622
16623
16624
16625
16626
16628
16630
16631
16632
16634
16639
16641
16643
16644
16646
16648
16649
16651
16652
16653
16654
16658
16660
16661
16664
16665
16666
16667
16669
16671
16672
16673
16676
16677
16679
16681
16683
16684
16685
16686
16689
16692
16694
16695
16696
16699
16700
16705
16706
16719
16720
16721
16736
16738
16740
16744
16753
16755
16756
16773
16838
16839
16843
16844
16846
16847
16848
16849
16856
16857
16858
16859
16860
16861
16863
16864
16865
16866
16867
16868
16869
16870
16871
16873
16874
16875
16876
16877
16878
16879
16881
16882
16883
16885
16886
16887
16888
16889
16891
16892
16893
16894
16895
16896
16897
16898
16899
16901
16902
16903
16904
16906
16908
16909
16911
16915
16916
16918
16921
16922
16923
16925
16926
16927
16928
16930
16933
16934
16935
16936
16937
16938
16940
16941
16942
16943
16944
16945
16946
16947
16949
16950
16951
16952
16954
16955
16956
16957
16958
16959
16963
16964
16966
16967
16968
16969
16970
16971
16972
16973
16974
16975
16976
16977
16978
16979
16981
16982
16984
16986
16989
16990
16991
16992
16994
16995
16996
16998
16999
17000
17002
17005
17007
17009
17010
17011
17012
17014
17015
17016
17017
17018
17019
17020
17021
17024
17025
17027
17028
17029
17030
17031
17032
17033
17034
17036
17037
17039
17041
17042
17043
17045
17046
17047
17052
17053
17054
17056
17058
17059
17062
17064
17065
17066
17067
17070
17071
17073
17074
17076
17077
17078
17080
17081
17082
17083
17084
17085
17086
17087
17090
17092
17093
17095
17096
17098
17099
17100
17101
17102
17103
17104
17105
17106
17108
17110
17112
17113
17114
17115
17116
17117
17118
17119
17120
17122
17123
17124
17126
17127
17128
17129
17130
17131
17132
17133
17136
17138
17140
17142
17143
17145
17147
17148
17149
17151
17152
17153
17154
17156
17157
17158
17159
17160
17161
17162
17167
17169
17171
17172
17173
17176
17177
17178
17180
17181
17182
17183
17184
17185
17186
17187
17189
17191
17195
17197
17198
17199
17200
17202
17203
17204
17206
17207
17209
17210
17211
17212
17213
17215
17216
17218
17219
17221
17222
17223
17224
17225
17226
17227
17229
17230
17231
17233
17234
17235
17236
17237
17239
17242
17243
17246
17247
17248
17249
17250
17251
17252
17255
17257
17258
17259
17261
17262
17264
17265
17266
17267
17272
17273
17274
17277
17278
17279
17281
17282
17283
17284
17285
17286
17288
17289
17290
17291
17294
17295
17296
17297
17298
17299
17301
17302
17303
17305
17306
17307
17309
17311
17314
17316
17319
17320
17321
17323
17324
17325
17326
17328
17329
17330
17332
17333
17334
17335
17336
17337
17339
17340
17341
17342
17345
17346
17349
17351
17355
17356
17357
17358
17359
17360
17363
17367
17368
17369
17370
17371
17372
17373
17374
17376
17377
17378
17379
17380
17381
17382
17384
17387
17388
17389
17390
17392
17393
17394
17395
17397
17398
17399
17400
17401
17404
17406
17408
17409
17410
17411
17412
17413
17415
17416
17417
17418
17419
17422
17423
17424
17427
17428
17429
17430
17431
17432
17433
17435
17437
17439
17440
17441
17442
17443
17444
17445
17448
17449
17450
17452
17453
17456
17457
17458
17459
17460
17462
17463
17466
17467
17468
17470
17471
17472
17473
17474
17476
17477
17479
17481
17483
17484
17485
17487
17489
17491
17492
17494
17495
17496
17497
17498
17499
17500
17501
17502
17504
17507
17508
17509
17510
17511
17512
17513
17514
17515
17516
17517
17518
17519
17520
17522
17525
17527
17528
17529
17530
17532
17533
17535
17536
17537
17538
17539
17540
17541
17542
17543
17544
17545
17546
17548
17549
17551
17553
17554
17555
17556
17557
17558
17559
17560
17561
17562
17563
17564
17565
17566
17567
17570
17571
17572
17573
17574
17575
17576
17578
17579
17580
17581
17582
17583
17584
17585
17586
17590
17591
17592
17594
17596
17598
17600
17601
17602
17604
17605
17606
17607
17609
17611
17612
17613
17615
17616
17617
17618
17619
17620
17622
17625
17626
17627
17628
17629
17630
17632
17633
17636
17638
17639
17641
17644
17646
17648
17649
17650
17651
17653
17654
17655
17656
17658
17659
17660
17661
17662
17664
17665
17666
17669
17671
17672
17673
17675
17677
17678
17679
17680
17681
17682
17683
17685
17686
17687
17688
17689
17691
17692
17693
17694
17695
17696
17698
17699
17700
17701
17702
17703
17704
17705
17706
17707
17708
17709
17710
17711
17712
17713
17714
17716
17717
17718
17722
17723
17724
17725
17728
17731
17732
17735
17736
17737
17738
17739
17740
17741
17742
17743
17744
17746
17749
17750
17752
17753
17754
17755
17756
17759
17761
17762
17763
17764
17765
17766
17767
17768
17769
17770
17771
17772
17773
17774
17775
17776
17777
17780
17784
17788
17789
17790
17792
17794
17795
17796
17797
17799
17800
17801
17802
17803
17805
17806
17807
17808
17809
17811
17812
17813
17815
17816
17817
17818
17819
17820
17821
17823
17824
17826
17828
17829
17830
17832
17833
17834
17836
17837
17838
17839
17841
17842
17843
17844
17845
17846
17847
17848
17849
17851
17852
17853
17854
17855
17857
17858
17859
17860
17861
17862
17863
17865
17868
17869
17871
17872
17873
17874
17875
17876
17877
17878
17879
17880
17881
17885
17886
17887
17889
17890
17891
17892
17893
17894
17895
17897
17898
17899
17901
17902
17903
17904
17906
17907
17908
17909
17910
17911
17914
17915
17916
17917
17918
17919
17920
17921
17923
17924
17925
17927
17928
17932
17933
17934
17935
17936
17937
17938
17939
17940
17941
17942
17945
17947
17948
17949
17951
17953
17954
17956
17957
17958
17959
17960
17961
17962
17963
17964
17965
17967
17970
17971
17973
17974
17975
17976
17977
17978
17980
17981
17982
17984
17985
17987
17990
17991
17992
17994
17995
17997
17998
18000
18002
18003
18004
18007
18008
18009
18011
18013
18014
18015
18017
18018
18019
18020
18021
18022
18024
18025
18026
18027
18028
18030
18031
18032
18033
18034
18036
18038
18039
18040
18041
18042
18043
18044
18045
18046
18047
18048
18049
18051
18052
18054
18055
18057
18058
18059
18060
18061
18062
18063
18065
18067
18068
18069
18070
18071
18072
18074
18075
18076
18077
18079
18080
18082
18084
18086
18087
18088
18089
18090
18091
18092
18095
18096
18097
18100
18101
18104
18105
18106
18107
18108
18109
18112
18113
18114
18116
18117
18119
18121
18125
18126
18127
18128
18129
18131
18132
18133
18135
18137
18138
18139
18143
18144
18145
18147
18148
18149
18151
18152
18154
18155
18156
18157
18158
18160
18161
18162
18164
18165
18167
18168
18170
18171
18174
18179
18180
18181
18182
18184
18185
18189
18190
18192
18194
18196
18197
18198
18200
18203
18205
18207
18208
18210
18211
18212
18213
18214
18215
18216
18217
18218
18219
18220
18221
18225
18226
18227
18228
18229
18230
18231
18233
18235
18236
18237
18238
18239
18240
18241
18243
18244
18245
18246
18247
18248
18252
18253
18254
18255
18256
18257
18258
18259
18260
18261
18262
18263
18266
18268
18270
18271
18272
18273
18275
18276
18277
18278
18279
18282
18283
18285
18286
18287
18288
18289
18290
18291
18295
18296
18297
18299
18300
18301
18302
18305
18307
18308
18309
18311
18312
18314
18315
18317
18318
18319
18320
18321
18324
18325
18328
18329
18330
18331
18332
18333
18334
18335
18336
18338
18339
18340
18341
18342
18343
18344
18345
18346
18347
18348
18349
18350
18351
18352
18353
18354
18356
18357
18358
18359
18360
18361
18362
18364
18366
18367
18368
18369
18370
18371
18372
18373
18374
18376
18379
18381
18383
18384
18386
18390
18391
18392
18394
18395
18397
18398
18399
18401
18402
18403
18404
18406
18408
18409
18410
18411
18412
18414
18415
18417
18418
18419
18420
18421
18422
18424
18425
18427
18428
18429
18430
18434
18435
18437
18438
18439
18440
18442
18443
18445
18446
18448
18449
18450
18451
18452
18453
18455
18456
18457
18458
18459
18460
18464
18465
18466
18469
18470
18471
18472
18474
18477
18478
18479
18480
18481
18482
18483
18485
18486
18487
18489
18490
18491
18492
18493
18494
18497
18498
18499
18500
18502
18503
18504
18505
18506
18507
18508
18509
18510
18511
18512
18513
18514
18515
18518
18519
18520
18521
18522
18525
18527
18528
18529
18530
18531
18532
18533
18534
18535
18536
18537
18538
18539
18540
18541
18542
18543
18544
18545
18547
18549
18551
18552
18553
18554
18555
18556
18557
18558
18559
18560
18561
18562
18563
18564
18566
18567
18568
18569
18570
18571
18572
18573
18574
18576
18577
18578
18579
18580
18581
18582
18583
18584
18585
18586
18587
18588
18589
18590
18591
18594
18595
18596
18597
18598
18601
18602
18603
18604
18607
18608
18609
18611
18613
18616
18617
18620
18623
18624
18625
18628
18630
18631
18633
18637
18638
18639
18640
18644
18645
18646
18647
18648
18649
18650
18652
18653
18655
18656
18660
18662
18663
18667
18670
18671
18672
18673
18674
18676
18680
18683
18685
18686
18690
18693
18694
18695
18697
18698
18699
18702
18704
18711
18712
18716
18718
18720
18721
18722
18726
18730
18732
18736
18737
18738
18740
18741
18744
18745
18746
18748
18750
18755
18758
18763
18765
18766
18767
18770
18777
18778
18781
18785
18786
18789
18793
18794
18797
18802
18804
18805
18807
18809
18813
18815
18816
18819
18821
18825
18826
18828
18829
18832
18835
18836
18837
18838
18841
18844
18845
18846
18847
18849
18850
18856
18858
18860
18861
18862
18865
18866
18867
18869
18871
18872
18873
18875
18877
18878
18879
18880
18881
18882
18883
18884
18885
18890
18891
18892
18893
18895
18897
18898
18899
18903
18906
18908
18909
18910
18914
18915
18971
18975
19006
19007
19008
19009
19012
19013
19014
19015
19035
19036
19039
19040
19041
19042
19043
19045
19046
19047
19049
19051
19052
19059
19062
19064
19066
19067
19069
19070
19072
19074
19076
19077
19078
19108
19109
19110
19111
19112
19113
19114
19117
19118
19119
19122
19123
19124
19132
19133
19134
19135
19136
19137
19138
19139
19140
19142
19144
19145
19146
19147
19148
19149
19152
19183
19200
19201
19211
19212
19213
19214
19215
19216
19218
19220
19221
19222
19223
19224
19225
19226
19227
19228
19229
19230
19231
19232
19233
19235
19236
19238
19239
19243
19244
19245
19247
19248
19249
19252
19254
19256
19261
19263
19265
19266
19267
19268
19270
19271
19274
19275
19277
19297
19301
19302
19303
19309
19310
19315
19316
19317
19318
19319
19320
19322
19324
19327
19329
19345
19346
19347
19348
19349
19350
19351
19352
19353
19354
19355
19356
19357
19358
19359
19362
19363
19364
19365
19369
19379
19381
19432
19433
19435
19436
19437
19438
19439
19440
19441
19443
19444
19445
19447
19450
19451
19452
19453
19454
19455
19456
19457
19460
19461
19462
19463
19464
19465
19466
19467
19469
19476
19478
19479
19480
19481
19482
19483
19484
19485
19486
19487
19493
19495
19496
19500
19501
19502
19503
19504
19519
19521
19522
19523
19524
19526
19527
19528
19529
19548
19549
19550
19551
19552
19553
19555
19556
19557
19558
19559
19560
19561
19562
19563
19565
19567
19568
19570
19572
19574
19578
19586
19587
19588
19589
19590
19591
19592
19593
19594
19595
19754
19758
19759
19760
19761
19762
19763
19766
19768
19774
19775
19776
19777
19778
19780
19781
19782
19784
19787
19788
19789
19790
19791
19792
19793
19794
19795
19796
19797
19798
19799
19800
19801
19802
19803
19804
19805
19807
19808
19809
19810
19811
19812
19815
19819
19822
19824
19826
19827
19828
19829
19830
19831
19832
19834
19835
19836
19837
19839
19840
19842
19850
19852
19853
19854
19855
19856
19857
19859
19860
19861
19862
19865
19867
19869
19871
19873
19874
19875
19876
19877
19879
19880
19881
19883
19884
19885
19887
19888
19889
19893
19897
19898
19902
19903
19909
19911
19912
19949
19950
19952
19953
19954
19956
19957
19958
19959
19960
19961
19962
19963
19965
19966
19970
19973
19974
19975
19978
19979
19981
19982
19983
19984
19986
19987
19988
19991
19992
19993
19994
19997
19998
19999
20089
20090
20091
20092
20093
20094
20095
20096
20121
20122
20123
20124
20125
20127
20128
20129
20130
20131
20132
20133
20134
20136
20137
20139
20140
20141
20142
20189
20190
20191
20192
20193
20194
20195
20196
20203
20205
20207
20208
20209