288
303
316
451
468
473
491
502
507
611
651
652
653
654
658
659
662
664
665
667
668
669
670
671
675
676
681
682
686
687
688
691
694
696
697
698
699
702
703
704
705
707
710
713
715
717
721
722
724
725
726
729
730
731
732
735
736
737
738
739
740
741
742
744
746
748
753
756
757
761
765
767
769
770
773
775
778
779
780
781
784
785
786
787
789
791
792
794
795
797
799
802
803
805
807
808
809
812
813
814
815
818
822
824
825
826
827
828
830
831
832
834
835
837
838
840
841
842
844
845
847
850
852
853
854
857
862
863
865
868
874
877
879
882
884
886
888
889
890
892
894
896
898
900
901
902
903
905
911
912
914
915
917
919
920
923
924
927
1819
1865
1949
2279
2280
2657
2923
2950
3197
3201
3221
3222
3233
3265
3277
3326
3386
3437
3546
3556
3656
3690
3724
3752
3771
3781
3787
3804
3808
3846
3864
3873
3908
3932
3935
3953
3987
4022
4051
4056
4063
4101
4141
4163
4167
4294
4298
4446
4452
4453
6096
6118
6853
6855
6859
6860
6861
6870
6881
6893
6896
6912
6915
6922
6924
6930
6938
6946
6948
6952
6966
6978
6988
6992
7004
7032
7040
7049
7080
7084
7097
7116
7121
7125
7133
7134
7138
7147
7155
7157
7173
7182
7183
7191
7202
7209
7210
7237
7244
7245
7613
8347
8387
8604
8834
9729
9731
9732
9733
9869
9872
9875
9876
9877
10283
10297
10399
10427
11103
11108
11113
11136
11145
11148
11150
11158
11161
11163
11165
11168
11172
11183
11189
11190
11191
11192
11195
11198
11199
11200
11205
11208
11211
11215
11220
11221
11234
11239
11249
11251
11256
11258
11259
11260
11263
11264
11271
11274
11275
11276
11278
11279
11281
11282
11286
11288
11289
11293
11296
11297
11298
11300
11301
11303
11314
11315
11316
11318
11324
11325
11326
11330
11331
11332
11333
11336
11337
11338
11341
11343
11346
11349
11353
11356
11357
11358
11360
11361
11366
11369
11370
11372
11373
11377
11378
11380
11382
11390
11393
11396
11397
11403
11407
11408
11409
11410
11416
11417
11419
11421
11423
11429
11432
11435
11436
11441
11442
11443
11445
11447
11453
11455
11458
11461
11463
11477
11481
11484
11485
11489
11493
11497
11498
11500
11501
11502
11504
11506
11508
11545
11549
11553
11554
11563
11567
11576
12761
13093
13301
13547
13777
14472
14640
14641
14644
14645
14647
14867
15153
15157
15161
15162
15165
15168
15170
15171
15173
15177
15183
15184
15189
15190
15192
15196
15199
15207
15210
15212
15213
15215
15216
15384
15495
15516
15517
15521
15531
15534
15544
15546
15567
15571
19081
19196
19198
19756
19933
19945
20017
20187