594
596
598
600
603
604
605
606
608
610
613
614
615
616
617
624
625
629
631
634
635
637
639
642
643
759
1814
1827
2150
2161
2199
2365
2386
2387
2487
2945
3344
4140
4517
4519
4522
4524
4931
5037
5038
5041
5042
5424
6210
6213
6214
6216
6625
6631
6641
6715
6748
6806
6906
6944
6945
6951
6974
7112
7130
7132
7157
7218
7231
7390
7392
7406
7414
8303
8328
8329
8440
8454
8458
8460
8466
8467
8474
8483
8490
8585
8851
9522
9648
9651
9657
9665
10138
10148
10151
10158
10161
10164
10167
10168
10170
10172
10176
10178
10181
10182
10184
10187
10190
10193
10194
10195
10197
10198
10199
10201
10202
10205
10206
10211
10212
10215
10217
10218
10219
10220
10222
10225
10226
10230
10233
10234
10236
10239
10242
10243
10244
10247
10248
10253
10255
10257
10258
10262
10263
10264
10265
10266
10267
10268
10269
10270
10272
10277
10280
10284
10286
10287
10288
10291
10293
10294
10300
10302
10310
10311
10312
10313
10316
10317
10319
10325
10327
10329
10332
10338
10342
10343
10344
10350
10351
10355
10357
10358
10360
10362
10364
10371
10373
10374
10376
10377
10378
10379
10381
10382
10384
10385
10386
10387
10388
10390
10391
10392
10393
10394
10395
10396
10398
10399
10400
10408
10409
10410
10411
10413
10414
10416
10419
10420
10422
10423
10424
10430
10435
10437
10438
10440
10441
10443
10450
10451
10452
10455
10457
10459
10461
10462
10463
10466
10467
10470
10473
10474
10479
10480
10483
10484
10486
10487
10488
10493
10494
10496
10497
10503
10505
10506
10508
10509
10510
10511
10513
10516
10517
10518
10521
10529
10531
10540
10541
10544
10546
10548
10549
10551
10556
10561
10563
10566
10568
10569
10571
10572
10576
10578
10579
10580
10582
10584
10585
10586
10587
10594
10595
10596
10599
10601
10602
10604
10607
10609
10611
10614
10615
10616
10618
10620
10621
10622
10623
10625
10631
10637
10638
10639
10641
10643
10644
10645
10647
10648
10650
10655
10657
10658
10661
10662
10665
10668
10669
10671
10672
10679
10680
10683
10684
10685
10686
10690
10691
10692
10696
10700
10701
10703
10704
10706
10707
10708
10709
10710
10717
10726
10727
10733
10734
10735
10736
10739
10740
10742
10744
10746
10748
10751
10752
10753
10754
10756
10757
10758
10759
10762
11076
11178
11209
11265
11307
11486
11509
11667
12527
12650
12674
12721
12731
13252
14248
14252
14739
14745
14968
14983
15395
15798
18992
19003
19517
19919
19923
19936