1311
1312
1314
1315
1317
1318
1319
1320
1322
1324
1325
1326
1327
1328
1329
1497
1498
1499
1500
1501
1502
1503
1572
1573
1574
1575
1576
1577
1578
1579
1580
1581
1582
1583
1584
1585
1586
1587
1588
1856
2100
2103
2464
2516
3026
3038
4308
4309
4310
4311
4312
4313
4314
4315
4316
4317
4318
4319
4320
4321
4322
4323
4324
4325
4326
4328
4329
4502
4503
4504
4510
4820
4822
4831
4833
5580
5581
5582
7500
7508
7509
8037
8038
8039
8040
8041
8042
8044
8045
9801
9802
9803
13219
13220
13224
13232
13372
13389
13402
13557
13576
13609
13716
15652
16740
16741
16742
16743
16744
16745
16746
16747
16748
16749
16750
16751
16757
16758
16759
19026
19129
19301
19488
19489
19490
19493
19494
19579
19580
20113