562
975
980
982
983
984
991
992
994
1011
1029
1279
1360
1371
1378
1432
1527
1875
2112
2438
2506
2522
2523
3041
3046
3154
4347
4421
4425
4471
4585
4612
4632
4641
4676
4730
4744
4751
4753
4759
4781
4791
4941
4945
4992
4999
5231
5236
5239
5255
5320
5350
5352
5439
5584
5597
5695
5700
6192
6240
6242
6246
6363
6364
6368
6369
6372
6382
6387
6388
6390
6394
6396
6428
6443
6450
6573
6577
7291
7343
7417
7454
7455
7456
7460
7638
7686
7688
7691
7693
7695
7696
7699
7700
7701
7709
7745
7762
7768
7769
7779
7784
7787
7794
7800
7826
7829
7837
7851
7962
8048
8101
8107
8109
8112
8113
8115
8120
8132
8139
8153
8178
8184
8190
8191
8192
8193
8194
8198
8200
8201
8202
8204
8207
8218
8228
8229
8230
8231
8232
8233
8236
8241
8248
8267
8276
8543
8551
8553
8559
8560
8561
8564
8567
8570
8572
8573
8669
8685
8747
8748
8765
8820
8825
8945
8946
8948
8951
8952
8960
8977
8978
8981
8984
8986
8995
9006
9239
9290
9293
9306
9441
9447
9685
9690
9694
9720
9747
9757
9879
10007
10008
10010
10013
10033
10037
10053
10077
10101
10778
10798
10824
10838
10925
10987
10988
11025
11053
11583
11609
11612
11634
11639
11644
11650
11656
11726
11734
11735
11784
11787
11820
11821
11822
11823
11827
11831
11834
11835
11836
11854
11869
11873
11877
11878
11882
11886
12028
12030
12032
12033
12035
12036
12037
12038
12098
12106
12255
12296
12323
12332
12336
12347
12348
12351
12358
12360
12374
12394
12436
12444
12447
12455
12457
12462
12475
12476
12483
12517
12525
12530
12541
12550
12557
12565
12572
12579
12604
12616
12618
12640
12646
12647
12653
12656
12667
12678
12682
12687
12689
12738
12743
12781
12783
12795
12804
12826
12831
12837
12844
12856
12861
12894
12917
12921
12937
12940
12945
12948
12973
13002
13015
13021
13023
13051
13088
13100
13109
13120
13165
13173
13174
13179
13182
13187
13197
13200
13209
13212
13267
13299
13320
13324
13326
13345
13369
13370
13400
13420
13458
13472
13506
13571
13589
13592
13637
13669
13738
13747
13771
13797
13836
13958
13966
14122
14169
14228
14272
14318
14320
14331
14335
14358
14359
14422
14444
14446
14447
14448
14450
14455
14458
14488
14493
14497
14498
14499
14500
14507
14508
14521
14551
14588
14591
14605
14625
14627
14631
14638
14680
14693
14694
14696
14709
14724
14725
14727
14728
14803
14819
14822
14823
14824
14825
14837
14838
14855
14859
14888
14890
14891
14892
14996
14997
14999
15000
15001
15002
15003
15004
15006
15009
15011
15014
15015
15016
15017
15018
15019
15020
15021
15023
15031
15032
15033
15040
15041
15042
15043
15044
15045
15051
15052
15054
15056
15057
15059
15060
15068
15069
15072
15073
15074
15079
15129
15135
15233
15235
15262
15266
15278
15280
15283
15294
15313
15333
15335
15339
15345
15348
15349
15350
15427
15592
15601
15636
15640
15642
15667
15679
15683
15686
15689
15690
16010
16028
16036
16090
16093
16136
16137
16138
16139
16159
16322
16371
16374
16425
16437
16493
16523
16607
16641
16651
16721
16842
16878
16904
16941
16969
16970
17093
17135
17148
17298
17334
17337
17392
17423
17696
17711
17973
18024
18072
18144
18181
18213
18301
18506
18511
18531
18540
19077
19108
19122
19123
19237
19346
19446
19450
19457
19462
19480
19482
19483
19554
19562
19569
19587
19758
19999
20122
20126
20130
20134
20137
20138
20140
20142
20199
20209