45
56
100
103
105
192
505
563
668
718
744
750
776
825
915
942
947
959
961
974
978
996
1023
1068
1172
1175
1228
1254
1283
1298
1305
1313
1316
1371
1385
1386
1405
1406
1411
1432
1467
1476
1495
1501
1516
1541
1544
1580
1587
1595
1622
1631
1722
1725
1756
1795
1878
1942
1980
1982
1986
1988
1989
1993
1999
2007
2066
2067
2233
2278
2312
2329
2349
2353
2357
2464
2511
2700
2993
3043
3044
3150
3154
3346
3403
3452
3846
3908
4282
4322
4329
4340
4352
4476
4502
4504
4507
4512
4514
4516
4525
4591
4601
4611
4612
4620
4641
4663
4676
4687
4691
4704
4709
4712
4737
4744
4745
4746
4751
4756
4762
4769
4771
4773
4781
4791
4792
4793
4800
4803
4804
4813
4827
4839
4874
4931
4932
4937
4942
4943
4949
4983
4987
4996
4997
5000
5001
5004
5119
5135
5140
5145
5216
5221
5225
5228
5241
5242
5261
5266
5288
5290
5291
5293
5295
5300
5303
5304
5306
5307
5346
5350
5368
5370
5374
5409
5418
5462
5543
5544
5547
5548
5551
5552
5553
5556
5559
5560
5565
5569
5576
5591
5681
5690
5699
5702
5977
6192
6220
6379
6393
6395
6398
6402
6409
6416
6423
6424
6525
6576
6578
6724
6725
6796
6863
6913
7044
7054
7093
7121
7288
7340
7341
7342
7348
7350
7352
7353
7423
7454
7472
7497
7508
7509
7551
7595
7597
7600
7615
7619
7632
7634
7638
7706
7707
7750
7870
7879
7963
7964
7965
7966
7967
7968
7969
7970
7971
7972
7973
7974
7975
7976
7977
7979
7980
7987
7994
8002
8031
8229
8231
8241
8266
8268
8276
8306
8317
8318
8332
8350
8367
8440
8453
8454
8466
8469
8507
8537
8552
8554
8557
8558
8561
8562
8571
8589
8590
8593
8597
8608
8610
8615
8616
8625
8632
8634
8704
8781
8782
8785
8794
8820
8822
8835
8839
8876
8913
9248
9440
9441
9446
9498
9680
9685
9687
9688
9690
9692
9694
9696
9706
9720
9723
9738
9740
9742
9744
9749
9802
9803
9831
9879
9881
9882
9920
9936
9939
9943
9946
9950
9958
9961
9981
9988
10007
10008
10010
10073
10076
10154
10311
10494
10920
10921
10924
10927
10953
10956
10957
10969
10990
10993
10994
11000
11004
11009
11045
11236
11260
11283
11316
11332
11468
11478
11511
11544
11560
11577
11581
11608
11614
11626
11628
11638
11640
11642
11643
11645
11646
11649
11651
11653
11654
11656
11657
11658
11659
11678
11692
11733
11735
11746
11752
11780
11788
11810
11821
11824
11829
11854
11863
11864
11874
11921
11929
11938
12187
12188
12192
12253
12257
12261
12313
12329
12349
12350
12353
12356
12361
12363
12366
12367
12386
12388
12396
12404
12413
12414
12424
12442
12444
12448
12451
12469
12488
12498
12519
12520
12523
12525
12553
12570
12578
12582
12598
12599
12619
12643
12646
12652
12659
12667
12670
12674
12684
12716
12719
12727
12732
12738
12745
12749
12776
12781
12789
12801
12812
12816
12840
12843
12844
12846
12849
12861
12862
12870
12894
12903
12906
12914
12918
12933
12948
12953
12960
12962
12965
12968
12970
12981
12994
13040
13081
13086
13174
13175
13196
13209
13214
13218
13223
13230
13232
13325
13328
13334
13392
13400
13418
13422
13435
13444
13460
13467
13483
13486
13580
13582
13606
13609
13613
13615
13656
13714
13727
13800
13833
13839
13861
13863
13864
13865
13949
13951
13963
13971
14224
14273
14279
14281
14287
14321
14356
14363
14386
14416
14417
14434
14440
14455
14459
14516
14517
14522
14523
14536
14599
14616
14648
14654
14657
14729
14737
14847
14850
14894
14942
14943
14956
14965
15004
15005
15029
15031
15033
15045
15046
15134
15135
15178
15290
15291
15334
15336
15342
15343
15346
15349
15350
15421
15436
15442
15447
15448
15449
15468
15536
15591
15597
15603
15623
15624
15628
15631
15632
15633
15640
15654
15666
15667
15682
15688
15714
15732
15776
15823
15926
15959
16027
16029
16031
16037
16052
16056
16085
16136
16137
16145
16150
16152
16174
16194
16300
16308
16317
16318
16323
16603
16677
16691
16753
16754
16760
16761
16768
16773
16783
16850
16882
16904
16911
16934
16935
16939
16951
16955
16956
16965
16982
16984
16987
17017
17029
17051
17052
17090
17091
17093
17098
17100
17103
17106
17121
17130
17131
17137
17145
17149
17156
17162
17187
17189
17191
17196
17200
17225
17229
17230
17231
17254
17264
17268
17306
17309
17311
17334
17358
17360
17380
17393
17394
17406
17411
17459
17477
17487
17518
17535
17539
17551
17558
17566
17591
17594
17596
17632
17633
17636
17641
17660
17665
17675
17690
17691
17698
17713
17714
17728
17731
17735
17737
17743
17745
17759
17798
17852
17864
17865
17875
17901
17908
17915
17932
17939
17957
17962
17973
17992
18000
18014
18018
18024
18028
18038
18045
18051
18062
18079
18088
18132
18143
18149
18154
18165
18182
18188
18213
18227
18241
18252
18278
18281
18287
18304
18338
18343
18349
18356
18362
18364
18369
18371
18376
18407
18411
18418
18439
18450
18482
18492
18506
18516
18521
18525
18534
18541
18547
18570
18572
18575
18600
18608
18680
18716
18736
18746
18754
18769
18819
18825
18871
18884
18893
18975
19028
19032
19041
19046
19053
19054
19055
19058
19062
19065
19071
19111
19112
19126
19154
19158
19162
19163
19164
19166
19168
19178
19179
19191
19267
19268
19272
19274
19311
19351
19755
19758
19776
19785
19830
19971
20035
20055
20080
20112
20128
20135
20137
20141
20189
20196