661
744
951
958
1100
1567
1590
1632
1639
1643
2145
2148
2150
2151
2152
2153
2154
2155
2157
2158
2161
2162
2163
2164
2165
2167
2170
2171
2172
2175
2176
2177
2179
2184
2185
2186
2187
2188
2189
2190
2193
2194
2195
2196
2197
2198
2199
2377
2383
2388
2392
2398
2413
2415
3064
3065
3158
4297
4902
4904
5027
5029
5035
5041
5043
5401
5802
5928
5931
5933
5935
5937
5989
6212
6336
6626
6627
6628
6629
6634
6635
6636
6637
6642
7670
7714
7716
7729
7733
7907
8582
8584
8644
8906
9760
9761
9762
9763
9764
9765
9766
9767
9769
9770
10021
10024
10025
10026
10028
10029
10030
10129
10131
10135
10859
11520
12224
12248
12535
12786
12833
12995
13011
13043
13084
13117
13141
13201
13395
13446
13500
13552
13640
13710
13808
13812
13813
13827
14379
14384
14396
14742
14745
14787
15175
15693
15698
15704
15771
15779
16055
16146
16149
16183
16233
17783
18976
18978
18979
18981
18983
18986
18993
18996
18997
18998
19002
19003
19004
19184
19209
19629