946
947
2387
2494
7059
8334
8338
8340
8342
8343
8344
8346
8347
8348
8349
8350
8351
8352
8353
8354
8356
8358
8360
8361
8362
8364
8365
8366
8367
8368
8373
8375
8376
8377
8378
8379
8381
8383
8384
8386
8387
8388
8389
8390
8391
8392
8397
8403
8404
8405
8406
8408
8410
8412
8413
8414
8415
8417
8418
8419
8420
8421
8423
8425
8426
8427
8428
8429
8430
8431
11271
11494
13362
13438
14782
14784
15472
15473
15474
15475
15476
15477
15478
15479
15480
15481
15482
15483
15484
15485
15486
15487
15488
15489
15490
15491
15492
15493
15494
15495
15496
15497
15498
15499
15500
15501
15502
15503
15504
15505
15506
15507
15508
15509
15510
15511
15512
15513
15514
15515
15516
15517
15518
15519
15520
15521
15522
15523
15524
15525
15526
15527
15528
15529
15530
15531
15532
15533
15534
15535
15536
15537
15538
15539
15540
15541
15542
15543
15544
15545
15546
15547
15548
15549
15550
15551
15552
15553
15554
15555
15556
15557
15558
15559
15560
15561
15562
15563
15564
15565
15566
15567
15568
15569
15570
15571
15572
15573
15574
15575
15576
15577
15578
15579
15580
15581
15582
15583
15584
15585
15586
15611
15768
15769
15773
15774
15775
19926