193
195
196
200
203
204
207
210
212
217
220
222
223
229
230
231
232
233
234
240
241
242
245
248
250
253
255
259
261
267
270
273
274
276
277
278
280
281
283
285
286
288
290
293
294
295
296
298
299
300
301
302
303
304
306
307
310
312
314
315
316
318
319
321
323
325
326
327
331
332
333
335
339
341
343
344
345
348
350
351
353
354
356
357
358
359
360
361
362
363
364
365
367
370
371
373
375
376
377
378
379
384
385
388
389
390
393
397
400
403
407
408
411
412
413
414
415
416
419
420
422
423
424
426
429
430
431
432
433
434
435
436
438
439
440
442
443
444
445
447
448
449
450
451
452
453
455
456
457
458
459
460
461
462
463
464
465
466
470
473
474
475
476
477
478
484
485
486
487
489
491
492
493
495
496
497
498
499
502
504
508
509
510
511
514
515
516
517
518
520
522
523
524
525
526
528
532
533
536
537
538
541
543
548
550
1049
1207
1213
1222
1228
1229
1815
1884
1911
1914
1915
1918
1919
1922
1923
1928
1932
1940
1941
1945
1948
1949
1952
1963
1965
1970
2249
2687
2879
3194
3195
3198
3205
3207
3208
3209
3211
3212
3213
3214
3215
3216
3219
3220
3221
3223
3226
3227
3228
3229
3230
3233
3237
3238
3239
3242
3247
3248
3250
3251
3253
3254
3265
3266
3274
3280
3281
3282
3283
3288
3290
3294
3295
3297
3305
3309
3310
3311
3312
3316
3319
3320
3322
3325
3326
3327
3328
3332
3333
3334
3336
3338
3339
3341
3343
3348
3350
3351
3352
3353
3354
3359
3362
3364
3367
3368
3371
3372
3373
3374
3379
3381
3383
3385
3391
3394
3395
3400
3401
3405
3407
3409
3411
3413
3415
3416
3418
3421
3425
3428
3429
3430
3432
3434
3435
3436
3437
3439
3440
3445
3448
3449
3452
3454
3456
3458
3459
3460
3462
3463
3464
3467
3469
3472
3474
3476
3479
3480
3481
3484
3486
3491
3493
3494
3496
3499
3502
3503
3505
3506
3509
3510
3511
3512
3513
3516
3517
3518
3521
3522
3523
3525
3528
3531
3532
3536
3537
3538
3539
3540
3542
3544
3548
3549
3551
3556
3557
3560
3561
3562
3563
3565
3568
3569
3573
3574
3575
3576
3579
3581
3582
3583
3584
3585
3587
3589
3590
3596
3597
3600
3601
3603
3604
3606
3607
3608
3609
3610
3612
3618
3619
3623
3624
3625
3626
3628
3629
3630
3632
3634
3635
3637
3639
3640
3643
3644
3645
3646
3648
3651
3653
3656
3658
3660
3661
3662
3664
3665
3666
3667
3668
3671
3672
3675
3676
3677
3678
3686
3687
3690
3691
3695
3696
3697
3699
3700
3702
3703
3704
3708
3709
3710
3711
3712
3715
3716
3717
3720
3721
3722
3723
3726
3727
3729
3731
3734
3736
3739
3740
3743
3746
3747
3748
3749
3752
3754
3761
3762
3763
3766
3769
3770
3772
3781
3786
3788
3795
3797
3799
3801
3803
3805
3807
3809
3810
3811
3812
3813
3814
3815
3816
3817
3818
3820
3822
3823
3826
3830
3831
3834
3836
3837
3838
3839
3840
3844
3845
3848
3850
3852
3855
3856
3858
3859
3861
3863
3864
3865
3866
3870
3872
3875
3877
3879
3880
3884
3885
3893
3895
3899
3900
3901
3905
3906
3907
3908
3909
3912
3913
3914
3916
3917
3918
3919
3920
3921
3925
3926
3927
3928
3932
3933
3938
3940
3941
3942
3943
3944
3946
3948
3949
3952
3955
3956
3961
3962
3964
3966
3967
3971
3975
3979
3981
3982
3983
3984
3993
3995
4001
4008
4009
4011
4012
4014
4017
4020
4022
4029
4030
4034
4036
4041
4042
4044
4046
4047
4048
4051
4055
4058
4059
4062
4063
4064
4065
4067
4068
4069
4072
4073
4074
4075
4076
4078
4082
4084
4086
4087
4091
4093
4094
4096
4097
4098
4101
4102
4106
4108
4109
4110
4111
4112
4114
4116
4120
4122
4124
4125
4127
4130
4131
4133
4134
4135
4136
4142
4145
4146
4151
4152
4154
4157
4161
4163
4164
4165
4167
4169
4173
4178
4179
4180
4181
4183
4185
4186
4188
4192
4194
4196
4197
4198
4202
4203
4206
4209
4210
4211
4217
4220
4222
4224
4225
4227
4228
4262
4265
4266
4268
4270
4271
4275
4277
4278
4279
4924
5463
5466
5473
5474
5478
5479
5482
5484
5487
5488
5491
5492
5495
5497
5498
5499
5500
5502
5503
5505
5507
5509
5510
5511
5512
5514
5516
5517
5524
5525
5528
5529
5531
6928
7360
7365
7366
7371
7373
7374
7375
7376
7379
7381
7383
7384
7386
7387
7388
7393
7397
7402
7403
7407
7408
7410
7415
8306
8323
9323
9463
9467
9533
9534
9536
9537
9539
9541
9545
9547
9548
9552
9554
9557
9563
9564
9565
9571
9572
9573
9574
9578
9579
9581
9583
9585
9590
9592
9594
9595
9596
9597
9599
9600
9601
9607
9608
9609
9611
9612
9613
9614
9615
9617
9619
9620
9622
9627
9631
9636
9638
9640
9647
9649
9658
9660
9662
9666
9670
9671
9673
9675
9676
9677
9678
9992
10378
11107
11117
11127
11136
11145
11150
11158
11159
11194
11208
11228
11247
11357
11361
11439
11604
11606
12301
12469
12584
12716
12770
12798
12842
13868
13875
13880
13887
13909
13926
14145
14156
14177
14398
16706
17566
20143
20144
20145
20147
20148
20151
20152
20154
20155
20156
20157
20163
20164
20165
20166
20169
20170
20171
20172
20174
20176
20177
20178
20179
20180
20185