6
8
14
18
19
23
29
30
32
39
40
45
52
58
59
60
63
68
71
81
84
85
88
90
93
94
100
104
106
115
116
119
120
123
129
136
140
142
153
156
158
159
160
162
163
167
172
175
176
178
352
511
2480
2551
2566
2570
2576
2584
2589
2593
2605
2608
2610
2617
2631
2636
2653
2654
2660
2671
2674
2678
2688
2689
2692
2697
2699
2707
2708
2709
2712
2717
2730
2731
2736
2745
2750
2752
2753
2756
2768
2773
2785
2788
2793
2797
2801
2803
2804
2806
2809
2810
2815
2825
2829
2844
2851
2873
2876
2893
2912
2913
2918
2926
2937
2939
2947
2956
2958
2961
2965
2975
2984
2985
2990
2991
2992
2997
3005
3012
3753
3918
13690
13779
15836
16279
16284
16291
16709