0
1
2
5
6
7
9
12
18
19
20
21
22
23
24
25
26
30
34
35
36
37
38
39
40
42
44
45
46
47
48
49
53
55
56
58
59
60
61
65
67
69
71
78
79
80
86
87
90
91
92
94
95
96
98
99
100
105
106
107
109
110
111
113
114
115
116
118
119
120
122
123
124
127
128
129
131
132
133
134
136
137
140
141
144
148
149
150
151
152
153
156
157
158
159
160
161
162
163
168
170
171
172
173
175
176
178
179
182
192
193
194
195
198
201
202
205
206
211
212
213
216
217
221
224
225
228
229
230
231
232
233
235
236
237
238
239
240
241
242
243
245
246
247
249
250
251
255
256
259
261
262
263
264
265
266
267
270
271
273
274
275
276
277
278
279
280
281
285
288
292
295
296
298
299
301
302
303
305
306
307
308
309
310
311
312
313
314
316
318
319
322
324
325
326
327
328
331
332
333
336
338
339
341
342
343
344
345
346
347
350
352
353
354
355
357
358
360
362
363
364
365
367
368
369
370
371
372
373
375
377
379
380
383
384
385
386
387
389
390
392
393
395
396
397
398
400
401
402
404
405
406
408
409
414
418
421
423
424
425
426
427
429
434
436
437
438
439
440
441
444
445
446
447
449
451
452
453
454
456
457
458
459
460
461
466
468
469
471
472
473
474
475
477
478
479
480
481
482
483
486
488
489
490
491
492
493
494
495
496
497
498
499
500
501
502
503
504
505
506
507
508
509
510
511
512
513
515
516
519
520
521
523
524
526
528
529
531
532
534
536
538
539
540
544
545
549
550
551
552
557
565
569
573
575
577
578
583
591
592
593
594
595
596
597
598
599
600
601
602
603
604
605
606
607
608
609
611
612
613
614
615
616
617
618
619
620
621
622
623
625
627
629
630
631
632
633
634
636
637
638
639
640
641
643
645
646
648
650
651
652
653
654
655
656
657
658
659
660
661
662
664
665
666
667
668
669
670
671
672
673
674
675
676
677
678
679
680
681
682
683
684
685
686
687
688
689
690
691
693
694
695
696
697
698
699
700
701
702
703
704
705
706
707
708
709
710
711
712
713
714
715
716
717
718
719
720
721
722
723
724
725
726
727
728
729
730
731
732
733
734
735
736
737
738
739
741
742
743
744
745
746
747
748
749
750
751
752
753
754
755
756
757
758
759
760
761
762
763
764
765
766
767
768
769
770
771
772
774
775
776
777
778
779
780
782
784
785
786
787
789
790
791
792
793
794
795
796
797
798
799
800
801
802
803
804
805
806
807
808
809
810
811
812
813
814
815
816
817
818
819
820
821
822
823
824
825
826
827
828
830
831
832
833
834
835
836
837
839
840
841
842
843
844
845
846
847
848
849
850
851
852
853
854
855
856
857
858
859
860
861
862
863
864
865
866
867
868
869
870
871
872
873
874
875
877
878
879
880
881
882
883
884
885
886
887
888
889
890
891
892
894
895
896
897
898
899
900
901
902
903
904
905
906
907
908
909
910
911
912
913
914
915
916
917
918
919
920
921
922
923
924
925
926
927
929
932
936
938
942
946
947
955
956
957
958
959
961
1039
1040
1041
1043
1044
1047
1048
1051
1052
1054
1055
1057
1059
1060
1061
1062
1063
1064
1066
1067
1091
1092
1093
1094
1095
1096
1098
1099
1100
1101
1102
1103
1104
1106
1107
1108
1109
1111
1112
1113
1114
1115
1116
1117
1118
1119
1120
1121
1122
1123
1124
1125
1126
1127
1128
1129
1130
1131
1132
1133
1134
1135
1136
1138
1139
1140
1141
1142
1144
1145
1146
1147
1148
1150
1151
1152
1153
1154
1156
1157
1158
1159
1160
1161
1162
1163
1164
1165
1166
1167
1168
1169
1170
1171
1172
1174
1175
1176
1177
1178
1179
1182
1183
1184
1186
1187
1188
1189
1190
1191
1192
1193
1194
1195
1196
1197
1198
1199
1200
1202
1203
1204
1206
1207
1208
1209
1211
1212
1213
1214
1215
1216
1218
1219
1220
1224
1225
1226
1228
1229
1230
1277
1321
1333
1334
1336
1337
1339
1342
1344
1345
1346
1347
1348
1349
1350
1352
1363
1368
1383
1390
1394
1395
1396
1397
1400
1401
1472
1478
1487
1490
1521
1522
1523
1525
1548
1549
1551
1552
1553
1555
1556
1557
1558
1560
1563
1565
1568
1569
1570
1571
1572
1573
1574
1575
1577
1579
1580
1581
1582
1584
1585
1586
1587
1588
1591
1596
1597
1598
1599
1632
1635
1636
1637
1638
1639
1640
1642
1644
1645
1646
1647
1648
1650
1651
1652
1654
1655
1656
1657
1658
1659
1660
1661
1662
1664
1665
1666
1667
1668
1669
1670
1671
1672
1673
1674
1675
1676
1677
1678
1679
1680
1682
1684
1685
1686
1687
1688
1689
1692
1693
1694
1696
1697
1698
1703
1713
1719
1721
1724
1727
1728
1730
1731
1735
1737
1740
1743
1745
1750
1751
1752
1759
1760
1762
1764
1767
1774
1775
1776
1779
1780
1783
1784
1786
1787
1788
1790
1791
1793
1794
1796
1797
1799
1801
1802
1803
1804
1805
1806
1807
1808
1809
1810
1811
1812
1813
1814
1815
1816
1817
1818
1819
1820
1821
1822
1824
1825
1826
1827
1828
1829
1830
1831
1832
1833
1834
1835
1836
1838
1840
1842
1843
1844
1845
1847
1848
1849
1850
1851
1852
1861
1862
1863
1865
1866
1867
1868
1869
1870
1871
1872
1873
1874
1875
1876
1877
1878
1879
1880
1881
1882
1883
1884
1885
1886
1887
1888
1889
1890
1891
1892
1893
1894
1895
1896
1897
1898
1899
1900
1901
1902
1903
1904
1905
1907
1908
1909
1910
1911
1912
1913
1914
1915
1916
1917
1919
1921
1922
1923
1924
1925
1926
1927
1929
1930
1931
1932
1934
1935
1936
1937
1938
1939
1940
1941
1942
1943
1944
1945
1946
1948
1949
1950
1951
1952
1953
1954
1955
1956
1957
1958
1959
1960
1961
1962
1963
1964
1965
1966
1967
1968
1969
1970
1971
1972
1973
1974
1975
1976
1977
1978
1979
1980
1981
1982
1983
1984
1985
1986
1987
1988
1989
1990
1991
1992
1993
1994
1995
1996
1997
1998
1999
2000
2001
2002
2003
2004
2006
2007
2008
2009
2011
2012
2013
2014
2016
2017
2018
2019
2022
2024
2025
2028
2041
2042
2043
2044
2045
2047
2048
2049
2053
2054
2055
2056
2059
2061
2065
2067
2097
2098
2101
2104
2117
2118
2119
2120
2121
2122
2123
2124
2125
2126
2130
2132
2134
2135
2136
2138
2140
2141
2144
2145
2147
2148
2150
2152
2161
2162
2164
2166
2167
2171
2179
2180
2183
2187
2188
2189
2191
2195
2197
2201
2216
2218
2221
2223
2225
2226
2229
2243
2246
2267
2268
2269
2270
2271
2272
2273
2274
2275
2276
2277
2278
2279
2280
2281
2282
2283
2284
2285
2286
2287
2288
2289
2290
2291
2292
2302
2303
2304
2305
2306
2308
2309
2310
2311
2323
2324
2326
2328
2330
2332
2335
2336
2337
2340
2348
2364
2365
2366
2367
2368
2370
2373
2374
2375
2377
2378
2380
2381
2382
2383
2387
2388
2390
2391
2392
2393
2394
2396
2398
2399
2400
2401
2403
2404
2407
2408
2409
2410
2411
2412
2413
2417
2418
2420
2424
2427
2448
2460
2461
2473
2474
2475
2476
2477
2478
2480
2481
2482
2483
2484
2485
2486
2487
2488
2489
2490
2491
2492
2493
2494
2495
2496
2497
2498
2499
2500
2501
2511
2512
2513
2514
2515
2516
2519
2529
2530
2531
2532
2543
2550
2558
2559
2561
2564
2566
2568
2569
2572
2575
2577
2579
2583
2584
2585
2587
2589
2591
2593
2594
2595
2599
2600
2605
2607
2616
2617
2619
2622
2626
2627
2629
2631
2634
2635
2637
2645
2648
2653
2654
2656
2657
2659
2660
2662
2663
2665
2667
2668
2674
2676
2678
2683
2687
2688
2689
2690
2696
2699
2700
2701
2702
2703
2704
2706
2708
2709
2712
2714
2717
2722
2724
2725
2726
2730
2732
2736
2739
2740
2741
2742
2744
2745
2747
2748
2750
2753
2754
2757
2760
2761
2762
2766
2767
2768
2770
2771
2773
2775
2784
2785
2789
2792
2795
2801
2802
2806
2808
2809
2810
2811
2812
2816
2819
2820
2821
2822
2825
2827
2828
2835
2848
2849
2850
2851
2852
2854
2857
2864
2866
2868
2871
2879
2880
2888
2891
2892
2893
2894
2899
2908
2910
2912
2913
2917
2918
2919
2921
2922
2923
2925
2926
2928
2930
2931
2933
2934
2937
2939
2946
2947
2950
2951
2955
2956
2959
2960
2963
2968
2971
2981
2984
2985
2988
2990
2991
2993
2994
3001
3002
3003
3011
3015
3016
3017
3028
3030
3031
3034
3056
3057
3058
3059
3062
3063
3064
3065
3157
3158
3159
3160
3161
3162
3163
3164
3165
3166
3167
3169
3170
3171
3172
3178
3179
3182
3183
3184
3185
3186
3187
3189
3191
3192
3193
3195
3196
3197
3199
3200
3201
3203
3206
3208
3209
3214
3217
3219
3220
3221
3222
3225
3226
3227
3232
3233
3234
3238
3239
3240
3241
3242
3243
3246
3253
3254
3256
3258
3259
3261
3263
3265
3266
3268
3270
3271
3273
3277
3279
3280
3286
3288
3290
3294
3297
3298
3301
3302
3305
3306
3307
3308
3309
3311
3313
3319
3320
3322
3324
3327
3330
3331
3333
3334
3335
3336
3339
3341
3342
3343
3344
3345
3346
3347
3349
3353
3354
3355
3356
3357
3358
3360
3361
3362
3363
3364
3365
3366
3368
3372
3373
3374
3379
3381
3382
3383
3385
3386
3387
3389
3390
3395
3396
3397
3398
3399
3401
3402
3403
3405
3407
3409
3412
3413
3416
3420
3421
3422
3423
3425
3431
3432
3435
3437
3440
3442
3443
3444
3445
3447
3448
3450
3453
3454
3455
3457
3458
3462
3464
3465
3466
3470
3474
3475
3476
3478
3479
3482
3484
3486
3487
3490
3491
3492
3493
3496
3497
3499
3500
3502
3503
3504
3505
3507
3508
3509
3511
3512
3513
3517
3518
3520
3521
3522
3523
3524
3525
3526
3527
3529
3531
3536
3537
3538
3540
3542
3546
3547
3550
3551
3554
3556
3557
3560
3561
3562
3564
3566
3568
3570
3573
3575
3576
3577
3578
3579
3581
3582
3583
3584
3585
3587
3590
3591
3595
3596
3597
3600
3602
3604
3605
3607
3608
3609
3610
3618
3619
3620
3621
3623
3625
3626
3627
3628
3630
3631
3632
3633
3634
3637
3639
3640
3643
3644
3645
3647
3648
3649
3650
3651
3653
3654
3656
3658
3660
3662
3663
3664
3665
3667
3669
3671
3672
3673
3674
3675
3677
3678
3679
3681
3682
3683
3684
3685
3689
3690
3691
3693
3694
3697
3698
3699
3700
3702
3704
3708
3710
3711
3713
3714
3716
3718
3719
3720
3721
3722
3723
3724
3726
3727
3729
3730
3731
3734
3735
3736
3737
3738
3739
3742
3744
3745
3747
3749
3752
3754
3755
3756
3759
3760
3761
3762
3764
3766
3767
3768
3769
3771
3773
3776
3779
3781
3782
3784
3785
3786
3787
3788
3791
3792
3794
3797
3799
3801
3802
3803
3804
3805
3806
3807
3808
3812
3814
3815
3816
3817
3818
3819
3821
3823
3826
3827
3829
3832
3834
3835
3837
3839
3840
3843
3844
3846
3850
3851
3852
3853
3854
3857
3858
3859
3860
3862
3864
3865
3867
3868
3869
3871
3873
3876
3877
3879
3882
3885
3890
3891
3892
3893
3897
3898
3901
3903
3904
3908
3909
3910
3915
3917
3918
3920
3922
3923
3925
3927
3928
3931
3932
3938
3939
3941
3944
3946
3948
3949
3950
3952
3953
3954
3956
3958
3960
3962
3963
3964
3968
3970
3974
3975
3976
3979
3980
3985
3986
3988
3989
3990
3992
3993
3995
3996
3997
3999
4008
4009
4011
4013
4015
4016
4019
4021
4022
4025
4028
4029
4031
4032
4034
4035
4037
4038
4040
4043
4044
4048
4051
4054
4056
4057
4058
4061
4063
4065
4066
4068
4069
4071
4074
4075
4085
4087
4089
4092
4093
4094
4095
4096
4097
4098
4099
4102
4106
4114
4115
4116
4118
4124
4125
4126
4127
4128
4130
4132
4133
4138
4139
4140
4141
4146
4148
4150
4152
4154
4155
4156
4157
4159
4161
4163
4165
4167
4169
4171
4173
4175
4176
4177
4178
4180
4181
4183
4184
4186
4187
4188
4191
4193
4194
4199
4200
4201
4202
4203
4205
4207
4208
4209
4210
4211
4212
4213
4215
4216
4218
4221
4222
4223
4224
4225
4227
4229
4239
4240
4242
4243
4247
4249
4250
4253
4261
4262
4267
4268
4271
4272
4274
4280
4281
4292
4293
4295
4296
4297
4298
4300
4301
4309
4310
4312
4314
4315
4341
4365
4366
4367
4368
4369
4370
4371
4373
4375
4377
4378
4379
4380
4381
4384
4386
4387
4388
4389
4390
4391
4395
4397
4398
4399
4400
4401
4402
4403
4404
4405
4407
4408
4410
4411
4412
4413
4414
4429
4434
4436
4440
4441
4442
4443
4444
4445
4446
4447
4451
4452
4453
4454
4455
4456
4458
4480
4481
4483
4484
4487
4488
4492
4494
4496
4497
4498
4500
4501
4502
4504
4505
4506
4507
4508
4510
4511
4514
4515
4516
4517
4518
4519
4520
4521
4522
4523
4524
4525
4526
4537
4827
4830
4841
4842
4843
4845
4846
4859
4864
4865
4866
4867
4868
4869
4870
4871
4872
4873
4874
4875
4876
4877
4878
4879
4880
4881
4882
4892
4893
4894
4895
4902
4906
4929
4930
4931
4947
4948
4949
4951
4952
4953
4954
4955
4956
4958
4959
4960
4962
4964
5024
5025
5028
5030
5032
5033
5034
5035
5036
5037
5038
5040
5042
5043
5073
5083
5092
5093
5094
5095
5096
5097
5099
5100
5101
5102
5103
5104
5105
5106
5107
5108
5109
5110
5111
5112
5113
5127
5128
5129
5131
5146
5157
5158
5159
5160
5161
5162
5163
5164
5165
5166
5168
5169
5170
5172
5173
5174
5175
5176
5178
5179
5180
5181
5183
5184
5185
5188
5189
5190
5191
5193
5195
5196
5197
5198
5200
5202
5203
5204
5278
5280
5281
5282
5283
5284
5285
5286
5287
5289
5290
5291
5294
5296
5297
5298
5299
5301
5302
5306
5321
5323
5331
5333
5336
5337
5339
5342
5388
5390
5391
5393
5394
5395
5398
5401
5402
5407
5408
5409
5412
5420
5423
5424
5426
5427
5428
5429
5449
5450
5452
5453
5462
5464
5467
5468
5469
5470
5472
5473
5475
5476
5477
5482
5483
5485
5487
5489
5490
5491
5492
5494
5495
5497
5498
5499
5500
5501
5503
5504
5506
5508
5511
5513
5514
5515
5518
5519
5520
5521
5522
5523
5524
5526
5527
5530
5531
5532
5535
5536
5537
5538
5539
5540
5541
5544
5545
5546
5547
5549
5551
5554
5556
5558
5560
5561
5562
5563
5564
5581
5582
5600
5601
5602
5604
5605
5606
5608
5609
5610
5611
5612
5614
5615
5617
5618
5619
5620
5623
5624
5627
5628
5629
5630
5631
5632
5633
5634
5635
5636
5637
5638
5639
5640
5641
5643
5644
5648
5650
5653
5662
5663
5665
5666
5667
5668
5669
5670
5679
5680
5683
5684
5687
5688
5689
5690
5692
5693
5694
5705
5706
5709
5712
5716
5718
5720
5721
5722
5724
5725
5727
5728
5734
5735
5737
5740
5742
5747
5748
5756
5758
5761
5762
5763
5765
5767
5768
5770
5771
5772
5773
5774
5776
5777
5778
5779
5780
5781
5783
5785
5786
5787
5788
5789
5790
5791
5792
5793
5794
5795
5797
5798
5799
5802
5803
5804
5889
5891
5898
5900
5906
5907
5908
5909
5911
5916
5919
5926
5929
5930
5931
5933
5934
5935
5936
5937
5939
5941
5943
5946
5947
5953
5955
5956
5958
5959
5960
5961
5962
5963
5964
5965
5966
5967
5968
5969
5970
5971
5972
5973
5974
5976
5977
5978
5979
5980
5982
5984
5985
5990
5991
5993
5994
5995
5996
5998
5999
6000
6001
6004
6006
6007
6008
6009
6011
6012
6013
6014
6017
6018
6020
6021
6023
6024
6025
6026
6027
6028
6030
6031
6032
6033
6034
6035
6036
6037
6038
6039
6040
6042
6043
6044
6045
6046
6047
6048
6049
6050
6052
6053
6054
6056
6057
6058
6059
6061
6062
6063
6064
6065
6066
6067
6068
6069
6070
6072
6073
6075
6076
6077
6078
6079
6080
6081
6082
6084
6085
6087
6088
6089
6090
6091
6093
6094
6095
6096
6097
6098
6099
6100
6101
6102
6103
6104
6105
6107
6108
6109
6110
6111
6112
6113
6115
6116
6117
6118
6119
6120
6121
6122
6123
6124
6125
6126
6127
6128
6129
6130
6131
6132
6133
6134
6135
6136
6137
6138
6141
6143
6171
6172
6173
6174
6175
6176
6177
6178
6179
6181
6183
6197
6208
6209
6210
6211
6212
6213
6214
6215
6216
6254
6255
6256
6257
6258
6259
6260
6261
6262
6263
6264
6265
6266
6267
6268
6269
6270
6271
6272
6273
6274
6275
6276
6277
6278
6279
6281
6282
6283
6284
6285
6286
6287
6288
6289
6290
6291
6292
6293
6294
6295
6296
6297
6298
6299
6300
6301
6302
6303
6304
6305
6306
6307
6308
6309
6310
6311
6312
6313
6314
6315
6316
6317
6318
6319
6320
6321
6322
6323
6324
6325
6326
6327
6328
6329
6330
6331
6332
6333
6334
6335
6336
6337
6338
6339
6340
6341
6342
6343
6344
6345
6346
6347
6348
6349
6350
6351
6352
6353
6354
6355
6356
6357
6358
6359
6360
6361
6362
6406
6408
6409
6410
6412
6413
6414
6415
6417
6418
6446
6447
6448
6449
6450
6451
6452
6453
6454
6455
6456
6457
6458
6459
6460
6461
6462
6463
6516
6532
6534
6537
6538
6542
6543
6546
6547
6548
6552
6557
6559
6561
6562
6578
6579
6581
6582
6583
6600
6601
6606
6608
6613
6614
6619
6621
6623
6625
6628
6635
6636
6637
6638
6640
6647
6650
6654
6658
6659
6662
6663
6664
6665
6666
6667
6668
6669
6670
6671
6672
6673
6674
6715
6716
6717
6719
6720
6721
6737
6740
6743
6744
6745
6746
6748
6749
6751
6753
6755
6757
6758
6759
6760
6763
6766
6767
6768
6770
6771
6774
6775
6776
6778
6780
6784
6786
6788
6789
6792
6793
6794
6796
6799
6801
6802
6803
6806
6807
6809
6812
6813
6817
6818
6819
6820
6821
6822
6824
6828
6829
6830
6831
6832
6833
6835
6836
6837
6838
6839
6840
6842
6843
6845
6846
6847
6849
6851
6852
6853
6854
6855
6857
6859
6860
6861
6862
6863
6864
6867
6868
6870
6872
6875
6877
6878
6879
6880
6882
6883
6884
6885
6886
6887
6889
6891
6892
6894
6895
6896
6897
6899
6900
6901
6902
6903
6904
6905
6906
6907
6908
6909
6911
6912
6913
6914
6915
6916
6917
6919
6920
6921
6922
6923
6924
6926
6927
6929
6930
6931
6932
6933
6934
6935
6936
6938
6939
6941
6943
6944
6945
6946
6948
6949
6950
6951
6953
6954
6956
6957
6958
6959
6965
6966
6968
6969
6970
6972
6973
6974
6975
6976
6977
6978
6979
6981
6982
6986
6987
6988
6989
6990
6991
6992
6993
6994
6996
6998
7000
7001
7002
7003
7006
7007
7008
7009
7010
7011
7012
7013
7014
7015
7016
7019
7020
7021
7023
7024
7026
7027
7029
7030
7031
7034
7035
7036
7037
7038
7039
7040
7042
7043
7044
7045
7049
7050
7051
7052
7053
7055
7056
7057
7058
7059
7060
7061
7062
7065
7066
7067
7069
7070
7071
7072
7073
7074
7076
7077
7078
7079
7080
7081
7082
7083
7084
7085
7086
7087
7088
7089
7090
7091
7092
7093
7094
7096
7097
7098
7099
7100
7101
7103
7104
7105
7106
7107
7109
7110
7111
7112
7114
7119
7121
7122
7123
7124
7125
7126
7127
7128
7130
7131
7132
7133
7134
7135
7137
7138
7139
7140
7141
7143
7144
7145
7146
7147
7148
7149
7150
7152
7154
7156
7157
7158
7159
7161
7162
7164
7165
7166
7167
7168
7169
7171
7172
7173
7174
7175
7176
7177
7178
7179
7184
7186
7187
7188
7189
7190
7191
7192
7193
7194
7195
7196
7197
7199
7200
7201
7202
7203
7204
7205
7206
7207
7209
7210
7211
7212
7214
7216
7217
7218
7219
7220
7221
7222
7223
7224
7225
7226
7227
7228
7229
7230
7231
7232
7233
7235
7236
7238
7239
7240
7241
7242
7243
7244
7245
7248
7250
7251
7252
7253
7254
7255
7265
7266
7267
7268
7270
7271
7272
7316
7317
7320
7322
7324
7326
7329
7331
7335
7337
7339
7357
7358
7359
7360
7364
7365
7366
7368
7373
7374
7375
7377
7378
7383
7390
7392
7394
7398
7402
7403
7405
7410
7413
7414
7435
7437
7438
7439
7440
7441
7447
7448
7475
7476
7477
7480
7491
7492
7493
7494
7495
7496
7505
7506
7507
7508
7509
7521
7525
7526
7529
7531
7532
7533
7534
7541
7542
7544
7546
7549
7550
7552
7553
7554
7555
7556
7557
7559
7561
7562
7565
7566
7567
7569
7570
7571
7572
7573
7574
7575
7577
7583
7604
7607
7608
7610
7611
7612
7613
7614
7615
7617
7618
7619
7620
7621
7622
7623
7624
7625
7626
7663
7666
7667
7668
7669
7670
7672
7714
7715
7716
7717
7718
7719
7720
7721
7722
7723
7725
7726
7727
7729
7730
7732
7733
7734
7747
7748
7752
7753
7754
7755
7756
7882
7883
7884
7885
7887
7888
7889
7890
7893
7905
7907
7908
7909
7920
7921
7924
7925
7926
7927
7928
7930
7937
7951
7952
7954
7978
7997
7999
8001
8004
8007
8008
8027
8028
8029
8030
8031
8032
8033
8034
8036
8253
8256
8287
8288
8289
8290
8291
8293
8294
8295
8296
8297
8298
8299
8301
8303
8304
8305
8306
8307
8308
8309
8310
8311
8313
8316
8320
8321
8322
8323
8325
8326
8328
8329
8333
8335
8336
8338
8339
8340
8341
8342
8343
8344
8345
8346
8347
8348
8350
8351
8352
8354
8355
8356
8357
8358
8359
8360
8361
8362
8363
8364
8365
8366
8368
8371
8372
8373
8375
8376
8378
8379
8381
8383
8384
8386
8387
8388
8389
8390
8391
8392
8393
8394
8395
8397
8399
8401
8402
8403
8404
8406
8408
8410
8411
8412
8413
8414
8415
8416
8417
8418
8419
8420
8421
8423
8424
8425
8426
8427
8428
8429
8431
8438
8439
8440
8441
8442
8443
8444
8445
8446
8447
8448
8449
8450
8451
8452
8453
8454
8455
8456
8457
8458
8459
8460
8461
8464
8465
8466
8467
8468
8469
8470
8471
8474
8475
8476
8477
8478
8479
8480
8481
8483
8484
8486
8487
8488
8489
8490
8491
8492
8493
8494
8495
8528
8578
8579
8582
8583
8584
8585
8587
8588
8603
8604
8637
8638
8639
8641
8644
8706
8707
8708
8709
8710
8711
8712
8717
8721
8722
8723
8724
8725
8726
8728
8729
8730
8731
8732
8733
8734
8735
8738
8742
8743
8745
8746
8760
8761
8781
8782
8783
8784
8785
8786
8787
8789
8795
8796
8797
8798
8802
8803
8806
8807
8808
8809
8811
8813
8814
8815
8816
8817
8818
8829
8830
8831
8832
8833
8834
8835
8837
8838
8839
8840
8841
8843
8844
8845
8847
8848
8849
8850
8851
8852
8853
8855
8856
8862
8863
8864
8865
8866
8867
8868
8869
8870
8871
8902
8903
8904
8905
8906
8907
8908
8911
8912
8914
8915
8916
8917
8918
8920
8922
8938
8939
8940
8941
8944
9313
9318
9320
9322
9325
9328
9330
9331
9333
9336
9339
9343
9344
9345
9350
9354
9356
9358
9360
9365
9368
9371
9373
9375
9378
9380
9383
9390
9397
9405
9409
9410
9411
9412
9413
9414
9415
9416
9417
9418
9419
9420
9421
9422
9423
9424
9425
9426
9427
9428
9430
9453
9454
9456
9457
9460
9462
9464
9465
9466
9481
9485
9510
9511
9512
9513
9515
9516
9517
9518
9523
9525
9526
9528
9534
9537
9541
9542
9543
9544
9546
9547
9550
9553
9555
9558
9559
9561
9563
9564
9567
9568
9569
9571
9573
9574
9575
9576
9578
9580
9582
9585
9586
9587
9588
9589
9590
9591
9593
9594
9599
9601
9603
9604
9609
9611
9615
9616
9617
9619
9620
9622
9625
9626
9627
9628
9629
9632
9634
9635
9636
9637
9638
9639
9640
9642
9643
9647
9648
9649
9650
9651
9652
9653
9654
9655
9657
9659
9660
9661
9663
9665
9666
9670
9671
9674
9675
9677
9678
9728
9729
9730
9732
9733
9734
9735
9736
9760
9761
9762
9765
9766
9767
9768
9769
9786
9787
9788
9789
9790
9791
9792
9793
9794
9795
9796
9797
9798
9799
9800
9802
9803
9863
9864
9865
9866
9867
9869
9871
9872
9874
9875
9876
9877
9878
9920
9922
9924
9927
9932
9935
9936
9937
9939
9941
9942
9943
9944
9948
9951
9952
9953
9955
9956
9957
9967
9968
9970
9971
9972
9974
9975
9976
9978
9988
9989
9993
9999
10002
10004
10021
10023
10026
10027
10028
10030
10035
10065
10085
10086
10087
10088
10089
10090
10091
10092
10093
10105
10107
10108
10111
10112
10113
10115
10116
10117
10118
10120
10121
10122
10124
10125
10126
10127
10128
10129
10130
10131
10132
10133
10135
10136
10141
10148
10154
10157
10158
10160
10161
10163
10167
10168
10169
10170
10171
10173
10175
10176
10177
10178
10179
10180
10183
10186
10187
10188
10190
10191
10192
10193
10194
10195
10196
10197
10198
10199
10201
10202
10203
10204
10207
10208
10211
10212
10213
10214
10216
10217
10218
10219
10221
10222
10223
10224
10225
10227
10228
10229
10230
10231
10232
10233
10234
10235
10236
10237
10239
10240
10241
10242
10243
10244
10246
10247
10248
10249
10250
10251
10252
10254
10255
10256
10257
10259
10260
10263
10264
10265
10267
10268
10269
10270
10272
10273
10274
10275
10276
10278
10279
10281
10283
10286
10287
10288
10289
10290
10291
10292
10293
10294
10296
10297
10299
10300
10301
10302
10303
10304
10305
10306
10307
10309
10315
10316
10317
10318
10319
10320
10321
10322
10323
10326
10327
10328
10330
10331
10332
10335
10336
10338
10341
10342
10343
10344
10347
10348
10349
10350
10351
10353
10354
10355
10356
10357
10358
10360
10362
10363
10365
10367
10369
10370
10371
10372
10373
10374
10375
10377
10378
10379
10381
10382
10383
10384
10385
10386
10387
10388
10389
10390
10391
10392
10393
10394
10395
10397
10398
10399
10400
10401
10402
10403
10404
10405
10406
10408
10410
10411
10413
10414
10418
10419
10420
10422
10424
10425
10426
10427
10428
10429
10430
10432
10433
10435
10436
10437
10438
10439
10440
10441
10444
10445
10446
10447
10448
10449
10450
10451
10452
10453
10454
10455
10458
10459
10460
10462
10463
10464
10466
10467
10468
10469
10470
10471
10472
10473
10474
10477
10478
10479
10480
10481
10482
10483
10484
10486
10487
10488
10489
10491
10495
10497
10500
10501
10504
10507
10508
10510
10511
10512
10513
10514
10517
10518
10520
10521
10522
10524
10525
10527
10528
10529
10531
10532
10534
10535
10536
10537
10540
10544
10546
10547
10548
10549
10551
10552
10553
10555
10556
10557
10558
10561
10563
10564
10568
10569
10570
10572
10573
10574
10575
10577
10578
10579
10580
10581
10582
10584
10585
10586
10587
10588
10591
10593
10594
10596
10597
10598
10599
10601
10602
10603
10604
10605
10606
10608
10609
10610
10612
10613
10614
10615
10616
10617
10618
10619
10621
10622
10623
10624
10626
10628
10630
10632
10634
10635
10636
10637
10638
10639
10640
10641
10644
10646
10647
10653
10659
10660
10661
10663
10664
10665
10666
10667
10668
10669
10672
10674
10675
10676
10678
10679
10682
10683
10685
10688
10689
10690
10691
10693
10694
10696
10700
10703
10704
10708
10709
10712
10715
10716
10717
10718
10720
10724
10725
10726
10728
10729
10730
10731
10733
10734
10735
10737
10738
10740
10742
10746
10750
10751
10752
10754
10755
10756
10759
10760
10761
10762
10763
10764
10765
10766
10767
10769
10773
10774
10776
10853
10855
10856
10857
10858
10859
10860
10861
10874
10886
10887
10888
10890
10892
10893
10895
10898
10899
10901
10902
10903
10904
10905
10906
10908
10911
10937
10938
10939
10940
10941
10942
10943
10944
10947
10948
10950
10951
10952
10953
10955
10956
10966
10967
10968
10969
10970
10971
10972
10974
10975
10976
10977
10979
10980
10981
10982
10986
10997
10998
10999
11000
11001
11006
11009
11064
11065
11067
11068
11069
11070
11071
11072
11073
11075
11076
11077
11078
11080
11092
11094
11097
11098
11106
11109
11110
11113
11116
11120
11124
11125
11128
11130
11134
11135
11137
11140
11141
11142
11145
11146
11148
11149
11150
11153
11154
11155
11156
11157
11158
11159
11161
11163
11165
11166
11167
11168
11169
11172
11174
11175
11176
11177
11178
11181
11182
11183
11184
11186
11187
11188
11189
11190
11191
11192
11194
11195
11196
11198
11199
11200
11203
11204
11205
11208
11209
11210
11211
11212
11214
11217
11218
11219
11221
11222
11224
11227
11228
11229
11233
11234
11235
11236
11237
11241
11242
11244
11245
11246
11247
11248
11250
11251
11253
11254
11255
11256
11257
11258
11260
11262
11264
11265
11266
11267
11268
11270
11271
11272
11273
11274
11276
11277
11278
11279
11282
11283
11284
11285
11286
11287
11288
11289
11292
11293
11295
11296
11297
11298
11300
11301
11302
11303
11307
11308
11310
11312
11313
11314
11315
11316
11317
11318
11319
11320
11321
11323
11325
11326
11327
11328
11330
11332
11333
11334
11335
11336
11337
11338
11339
11340
11341
11343
11345
11346
11347
11349
11352
11353
11355
11356
11357
11358
11360
11361
11362
11363
11365
11366
11369
11370
11371
11373
11374
11375
11376
11377
11378
11379
11380
11381
11382
11383
11384
11385
11387
11388
11389
11390
11391
11392
11393
11395
11397
11398
11399
11400
11401
11402
11403
11404
11405
11406
11408
11409
11410
11411
11412
11413
11415
11417
11420
11421
11422
11423
11425
11426
11428
11430
11432
11433
11434
11435
11436
11437
11438
11439
11441
11442
11443
11444
11445
11446
11447
11448
11451
11452
11454
11455
11456
11457
11458
11459
11460
11461
11462
11463
11464
11465
11466
11467
11468
11470
11471
11472
11473
11474
11475
11476
11477
11479
11480
11481
11482
11484
11485
11486
11487
11489
11490
11491
11492
11493
11494
11495
11496
11497
11498
11499
11501
11505
11506
11508
11509
11512
11514
11519
11520
11521
11522
11523
11524
11525
11527
11529
11530
11531
11532
11533
11534
11535
11536
11538
11539
11540
11541
11542
11543
11544
11545
11546
11547
11548
11549
11550
11551
11552
11553
11554
11555
11556
11557
11558
11559
11560
11561
11562
11563
11564
11565
11566
11567
11568
11569
11570
11571
11572
11573
11574
11575
11576
11577
11586
11588
11589
11590
11591
11592
11596
11597
11598
11599
11600
11601
11602
11604
11606
11617
11618
11619
11624
11661
11662
11663
11664
11665
11667
11668
11669
11670
11685
11710
11711
11713
11714
11715
11717
11719
11720
11721
11766
11767
11770
11771
11772
11773
11774
11775
11777
11778
11797
11798
11802
11803
11810
11812
11813
11814
11815
11817
11818
11862
11863
11864
11880
11885
11903
11905
11909
11910
11911
11913
11915
11921
12181
12182
12183
12184
12185
12186
12187
12188
12190
12192
12193
12196
12200
12212
12213
12215
12221
12224
12226
12231
12236
12237
12239
12241
12242
12243
12244
12250
12251
12252
12253
12264
12265
12268
12271
12275
12278
12281
12284
12286
12292
12293
12298
12299
12307
12344
12346
12350
12370
12373
12376
12378
12381
12384
12412
12422
12435
12443
12480
12488
12491
12495
12499
12504
12514
12521
12527
12535
12547
12574
12584
12590
12597
12601
12605
12628
12629
12635
12639
12668
12673
12698
12704
12716
12721
12757
12780
12782
12786
12833
12848
12854
12868
12886
12901
12906
12907
12912
12942
12989
12996
13001
13004
13005
13006
13009
13013
13018
13028
13029
13033
13038
13046
13047
13052
13057
13059
13065
13067
13069
13084
13089
13094
13095
13097
13099
13102
13107
13108
13119
13121
13123
13124
13129
13130
13131
13134
13135
13138
13141
13142
13152
13170
13176
13180
13186
13192
13194
13201
13203
13218
13219
13221
13236
13237
13249
13250
13252
13253
13261
13262
13269
13272
13274
13278
13282
13289
13292
13300
13301
13302
13305
13314
13322
13327
13328
13337
13346
13347
13350
13352
13360
13362
13363
13365
13366
13371
13378
13380
13381
13390
13392
13396
13398
13399
13403
13404
13405
13415
13416
13432
13433
13438
13446
13447
13448
13450
13451
13452
13454
13457
13466
13468
13470
13474
13480
13484
13485
13487
13496
13503
13504
13515
13523
13525
13535
13559
13565
13569
13572
13574
13583
13587
13594
13595
13597
13600
13605
13609
13610
13621
13628
13629
13634
13640
13641
13643
13652
13655
13659
13663
13665
13667
13672
13673
13674
13679
13686
13689
13691
13692
13693
13694
13705
13707
13709
13713
13719
13722
13743
13746
13751
13765
13768
13772
13774
13777
13787
13791
13792
13795
13796
13798
13805
13806
13807
13808
13812
13820
13821
13822
13823
13824
13825
13826
13827
13839
13840
13841
13842
13844
13845
13846
13868
13871
13873
13874
13878
13879
13880
13882
13885
13886
13890
13893
13895
13898
13900
13902
13903
13904
13905
13906
13909
13910
13911
13912
13914
13917
13919
13922
13924
13929
13955
14019
14025
14035
14040
14052
14053
14055
14056
14058
14059
14066
14071
14074
14075
14078
14079
14087
14090
14091
14093
14096
14097
14108
14131
14133
14135
14137
14144
14146
14150
14152
14154
14157
14158
14159
14173
14174
14175
14176
14179
14207
14224
14225
14226
14248
14249
14250
14252
14253
14254
14255
14257
14259
14260
14261
14262
14263
14264
14280
14283
14284
14286
14288
14289
14291
14292
14297
14310
14312
14367
14384
14391
14397
14407
14409
14411
14432
14436
14439
14440
14441
14442
14445
14461
14489
14490
14562
14566
14567
14574
14575
14576
14587
14593
14596
14616
14618
14624
14626
14641
14642
14643
14648
14660
14662
14671
14672
14674
14702
14704
14739
14740
14741
14742
14744
14746
14756
14757
14759
14760
14761
14762
14764
14766
14767
14768
14770
14772
14773
14775
14781
14782
14783
14784
14785
14787
14792
14793
14794
14796
14797
14798
14813
14816
14873
14874
14876
14878
14879
14880
14887
14892
14899
14900
14901
14902
14935
14936
14940
14941
14958
14963
14964
14965
14968
14969
14970
14974
14979
14980
14983
14992
14995
15081
15082
15083
15084
15085
15086
15087
15088
15089
15090
15091
15092
15093
15094
15095
15096
15097
15098
15099
15100
15101
15121
15150
15153
15154
15155
15156
15157
15158
15159
15160
15161
15163
15165
15166
15167
15168
15169
15170
15171
15172
15173
15174
15175
15177
15178
15180
15182
15184
15185
15187
15188
15189
15190
15191
15193
15194
15195
15196
15197
15199
15201
15202
15204
15206
15208
15210
15212
15213
15216
15217
15218
15220
15221
15222
15223
15297
15298
15301
15302
15307
15309
15310
15311
15316
15317
15318
15322
15323
15325
15328
15383
15386
15388
15389
15392
15393
15394
15395
15398
15399
15401
15402
15404
15405
15408
15410
15412
15413
15415
15416
15453
15455
15457
15473
15474
15475
15476
15477
15478
15479
15480
15481
15482
15483
15484
15485
15487
15488
15490
15491
15492
15493
15495
15496
15497
15499
15501
15502
15504
15505
15506
15507
15508
15509
15510
15511
15512
15513
15515
15516
15517
15518
15519
15520
15521
15522
15524
15525
15526
15527
15528
15529
15530
15531
15532
15533
15534
15535
15536
15537
15538
15540
15542
15543
15544
15545
15546
15547
15549
15550
15552
15554
15555
15557
15558
15559
15560
15561
15562
15563
15564
15565
15566
15567
15568
15571
15572
15573
15575
15576
15577
15579
15580
15581
15584
15585
15590
15593
15594
15595
15596
15600
15605
15606
15608
15609
15611
15621
15627
15630
15648
15695
15696
15698
15699
15702
15707
15709
15711
15712
15713
15714
15715
15716
15717
15718
15720
15721
15723
15724
15725
15727
15728
15730
15731
15732
15734
15735
15736
15739
15740
15742
15743
15744
15745
15747
15748
15749
15751
15752
15753
15754
15755
15756
15757
15758
15759
15760
15761
15762
15763
15764
15765
15766
15767
15768
15769
15770
15771
15773
15774
15775
15778
15780
15781
15792
15793
15794
15795
15796
15797
15798
15801
15802
15803
15804
15805
15806
15807
15808
15811
15812
15813
15815
15836
15837
15839
15840
15842
15847
15851
15852
15853
15854
15855
15856
15857
15858
15859
15923
15942
15943
15944
15947
16051
16052
16054
16055
16058
16060
16099
16100
16102
16104
16105
16106
16108
16109
16112
16114
16115
16130
16131
16146
16147
16148
16149
16150
16152
16164
16165
16167
16168
16169
16170
16171
16172
16173
16174
16175
16176
16177
16179
16180
16181
16182
16197
16198
16199
16204
16205
16208
16209
16212
16213
16214
16217
16221
16226
16228
16230
16231
16232
16238
16243
16245
16259
16260
16261
16262
16263
16264
16266
16267
16268
16270
16271
16273
16275
16276
16277
16281
16282
16284
16285
16289
16290
16291
16293
16294
16295
16296
16297
16298
16299
16674
16706
16707
16709
16710
16712
16713
16716
16717
16725
16730
16733
16734
16737
16739
16745
16750
16751
16757
16758
16759
16761
16766
16767
16768
16772
16774
16777
16786
16789
16791
16792
16793
16794
16796
16798
16799
16800
16801
16803
16804
16809
16813
16815
16817
16820
16821
16822
16825
16826
16829
16830
16832
16833
16834
16840
16850
16852
16853
16854
16855
18917
18918
18919
18920
18921
18922
18923
18924
18925
18927
18928
18929
18930
18931
18932
18934
18935
18937
18938
18939
18940
18941
18942
18943
18944
18945
18946
18947
18948
18949
18950
18951
18952
18953
18954
18955
18956
18957
18958
18959
18960
18961
18962
18963
18964
18965
18976
18977
18979
18980
18981
18984
18985
18986
18987
18988
18989
18990
18991
18992
18995
18996
18998
18999
19000
19001
19002
19003
19004
19016
19017
19018
19019
19021
19022
19025
19028
19030
19031
19032
19033
19034
19053
19054
19055
19058
19079
19080
19083
19086
19089
19093
19098
19099
19101
19102
19106
19127
19128
19129
19130
19131
19153
19154
19155
19156
19157
19159
19160
19161
19162
19163
19165
19166
19167
19168
19169
19170
19172
19173
19174
19175
19176
19177
19178
19179
19180
19181
19184
19185
19186
19189
19194
19196
19197
19198
19199
19202
19203
19205
19207
19208
19209
19210
19282
19283
19290
19291
19297
19298
19299
19305
19308
19311
19312
19330
19331
19332
19333
19335
19336
19337
19338
19339
19340
19341
19342
19343
19368
19370
19371
19372
19373
19374
19375
19376
19377
19386
19387
19407
19408
19412
19413
19415
19423
19428
19430
19468
19469
19474
19475
19489
19490
19499
19500
19501
19502
19505
19506
19510
19512
19530
19532
19533
19535
19536
19538
19540
19542
19543
19544
19546
19579
19584
19585
19596
19597
19604
19605
19607
19608
19609
19610
19611
19615
19616
19617
19618
19619
19620
19624
19625
19626
19629
19630
19631
19633
19635
19637
19640
19641
19643
19648
19649
19650
19652
19654
19655
19656
19657
19658
19659
19661
19662
19665
19666
19667
19668
19670
19673
19674
19677
19681
19682
19683
19685
19686
19687
19689
19690
19691
19694
19695
19698
19700
19701
19702
19703
19704
19706
19707
19708
19709
19710
19711
19713
19715
19716
19717
19718
19719
19720
19723
19724
19725
19726
19728
19729
19730
19731
19732
19733
19734
19735
19736
19737
19738
19739
19740
19744
19745
19746
19748
19749
19750
19751
19752
19796
19810
19916
19918
19919
19920
19921
19922
19923
19924
19925
19926
19927
19929
19930
19931
19932
19933
19934
19935
19936
19937
19938
19939
19940
19941
19943
19944
19945
19946
19947
19971
20001
20004
20007
20009
20010
20011
20012
20013
20014
20016
20017
20018
20019
20025
20027
20028
20029
20031
20032
20034
20035
20037
20038
20041
20043
20044
20045
20046
20047
20050
20051
20052
20053
20054
20056
20057
20060
20061
20062
20063
20066
20068
20069
20071
20073
20075
20076
20078
20080
20082
20084
20100
20101
20102
20103
20104
20105
20107
20108
20109
20111
20112
20114
20117
20118
20147
20148
20152
20153
20154
20156
20158
20160
20164
20169
20171
20173
20176
20177
20185
20186