561
677
715
743
776
790
799
822
824
844
849
857
911
913
956
1072
1079
1100
1102
1109
1149
1174
1185
1193
1232
1243
1251
1257
1261
1281
1295
1300
1301
1302
1305
1311
1313
1315
1321
1323
1327
1328
1335
1436
1438
1474
1475
1563
1574
1584
1608
1610
1616
1621
1630
1644
1660
1728
1738
1741
1747
1759
1787
1803
1816
1819
1820
1827
1833
1849
1861
1862
1872
1876
1880
1881
1882
1979
1981
1991
1992
1995
1996
2000
2040
2068
2069
2070
2071
2072
2073
2074
2182
2314
2389
2474
2478
2480
2481
2482
2487
2491
2493
2499
2500
2502
2508
2516
2526
3455
3844
4071
4253
4256
4353
4386
4491
4537
4606
4616
4627
4628
4631
4635
4653
4654
4661
4684
4690
4695
4725
4736
4738
4743
4759
4801
4802
4816
4818
4929
4990
4991
4993
4994
5088
5089
5127
5167
5217
5261
5276
5553
5556
5557
5563
5580
5673
6022
6025
6296
6343
6384
6387
6388
6391
6394
6397
6400
6872
6914
6947
6965
6981
7270
7303
7304
7339
7350
7451
7452
7453
7475
7533
7607
7609
7610
7611
7612
7613
7619
7627
7628
7630
7631
7634
7974
7977
7978
7981
8034
8249
8300
8305
8347
8365
8376
8501
8576
8592
8782
8830
8836
8840
8843
9440
9450
9730
9741
9745
9800
9809
9813
9885
9888
9972
9975
9977
10124
10160
10853
10854
10857
10861
10918
10972
11001
11014
11040
11163
11195
11209
11290
11340
11383
11416
11464
11478
11519
11525
11529
11530
11531
11542
11546
11556
11557
11573
11583
11603
11726
11772
11773
11774
11775
11977
12166
12183
12193
12234
12241
12243
12244
12293
12309
12314
12323
12349
12354
12366
12370
12372
12394
12395
12398
12400
12405
12415
12444
12445
12449
12463
12470
12479
12537
12540
12543
12554
12555
12569
12579
12600
12629
12644
12645
12687
12695
12727
12753
12755
12773
12786
12825
12840
12856
12896
12933
12934
12957
12981
12998
13015
13073
13078
13109
13151
13163
13176
13181
13228
13259
13363
13452
13574
13580
13582
13615
13634
13654
13659
13687
13738
13759
13773
13798
13816
13964
13967
14211
14226
14248
14255
14256
14258
14307
14308
14309
14310
14311
14312
14313
14314
14315
14316
14374
14441
14505
14622
14642
14652
14702
14808
14877
14881
14935
14953
14995
15000
15018
15057
15083
15119
15134
15165
15208
15292
15436
15441
15526
15528
15531
15543
15626
15794
15811
15948
15953
15955
16025
16039
16134
16203
16269
16305
16306
16308
16311
16312
16488
16716
16746
16760
16763
16766
16774
16775
16776
16777
16778
16779
16780
16781
16782
16783
16784
16785
16786
16787
16788
16789
16790
16791
16792
16793
16796
16797
16798
16799
16800
16801
16802
16804
16805
16806
16807
16808
16809
16810
16811
16812
16813
16814
16815
16816
16817
16818
16819
16820
16821
16822
16823
16824
16825
16826
16827
16828
16829
16830
16831
16832
16833
16834
16835
16836
16878
16989
17037
17047
17078
17091
17237
17272
17281
17329
17340
17353
17417
17469
17543
17558
17583
17625
17633
17659
17696
17762
17766
17826
17841
17885
17957
17970
17985
18046
18047
18074
18082
18087
18171
18175
18179
18186
18239
18300
18301
18308
18433
18487
18521
18554
18945
18946
18948
18952
18956
18958
18959
18962
19062
19109
19116
19118
19156
19158
19173
19174
19175
19176
19177
19179
19230
19269
19275
19277
19332
19341
19342
19355
19356
19702
19705
19738
19802
19806
19914
19931
19937
19938
19943
19989
19990
19996
20045
20198
20201