555
969
4353
4542
4544
4549
4552
4556
4564
4567
4569
4570
4580
4632
4652
4795
5002
5015
5017
5046
5050
5223
5260
5592
5834
5870
6444
6445
6464
6465
6466
6467
6468
6470
6472
6475
6477
6478
6481
6482
6484
6486
6488
6491
6492
6493
6494
6495
6496
6497
6498
6500
6501
6502
6503
6590
7420
7643
7644
7645
7771
7782
7848
8056
8066
8072
8082
8096
8102
8103
8104
8105
8131
8147
8155
8159
8164
8168
8432
8433
8668
9259
9284
9285
9289
9290
9300
9305
9306
9307
9309
9899
10806
10810
10812
10813
10814
10816
10820
10821
10822
10823
10824
10826
10828
10830
10831
10835
10837
10838
10840
10842
10843
10844
11013
11014
11019
11699
11705
11706
11871
11943
11944
11945
11948
11951
11955
11959
11969
11976
11987
12004
12012
12016
12017
12055
12062
12068
12076
12079
12090
12128
12138
12154
12161
12325
12356
12359
12403
12438
12545
12557
12618
12739
12844
12884
12888
12917
12922
12950
12967
12979
12997
13002
13041
13054
13149
13158
13187
13189
13264
13268
13285
13286
13309
13341
13385
13423
13449
13518
13526
13537
13542
13585
13699
13745
13800
14366
14369
14372
14473
14482
14483
14485
14603
14608
14718
14819
14820
14823
14826
14827
14828
14829
14830
14831
14832
14833
14834
14835
15249
15349
15471
15655
15664
15860
15861
15863
15864
15865
15866
15867
15868
15869
15870
15871
15872
15873
15874
15876
15877
15878
15879
15880
15881
15882
15884
15885
15886
15887
15888
15889
15890
15891
15892
15893
15894
15895
15897
15898
15899
15900
15901
15902
15903
15904
16351
16381
16383
16385
16386
16391
16398
16407
16410
16416
16418
16420
16435
16438
16441
16451
16455
16468
16483
16486
16488
16504
16505
16507
16508
16510
16525
16530
16533
16541
16545
16547
16551
16555
16561
16562
16563
16575
16577
16587
16595
16608
16613
16623
16631
16637
16653
18837
19007
19146
19384
19436
19438
19440
19444
19454
19457
19460
19461
19464
19821
19835
19842
19858