555
940
965
979
998
1006
1018
1520
3098
4539
4540
4542
4543
4544
4545
4546
4547
4548
4549
4550
4551
4552
4553
4554
4555
4556
4557
4558
4559
4560
4561
4562
4563
4564
4565
4566
4567
4568
4569
4570
4571
4572
4573
4574
4575
4576
4577
4578
4579
4580
4581
4582
4795
5007
5011
5018
5020
5250
6435
6444
6445
6590
7818
7917
8024
8056
8246
8279
8281
8282
8283
8284
8669
8671
8774
8894
8989
8990
8993
8996
8999
9000
9005
9007
9011
9015
9021
9045
9052
9053
9057
9058
9072
9074
9078
9082
9083
9092
9097
9104
9106
9108
9117
9121
9125
9129
9130
9131
9136
9139
9142
9145
9149
9150
9163
9165
9166
9171
9174
9177
9191
9204
9206
9210
9223
9238
9240
9246
9249
9251
9253
9255
9256
9261
9262
9263
9265
9270
9274
9276
10034
11011
11012
11013
11014
11015
11016
11017
11018
11019
11020
11021
11581
11820
11844
11871
12012
12314
12324
12335
12351
12356
12391
12399
12423
12453
12557
12655
12664
12675
12697
12739
12756
12779
12813
12835
12844
12917
12979
13054
13149
13157
13159
13382
13443
13463
13538
13553
13556
13563
13567
13573
13622
13680
13699
13760
14204
14205
14206
14348
14401
14496
14499
14589
14603
14622
14718
15009
15045
15261
15314
15661
15869
15895
15951
16017
16158
16202
16328
16372
16383
16389
16407
16426
16444
16483
16488
16496
16530
16535
16536
16553
16563
16576
16603
16624
16637
16644
16649
16866
16900
16946
17185
17195
17740
18112
18268
18339
18365
18663
18694
18750
18822
18869
18878
19464
19487
19529
19559
19888
19953