289
648
658
686
767
800
812
815
835
861
923
936
1548
1805
1901
1915
1925
1933
2280
3209
3314
3379
3489
3499
3541
3652
3698
3709
3726
3745
3758
3762
3974
3978
3997
4050
4071
4098
4131
4175
4376
4377
4378
4379
4380
4381
4382
4383
4384
4385
4386
4389
4390
4391
4392
4393
4395
4396
4397
4399
4400
4403
4404
4405
5039
5633
5641
5642
5985
6000
6011
6079
6090
6101
6127
6278
6287
6350
6538
6830
6853
6914
6924
6982
6996
6999
7032
7151
7192
8334
8338
8351
8639
8837
9315
9316
9317
9318
9325
9326
9328
9332
9333
9339
9340
9343
9345
9346
9347
9350
9358
9365
9368
9379
9403
10154
10240
10309
10543
10966
10967
10968
10969
10970
10971
10973
10974
10975
10976
10977
10978
10980
10981
10982
10983
10984
10985
10986
11093
11095
11100
11120
11128
11135
11137
11142
11150
11166
11187
11190
11192
11198
11199
11211
11225
11232
11235
11241
11245
11258
11260
11264
11265
11289
11291
11310
11317
11323
11324
11326
11342
11379
11401
11436
11448
11474
11552
12350
12384
12409
12583
12613
12673
12705
12721
13007
13047
13059
13130
13152
13170
13171
13201
13202
13229
13250
13278
13281
13298
13313
13381
13415
13439
13448
13485
13492
13569
13600
13629
13691
13710
13719
13772
13774
13776
13928
14004
14005
14012
14013
14014
14015
14016
14019
14020
14023
14025
14027
14033
14034
14035
14037
14046
14050
14052
14055
14073
14075
14078
14082
14083
14084
14092
14093
14096
14097
14102
14247
14291
14367
14562
14772
14785
15168
15176
15207
15214
15545
15694
15697
15700
15701
15702
15703
15705
15706
15707
15708
15709
15710
15721
15805
19422
19532
19655