6
54
57
75
79
81
88
107
133
148
157
161
169
196
216
229
271
272
305
308
310
319
326
331
350
354
356
361
362
375
389
390
392
397
416
437
438
443
445
461
465
468
482
485
500
506
520
537
619
627
629
631
645
664
678
687
688
697
714
722
739
745
747
749
750
752
777
778
787
804
807
815
825
849
871
876
878
894
907
909
918
925
927
1437
1693
1715
1785
1800
1925
2261
2543
2584
2619
2631
2677
2726
2744
2754
2759
2776
2883
2902
3013
3210
3215
3233
3238
3239
3244
3253
3256
3257
3258
3259
3303
3308
3311
3322
3343
3371
3396
3409
3430
3440
3444
3467
3472
3502
3551
3554
3579
3602
3603
3626
3647
3659
3668
3671
3769
3771
3776
3788
3792
3825
3829
3834
3895
3956
3986
3997
4168
4180
4229
4445
4454
5463
5468
5483
5492
5618
5620
5644
5952
6076
6080
6090
6096
6104
6109
6112
6115
6116
6129
6143
6617
6772
6804
6816
6871
6900
6930
6933
6956
6983
7016
7026
7066
7076
7098
7146
7168
7176
7177
7193
7206
7213
7222
7231
7239
7243
7373
7387
7388
7390
7396
7400
7401
7403
7409
8318
8485
8493
9336
9361
9366
9371
9372
9382
9393
9394
9403
9572
9638
9644
9647
10150
10167
10188
10208
10219
10230
10240
10273
10285
10288
10299
10302
10329
10369
10379
10384
10386
10387
10413
10425
10428
10431
10489
10517
10649
10659
10705
11093
11127
11133
11140
11178
11205
11214
11222
11255
11265
11285
11323
11334
11335
11337
11356
11362
11363
11365
11371
11378
11388
11408
11412
11415
11422
11432
11438
11440
11452
11453
11469
11472
11475
11477
11499
11512
11544
11550
11554
11567
11722
12499
12527
12639
12863
12874
12951
13102
13629
13874
13884
13909
14001
14005
14009
14031
14156
14618
14648
14785
15024
15562
15724
15739
15743
15799
17946
18019
18191
18203
19414
19419
19425
19651
19674
19681
19928
19936
19941
20004
20023
20156