213
235
250
272
297
309
447
509
510
531
618
619
650
651
654
655
656
657
658
659
660
662
663
666
667
668
669
670
671
672
673
675
676
677
678
679
680
683
684
686
687
688
689
690
691
695
696
697
698
700
701
702
703
704
707
709
711
713
714
716
717
718
719
720
721
722
723
724
725
727
728
729
734
735
736
737
738
739
741
742
745
746
747
749
750
751
752
753
754
757
758
760
762
763
764
765
766
767
768
769
770
771
772
773
774
775
776
777
778
779
780
782
783
784
785
788
789
790
791
792
793
794
795
796
797
798
800
802
805
806
807
808
809
811
812
813
815
816
817
818
819
820
821
823
824
825
826
827
828
829
831
832
833
834
835
836
838
840
842
843
844
845
847
848
851
852
853
854
855
856
857
858
859
861
862
863
864
866
867
868
870
871
872
873
874
876
877
880
881
882
883
884
885
886
887
888
890
891
894
895
898
899
900
903
905
906
907
908
909
910
911
912
913
914
916
917
919
920
921
922
923
924
925
926
927
928
1060
1808
1809
1819
1824
1828
1881
1892
1896
1897
2216
2217
2220
2221
2228
2231
2234
2236
2238
2239
2242
2280
2480
2496
2928
3263
3271
3273
3277
3281
3290
3299
3336
3354
3357
3386
3389
3395
3446
3458
3475
3478
3511
3524
3537
3546
3550
3556
3577
3582
3583
3585
3588
3622
3643
3650
3656
3714
3721
3723
3724
3799
3828
3852
3853
3857
3861
3864
3882
3946
3953
3977
3983
4056
4140
4156
4216
4226
4430
4433
4434
4437
4446
4447
4452
4453
4454
5096
5513
5723
6265
6744
6756
6760
6830
6861
6883
6915
6922
6924
6989
6991
6996
7033
7091
7092
7119
7121
7122
7126
7200
7244
7573
7954
7956
8334
8338
8347
8348
8352
8355
8381
8389
8394
8420
8430
8604
8605
9408
9422
9424
9427
9428
9539
9540
9543
9544
9546
9552
9555
9556
9557
9558
9561
9567
9568
9569
9570
9581
9592
9597
9602
9612
9632
9638
9949
9953
10382
10383
10445
10755
11069
11094
11096
11098
11099
11104
11110
11116
11119
11121
11125
11130
11135
11136
11141
11146
11147
11149
11151
11152
11153
11154
11156
11157
11161
11162
11165
11166
11167
11168
11169
11172
11173
11176
11180
11182
11185
11186
11188
11189
11191
11193
11194
11196
11197
11198
11200
11201
11202
11203
11204
11205
11206
11207
11208
11209
11212
11214
11216
11219
11220
11222
11223
11225
11227
11228
11229
11232
11233
11234
11236
11238
11240
11241
11242
11243
11244
11245
11247
11248
11249
11250
11252
11254
11255
11256
11257
11258
11259
11262
11263
11264
11265
11268
11270
11271
11272
11273
11275
11276
11277
11278
11279
11280
11283
11284
11285
11286
11287
11288
11289
11290
11291
11293
11294
11296
11297
11298
11300
11301
11302
11303
11304
11305
11307
11308
11313
11314
11315
11316
11317
11318
11320
11321
11324
11325
11328
11330
11331
11332
11333
11334
11335
11336
11337
11338
11339
11340
11341
11342
11347
11352
11354
11355
11357
11358
11359
11361
11362
11364
11365
11366
11368
11369
11370
11371
11372
11373
11374
11375
11378
11379
11381
11382
11385
11386
11387
11388
11389
11390
11391
11392
11393
11394
11395
11396
11397
11398
11401
11403
11404
11405
11406
11408
11409
11410
11411
11412
11415
11419
11420
11421
11422
11423
11426
11428
11430
11431
11435
11437
11438
11440
11442
11444
11445
11446
11447
11448
11449
11450
11451
11452
11456
11457
11458
11460
11463
11467
11472
11473
11474
11475
11477
11479
11480
11481
11482
11483
11485
11486
11487
11488
11490
11491
11492
11493
11494
11495
11496
11497
11498
11499
11500
11504
11506
11509
11519
11525
11545
11546
11548
11549
11550
11551
11554
11555
11556
11558
11559
11561
11565
11567
11568
11569
11570
11571
12449
12798
13130
13142
13302
13411
13841
13842
13844
14009
14641
14644
14646
14647
14648
14794
14795
14796
15154
15157
15158
15165
15167
15168
15170
15176
15183
15186
15188
15190
15194
15195
15198
15200
15201
15203
15205
15206
15210
15211
15215
15217
15218
15220
15311
15400
15486
15491
15493
15495
15501
15515
15523
15529
15530
15534
15545
15554
15565
15569
15578
15589
15593
15708
15718
15726
15733
15737
15744
15757
15759
15760
15763
15764
15772
16260
16783
19019
19033
19085
19500
19604
19605
19607
19609
19610
19614
19616
19617
19619
19620
19621
19622
19632
19633
19635
19636
19640
19642
19648
19650
19656
19657
19658
19659
19664
19667
19668
19670
19671
19677
19678
19679
19680
19681
19682
19687
19688
19689
19697
19698
19923
19924
19936
19946
20031
20032
20160
20187