6
8
9
11
12
14
15
17
18
24
26
27
32
33
34
35
37
39
40
43
44
46
47
48
51
53
55
57
58
59
61
62
63
66
70
71
75
76
77
80
81
83
84
86
87
88
94
95
97
99
101
104
108
109
112
115
116
117
119
120
121
123
125
127
128
130
131
133
135
138
139
142
143
145
150
151
152
154
155
156
157
158
159
160
165
166
167
169
171
176
177
179
180
182
184
185
186
187
258
285
368
1927
2533
2534
2540
2542
2543
2546
2548
2551
2552
2553
2555
2557
2559
2560
2562
2563
2564
2567
2568
2569
2570
2571
2573
2574
2577
2579
2580
2582
2583
2585
2586
2589
2590
2591
2594
2596
2597
2598
2599
2601
2602
2603
2604
2606
2607
2608
2612
2613
2615
2616
2617
2620
2621
2624
2625
2626
2628
2629
2630
2632
2634
2636
2638
2639
2640
2641
2643
2645
2646
2648
2649
2651
2652
2653
2654
2658
2660
2661
2662
2666
2668
2669
2671
2672
2673
2674
2677
2680
2682
2683
2685
2688
2689
2691
2692
2694
2703
2705
2706
2713
2715
2717
2719
2720
2722
2729
2730
2731
2739
2742
2743
2748
2750
2751
2752
2753
2754
2756
2759
2762
2763
2764
2765
2769
2771
2775
2777
2778
2779
2782
2783
2785
2788
2796
2797
2798
2801
2802
2803
2805
2807
2810
2812
2814
2815
2816
2818
2819
2821
2825
2826
2828
2829
2830
2833
2836
2837
2838
2839
2840
2841
2842
2843
2844
2846
2847
2852
2854
2856
2857
2858
2860
2861
2863
2864
2867
2873
2875
2881
2882
2883
2884
2885
2886
2888
2890
2891
2892
2893
2894
2895
2898
2899
2900
2901
2902
2904
2906
2908
2910
2911
2912
2913
2914
2915
2919
2920
2921
2924
2925
2928
2932
2935
2936
2938
2940
2941
2945
2948
2949
2951
2953
2954
2956
2958
2960
2961
2962
2966
2967
2968
2969
2970
2971
2972
2973
2974
2975
2977
2978
2979
2982
2983
2985
2986
2988
2990
2992
2993
2995
2996
3000
3001
3002
3003
3005
3008
3009
3010
3012
3018
3413
3441
3562
3753
4272
8371
8384
8419
9643
9650
9653
9994
9995
10680
10915
10916
11253
13779
13871
14188
14189
14190
14193
14349
15836
15844
16279
16281
16286
16288
16289
19743