9
19
22
23
26
35
38
47
49
58
59
66
79
83
90
91
94
101
105
106
109
114
139
153
173
183
184
189
195
217
235
239
241
250
261
280
285
299
303
313
316
332
342
343
354
359
375
379
394
414
424
440
442
450
457
469
474
475
478
488
493
503
509
523
534
543
547
599
600
611
612
614
616
620
621
622
629
631
634
646
651
653
655
657
658
660
669
673
681
683
687
688
693
694
695
701
704
709
714
717
728
737
738
741
742
746
747
748
749
759
760
763
765
766
767
768
772
776
777
778
790
793
795
797
801
803
804
805
807
808
810
816
817
818
821
826
827
832
833
836
838
842
844
850
855
857
860
870
875
877
878
880
883
885
887
894
896
899
912
913
916
917
938
1054
1057
1060
1156
1213
1314
1388
1672
1687
1805
1809
1819
1827
1828
1834
1862
1885
1896
1927
1943
1947
1949
1966
2150
2161
2166
2211
2242
2268
2280
2285
2333
2336
2338
2430
2442
2545
2547
2561
2564
2566
2576
2577
2579
2580
2593
2597
2599
2600
2611
2628
2653
2669
2671
2676
2679
2688
2696
2700
2712
2724
2725
2732
2744
2763
2766
2772
2787
2801
2804
2805
2806
2808
2809
2816
2839
2867
2888
2891
2899
2930
2939
2946
2970
2978
2984
2985
3015
3168
3172
3184
3235
3271
3275
3277
3289
3290
3307
3312
3326
3333
3334
3335
3358
3359
3361
3362
3369
3392
3396
3405
3410
3416
3423
3424
3427
3432
3450
3460
3464
3505
3513
3515
3517
3534
3538
3541
3548
3549
3550
3557
3567
3568
3581
3585
3586
3588
3597
3602
3609
3620
3630
3643
3648
3650
3651
3664
3671
3672
3677
3681
3684
3689
3695
3696
3699
3700
3706
3721
3722
3723
3724
3731
3752
3761
3764
3774
3779
3788
3795
3800
3811
3818
3838
3845
3846
3853
3855
3858
3863
3865
3866
3893
3909
3918
3951
3956
3959
3977
3986
3998
4004
4007
4013
4022
4025
4041
4044
4058
4063
4078
4091
4096
4097
4109
4125
4126
4131
4132
4146
4152
4154
4156
4157
4161
4162
4163
4181
4184
4189
4194
4200
4203
4205
4226
4233
4273
4274
4298
4300
4378
4405
4419
4420
4422
4424
4431
4441
4443
4452
4453
4821
4843
4934
5015
5029
5042
5138
5248
5259
5286
5288
5352
5353
5357
5388
5391
5393
5402
5495
5522
5529
5533
5534
5545
5551
5557
5571
5717
5734
5736
5740
5741
5769
5774
5794
5802
5803
5928
5932
5967
5989
5996
6027
6030
6049
6057
6062
6073
6079
6089
6103
6113
6114
6118
6119
6128
6132
6133
6134
6208
6212
6365
6372
6373
6374
6375
6377
6378
6379
6381
6429
6629
6722
6744
6747
6748
6752
6757
6758
6760
6764
6766
6769
6784
6787
6792
6819
6824
6828
6829
6831
6842
6843
6844
6847
6848
6851
6852
6853
6854
6855
6857
6858
6859
6863
6864
6866
6870
6871
6873
6874
6876
6877
6879
6881
6882
6884
6885
6891
6893
6895
6897
6900
6901
6902
6905
6906
6907
6909
6911
6913
6915
6918
6919
6922
6923
6928
6931
6933
6934
6938
6939
6940
6941
6944
6948
6951
6953
6961
6962
6964
6966
6969
6970
6972
6973
6974
6977
6980
6983
6984
6985
6987
6988
6991
6996
6997
6999
7001
7003
7004
7011
7012
7014
7015
7016
7017
7020
7028
7030
7032
7034
7038
7040
7041
7042
7045
7050
7055
7056
7058
7060
7063
7069
7072
7077
7083
7085
7088
7091
7092
7093
7095
7097
7101
7103
7108
7109
7110
7119
7121
7125
7130
7132
7133
7135
7139
7141
7142
7144
7149
7151
7156
7158
7167
7169
7172
7174
7175
7180
7182
7184
7185
7186
7187
7191
7192
7196
7197
7203
7205
7207
7208
7209
7215
7217
7218
7226
7227
7228
7231
7232
7236
7237
7245
7249
7250
7251
7252
7253
7255
7318
7321
7323
7336
7353
7385
7460
7467
7607
7608
7613
7614
7733
7806
7816
7835
7849
7860
7924
7952
7995
7996
7997
7998
7999
8000
8001
8002
8003
8004
8005
8006
8007
8009
8010
8011
8012
8013
8015
8016
8018
8029
8034
8106
8227
8228
8229
8231
8232
8297
8314
8321
8326
8342
8349
8354
8358
8396
8421
8520
8554
8568
8570
8579
8587
8641
8645
8654
8720
8722
8737
8740
8741
8747
8748
8829
8838
8849
8852
8910
9048
9313
9334
9341
9342
9346
9352
9375
9399
9400
9487
9506
9513
9516
9530
9540
9544
9546
9549
9550
9555
9559
9568
9588
9601
9609
9614
9619
9628
9657
9670
9678
9693
9700
9703
9765
9864
9866
9868
9871
9873
9874
9875
9876
9878
9936
9937
9946
9950
10021
10028
10117
10123
10130
10136
10154
10178
10199
10213
10218
10221
10223
10243
10244
10247
10252
10273
10275
10276
10283
10293
10300
10307
10309
10313
10318
10319
10320
10323
10330
10331
10341
10344
10346
10347
10371
10380
10389
10391
10399
10401
10402
10404
10421
10423
10424
10440
10458
10463
10472
10486
10495
10498
10500
10504
10507
10512
10514
10537
10553
10554
10564
10584
10601
10604
10619
10627
10630
10632
10634
10656
10659
10661
10666
10667
10682
10685
10702
10703
10709
10726
10729
10740
10741
10752
10771
10858
10886
11097
11100
11104
11105
11106
11115
11119
11121
11122
11125
11132
11145
11150
11152
11153
11157
11159
11161
11164
11165
11173
11183
11184
11186
11188
11189
11190
11192
11193
11200
11202
11206
11207
11210
11212
11214
11220
11223
11225
11227
11229
11235
11238
11239
11240
11243
11256
11257
11258
11261
11262
11263
11264
11266
11274
11275
11276
11281
11283
11285
11286
11287
11290
11292
11293
11295
11298
11305
11306
11308
11309
11314
11316
11317
11318
11319
11320
11327
11330
11332
11336
11339
11349
11352
11353
11354
11355
11357
11358
11361
11363
11364
11366
11370
11375
11378
11379
11381
11382
11390
11393
11396
11400
11401
11404
11409
11411
11412
11417
11421
11429
11435
11436
11441
11442
11443
11450
11451
11452
11477
11479
11482
11486
11487
11491
11494
11497
11502
11505
11519
11520
11521
11527
11534
11541
11544
11548
11549
11550
11551
11553
11554
11555
11556
11558
11559
11565
11567
11568
11569
11570
11571
11573
11574
11575
11600
11604
11668
11686
11689
11693
11734
11738
11768
11870
12015
12017
12023
12034
12302
12346
12376
12381
12422
12424
12431
12436
12448
12491
12501
12514
12527
12538
12545
12622
12663
12673
12685
12702
12704
12719
12734
12760
12761
12764
12805
12838
12842
12868
12912
12924
13057
13066
13093
13119
13126
13160
13186
13192
13236
13263
13316
13317
13328
13346
13369
13400
13418
13451
13501
13510
13539
13547
13593
13607
13615
13626
13640
13646
13656
13675
13745
13889
13910
14003
14050
14065
14082
14084
14137
14197
14228
14253
14289
14292
14389
14411
14440
14442
14488
14497
14498
14501
14502
14503
14507
14553
14626
14644
14645
14647
14648
14671
14682
14726
14766
14767
14793
14859
14970
15022
15038
15046
15078
15152
15157
15158
15161
15165
15167
15170
15171
15189
15191
15192
15199
15206
15210
15211
15213
15215
15220
15288
15293
15309
15360
15369
15373
15392
15399
15406
15457
15491
15529
15531
15551
15567
15621
15622
15623
15628
15711
15715
15716
15720
15723
15728
15732
15733
15734
15735
15737
15742
15746
15747
15749
15751
15752
15757
15758
15761
15780
15792
15793
15794
15797
15799
15805
15834
15839
15933
15934
15970
15978
15996
16000
16010
16011
16053
16092
16191
16193
16211
16218
16270
16301
16303
16714
16782
16783
16786
16807
16815
16822
16904
17106
17165
17186
17282
17352
17360
17421
17535
17964
18056
18320
18452
18455
18538
18556
18591
19080
19083
19084
19085
19086
19202
19231
19293
19297
19366
19410
19425
19608
19610
19619
19632
19633
19635
19647
19654
19655
19658
19671
19679
19687
19696
19698
19699
19923
19927
19939
19944
19946
19987
20002
20030
20038
20133
20137
20139
20142
20153
20160
20162