1
167
200
203
217
227
245
250
252
253
267
272
274
289
296
300
305
328
335
336
343
359
364
365
373
393
396
404
411
440
453
478
495
498
512
525
531
565
593
596
600
610
611
614
615
622
623
624
629
631
646
648
653
658
660
673
675
678
681
684
686
687
691
697
702
707
708
709
716
717
724
725
728
735
738
744
756
760
764
767
773
775
776
777
778
780
784
787
790
794
797
800
806
808
810
811
812
814
815
816
821
823
827
829
831
834
835
836
839
840
842
845
846
847
850
853
854
855
861
863
864
866
868
873
876
877
882
886
888
893
903
904
905
911
912
914
917
919
923
935
936
1228
1325
1549
1551
1553
1557
1563
1568
1570
1637
1701
1738
1748
1755
1784
1789
1793
1796
1800
1801
1805
1807
1812
1822
1835
1891
1896
1901
1915
1925
1930
1933
1946
1947
1951
1966
2480
2500
2615
2669
2880
2945
3214
3218
3219
3220
3224
3231
3233
3249
3272
3274
3275
3283
3289
3298
3300
3314
3329
3349
3350
3361
3369
3370
3379
3380
3382
3389
3395
3397
3403
3405
3440
3455
3472
3489
3494
3497
3499
3511
3514
3528
3529
3536
3541
3542
3545
3551
3560
3565
3570
3575
3576
3582
3594
3603
3608
3618
3622
3626
3631
3641
3643
3652
3655
3664
3671
3680
3685
3705
3709
3716
3717
3726
3727
3729
3730
3731
3733
3734
3742
3745
3758
3759
3762
3763
3766
3774
3776
3777
3782
3784
3792
3795
3804
3811
3814
3818
3819
3822
3829
3833
3836
3846
3851
3855
3857
3870
3872
3876
3877
3901
3902
3908
3915
3922
3932
3936
3941
3948
3955
3957
3967
3968
3974
3976
3978
3980
3992
3997
4000
4001
4004
4009
4017
4037
4040
4041
4055
4065
4068
4071
4072
4083
4084
4097
4098
4131
4148
4152
4153
4156
4157
4161
4176
4185
4186
4189
4193
4199
4229
4265
4268
4376
4377
4378
4379
4380
4381
4382
4383
4384
4385
4386
4387
4388
4389
4390
4391
4392
4393
4394
4395
4396
4397
4398
4399
4400
4402
4403
4404
4405
4406
4432
4437
4448
4452
4458
4844
4951
5039
5300
5396
5463
5464
5468
5469
5470
5471
5481
5482
5484
5487
5492
5494
5496
5498
5503
5507
5508
5511
5512
5513
5514
5522
5526
5529
5550
5561
5599
5601
5602
5609
5618
5619
5620
5629
5633
5637
5642
5667
5713
5729
5734
5788
5954
5979
5985
6000
6008
6011
6016
6022
6032
6042
6047
6051
6074
6075
6079
6090
6098
6109
6124
6127
6134
6171
6278
6350
6405
6530
6531
6537
6545
6557
6612
6617
6658
6737
6747
6755
6763
6807
6809
6810
6853
6884
6906
6914
6924
6930
6938
6982
6989
6999
7022
7032
7042
7074
7097
7115
7151
7180
7191
7192
7196
7209
7245
7318
7336
7363
7364
7365
7369
7373
7374
7375
7376
7377
7378
7381
7384
7385
7386
7390
7391
7394
7397
7398
7399
7400
7401
7402
7403
7406
7407
7408
7410
7541
8334
8347
8351
8385
8386
8400
8421
8586
8639
8837
9313
9315
9317
9318
9319
9321
9323
9324
9325
9326
9327
9328
9329
9332
9333
9335
9337
9338
9339
9340
9343
9344
9345
9346
9347
9348
9349
9350
9352
9354
9356
9358
9359
9361
9365
9367
9368
9371
9373
9374
9376
9378
9380
9381
9383
9384
9385
9386
9390
9392
9396
9397
9400
9401
9403
9404
9427
9428
9520
9527
9547
9578
9608
9609
9621
9627
9628
9631
9636
9647
9658
9661
9665
9677
9875
9943
10107
10117
10123
10126
10134
10140
10154
10174
10178
10208
10209
10246
10252
10253
10273
10279
10292
10303
10342
10344
10369
10373
10380
10386
10415
10428
10447
10474
10476
10486
10495
10500
10508
10512
10514
10528
10537
10543
10561
10593
10611
10629
10631
10632
10634
10646
10649
10659
10667
10671
10680
10691
10697
10708
10709
10724
10726
10741
10749
10944
10967
10969
10970
10971
10972
10973
10974
10975
10977
10978
10979
10980
10981
10982
10983
10984
10985
10986
11092
11093
11094
11095
11100
11111
11112
11120
11126
11128
11133
11142
11143
11146
11150
11152
11162
11166
11170
11172
11173
11174
11180
11182
11183
11187
11190
11192
11194
11199
11204
11208
11211
11212
11214
11216
11217
11220
11223
11224
11225
11226
11227
11230
11231
11232
11234
11235
11237
11238
11240
11241
11243
11245
11247
11249
11250
11254
11256
11258
11260
11262
11263
11265
11270
11273
11275
11278
11281
11286
11289
11291
11292
11293
11294
11298
11299
11301
11303
11304
11305
11310
11312
11316
11317
11319
11321
11323
11324
11325
11330
11331
11332
11335
11337
11339
11342
11343
11346
11350
11351
11354
11355
11357
11361
11364
11365
11371
11375
11376
11379
11381
11383
11386
11387
11388
11389
11390
11396
11398
11401
11403
11404
11405
11406
11408
11414
11415
11416
11417
11418
11421
11423
11427
11430
11434
11436
11441
11446
11447
11448
11449
11451
11452
11453
11455
11457
11459
11460
11463
11467
11479
11487
11490
11492
11493
11494
11495
11498
11501
11505
11506
11508
11509
11541
11549
11552
11556
11567
11568
11664
11669
11907
11909
12231
12235
12350
12384
12387
12431
12494
12504
12514
12527
12583
12613
12622
12637
12639
12673
12705
12716
12721
12745
12761
12770
12787
12798
12863
12907
12911
12992
13007
13011
13024
13047
13059
13069
13097
13117
13130
13142
13152
13170
13171
13201
13202
13229
13250
13278
13281
13298
13303
13313
13319
13322
13347
13350
13366
13381
13384
13390
13397
13404
13415
13424
13428
13439
13448
13485
13487
13492
13590
13600
13629
13646
13649
13691
13692
13710
13758
13772
13774
13776
13831
13834
13837
13866
13874
13894
13909
13918
13922
13928
14002
14003
14004
14005
14007
14008
14015
14016
14018
14019
14020
14024
14025
14027
14028
14031
14033
14035
14041
14044
14046
14048
14049
14050
14051
14052
14054
14055
14059
14060
14061
14062
14063
14067
14070
14072
14073
14074
14075
14076
14078
14080
14081
14082
14083
14084
14087
14090
14092
14093
14095
14096
14097
14099
14102
14103
14104
14106
14107
14109
14133
14247
14367
14562
14641
14770
14771
14772
14773
14785
14786
14787
14788
14795
14968
15153
15155
15165
15167
15168
15176
15187
15194
15207
15211
15217
15220
15221
15304
15391
15392
15399
15400
15403
15405
15406
15407
15409
15418
15522
15529
15545
15621
15622
15623
15624
15628
15693
15694
15697
15700
15701
15703
15704
15705
15706
15707
15709
15710
15720
15721
15750
15752
15805
15818
16050
16151
16183
16233
16853
17950
18363
18917
18918
18922
18923
18934
18969
19279
19291
19305
19419
19422
19507
19518
19629
19651
19655
19659
19678
19679
19680
19693
19924
19933
20014
20016
20025
20026
20031
20036
20097
20098
20170