3
560
965
973
1009
1022
1032
1313
1316
1319
1325
1381
1543
2078
2079
2081
2082
2087
2091
3095
3122
3130
4364
4428
4538
4549
4560
4690
4748
4815
4837
4912
5221
5245
5249
5378
5379
5380
5381
5661
5811
5824
5860
6364
6680
6696
6698
6714
7451
7527
7761
7774
7792
7794
7795
7797
7815
7816
7817
7824
7835
7842
7850
8187
8515
8520
8532
8540
8626
8636
8678
8929
8936
8997
9012
9019
9028
9034
9039
9045
9047
9069
9074
9081
9095
9096
9123
9125
9146
9152
9162
9173
9218
9225
9228
9245
9251
9253
9258
9272
9278
9281
9282
9286
9288
9289
9290
9291
9297
9298
9300
9301
9302
9306
9308
9310
9311
9726
9851
10068
10813
10815
10819
10820
10824
10825
10827
10830
10831
10836
10843
11031
11062
11724
11728
11730
11843
11897
11899
11900
11977
12015
12016
12018
12048
12094
12123
12144
12169
12176
12180
12377
12507
12591
12642
12985
13132
13139
13240
13243
13306
13388
13465
13516
13543
13576
13622
13788
13854
13936
13957
14186
14194
14212
14215
14217
14241
14265
14335
14343
14365
14401
14406
14417
14420
14421
14426
14429
14492
14494
14505
14506
14530
14532
14533
14534
14541
14582
14602
15227
15229
15235
15236
15243
15249
15254
15256
15257
15261
15265
15275
15359
15470
15653
15671
15680
15860
15869
15870
15872
15966
16310
16463
16690
16694
16705
17060
17062
17271
17312
17362
17416
17450
17791
18450
18460
18790
18886
19256
19433
19434
19438
19439
19441
19443
19445
19446
19447
19451
19454
19458
19463
19466
19486
19520
19551
19564
19567
19571
19802
19811
19911
19956
19964
19980
19996