563
566
570
574
579
581
930
941
945
951
962
965
993
994
998
999
1000
1001
1002
1003
1004
1005
1006
1007
1008
1009
1010
1011
1012
1013
1014
1015
1016
1017
1018
1019
1020
1021
1022
1080
1081
1083
1084
1085
1086
1087
1088
1089
1090
1153
1232
1233
1235
1236
1237
1238
1239
1240
1241
1242
1244
1245
1246
1247
1248
1250
1251
1252
1254
1255
1256
1259
1260
1262
1263
1264
1265
1266
1268
1272
1273
1275
1280
1281
1282
1286
1288
1289
1290
1291
1293
1294
1295
1296
1297
1298
1300
1301
1302
1304
1306
1308
1309
1310
1330
1354
1355
1364
1367
1387
1403
1404
1405
1407
1411
1413
1415
1419
1420
1421
1422
1424
1425
1426
1428
1429
1430
1431
1432
1435
1437
1438
1439
1442
1444
1450
1452
1457
1458
1459
1460
1461
1463
1464
1465
1466
1468
1469
1482
1510
1522
1523
1524
1527
1533
1534
1593
1595
1625
2030
2031
2032
2033
2034
2035
2036
2037
2039
2040
2089
2091
2106
2109
2110
2214
2230
2247
2314
2316
2317
2319
2320
2322
2435
2468
2504
2505
2510
3037
3062
3069
3072
3073
3074
4284
4287
4288
4303
4304
4305
4306
4307
4319
4528
4529
4530
4532
4533
4546
4556
4560
4569
4570
4572
4584
4592
4594
4595
4596
4597
4598
4599
4601
4605
4606
4607
4609
4613
4615
4616
4617
4618
4621
4622
4624
4626
4627
4629
4633
4635
4637
4638
4639
4640
4642
4645
4646
4649
4651
4652
4655
4656
4658
4659
4660
4662
4663
4664
4666
4667
4668
4669
4670
4671
4673
4676
4677
4678
4679
4682
4683
4684
4685
4686
4687
4688
4689
4690
4691
4692
4693
4694
4696
4697
4699
4700
4702
4704
4706
4707
4708
4711
4713
4714
4715
4716
4717
4718
4719
4720
4722
4723
4724
4725
4727
4734
4736
4740
4741
4742
4745
4746
4749
4750
4751
4754
4756
4758
4759
4760
4761
4763
4766
4767
4768
4769
4770
4771
4772
4776
4778
4779
4780
4784
4785
4790
4793
4795
4797
4798
4800
4802
4803
4808
4809
4810
4811
4812
4813
4814
4815
4816
4817
4837
4847
4848
4849
4850
4851
4852
4853
4854
4855
4856
4857
4858
4883
4884
4885
4886
4887
4888
4889
4890
4892
4893
4895
4896
4897
4898
4899
4900
4901
4914
4917
4968
4980
4982
4987
4989
4990
4994
4998
5001
5019
5055
5056
5057
5058
5059
5060
5061
5062
5063
5071
5120
5121
5122
5123
5137
5207
5208
5210
5211
5214
5219
5221
5227
5228
5233
5244
5245
5250
5251
5259
5261
5267
5271
5273
5277
5311
5313
5315
5316
5318
5320
5353
5361
5370
5372
5413
5414
5415
5418
5572
5586
5588
5593
5596
5805
5884
5885
5886
5887
5888
5910
6156
6158
6160
6161
6188
6195
6202
6204
6217
6219
6220
6221
6222
6223
6224
6226
6227
6371
6382
6389
6392
6393
6395
6430
6440
6444
6445
6446
6447
6448
6449
6451
6453
6454
6516
6517
6518
6519
6520
6521
6522
6523
6524
6525
6526
6527
6528
6579
6589
6590
6706
6707
6708
6709
6710
6711
6712
6713
6723
6724
6726
6729
6730
6731
6732
6733
6734
7302
7303
7416
7417
7418
7419
7420
7421
7423
7426
7430
7431
7449
7455
7461
7464
7465
7467
7468
7469
7470
7471
7472
7473
7499
7586
7591
7592
7593
7595
7596
7597
7599
7600
7601
7603
7631
7639
7659
7660
7674
7675
7676
7678
7679
7680
7697
7711
7712
7741
7824
7852
7853
7854
7855
7856
7858
7860
7867
7870
7873
7874
7876
7878
7879
7880
7956
7958
7961
7972
7985
7987
8014
8015
8039
8041
8197
8199
8205
8212
8213
8214
8215
8216
8217
8219
8220
8221
8222
8223
8224
8225
8226
8258
8260
8267
8269
8278
8279
8280
8281
8282
8283
8284
8285
8286
8434
8436
8462
8504
8505
8506
8507
8509
8510
8517
8518
8520
8521
8522
8523
8524
8525
8526
8527
8528
8529
8530
8531
8533
8535
8536
8539
8541
8545
8546
8547
8548
8549
8550
8590
8592
8593
8596
8597
8600
8612
8613
8616
8621
8622
8634
8686
8688
8699
8718
8763
8766
8769
8770
8791
8858
8859
8872
8874
8875
8877
8878
8879
8880
8890
8893
8896
8936
8967
8969
8971
8976
8977
8987
8988
8989
8990
8991
8992
8993
8994
8995
8996
8998
8999
9000
9001
9002
9003
9004
9005
9006
9007
9008
9009
9010
9011
9012
9013
9014
9015
9016
9017
9018
9019
9020
9021
9022
9023
9024
9025
9026
9027
9028
9029
9030
9031
9032
9033
9034
9035
9036
9037
9038
9039
9040
9041
9042
9043
9044
9045
9046
9047
9048
9049
9050
9051
9052
9053
9054
9055
9056
9057
9058
9059
9060
9061
9062
9063
9064
9065
9066
9067
9068
9069
9070
9071
9072
9073
9074
9075
9076
9077
9078
9079
9080
9081
9082
9083
9084
9085
9086
9087
9088
9089
9090
9091
9092
9093
9094
9095
9096
9097
9098
9099
9100
9101
9102
9103
9104
9105
9106
9107
9108
9109
9110
9111
9112
9113
9114
9115
9116
9117
9118
9119
9120
9121
9122
9123
9124
9125
9126
9127
9128
9129
9130
9131
9132
9133
9134
9135
9136
9137
9138
9139
9140
9141
9142
9143
9144
9145
9146
9147
9148
9149
9150
9151
9152
9153
9154
9155
9156
9157
9158
9159
9160
9161
9162
9163
9164
9165
9166
9167
9168
9169
9170
9171
9172
9173
9174
9175
9176
9177
9179
9180
9181
9182
9183
9184
9185
9186
9187
9188
9189
9190
9191
9192
9193
9194
9195
9196
9197
9198
9199
9200
9201
9202
9203
9204
9205
9206
9207
9208
9209
9210
9211
9212
9213
9214
9215
9216
9217
9218
9219
9220
9221
9222
9223
9224
9225
9226
9227
9228
9229
9230
9231
9232
9233
9234
9235
9236
9237
9238
9239
9240
9241
9242
9243
9244
9245
9246
9247
9248
9249
9250
9251
9252
9253
9254
9255
9256
9257
9258
9260
9261
9262
9263
9266
9267
9268
9269
9270
9271
9273
9274
9275
9276
9277
9278
9279
9280
9281
9301
9306
9439
9442
9443
9447
9448
9450
9451
9499
9503
9506
9507
9680
9683
9684
9685
9687
9688
9689
9691
9692
9693
9695
9696
9698
9701
9702
9704
9707
9709
9710
9711
9714
9718
9721
9722
9725
9726
9727
9842
9853
9854
9856
9857
9858
9860
9861
9862
9880
9882
9883
9884
9888
9891
9911
9962
9973
9979
9981
9982
9983
9984
9985
9987
10074
10080
10098
10140
10144
10782
10783
10963
10989
10990
10993
10994
10995
11013
11018
11031
11036
11043
11044
11052
11076
11087
11088
11089
11090
11091
11510
11511
11515
11517
11518
11581
11611
11614
11623
11627
11628
11629
11630
11631
11632
11633
11636
11641
11646
11649
11651
11653
11654
11655
11656
11658
11684
11689
11701
11733
11737
11738
11745
11746
11748
11749
11750
11751
11752
11753
11757
11759
11782
11783
11786
11828
11837
11843
11846
11861
11865
11871
11872
11881
11886
11893
11896
11898
11899
11917
11921
11928
11929
11932
11933
11934
11935
11936
11937
11938
11939
11940
11941
11942
11992
11998
12002
12005
12010
12039
12040
12041
12042
12043
12044
12045
12046
12047
12048
12049
12051
12053
12092
12101
12105
12111
12145
12148
12176
12178
12198
12199
12200
12201
12202
12204
12205
12206
12208
12256
12258
12260
12261
12262
12289
12290
12291
12300
12303
12304
12305
12306
12309
12311
12312
12313
12316
12319
12320
12325
12326
12328
12330
12335
12337
12338
12340
12343
12349
12355
12356
12357
12358
12369
12372
12375
12379
12380
12382
12388
12390
12391
12394
12399
12401
12403
12404
12406
12408
12410
12415
12417
12420
12421
12424
12425
12426
12427
12429
12434
12437
12440
12445
12446
12447
12450
12456
12464
12465
12467
12470
12471
12472
12473
12482
12485
12486
12489
12490
12493
12505
12508
12509
12510
12515
12516
12518
12522
12523
12524
12525
12526
12534
12536
12537
12538
12539
12542
12544
12548
12553
12554
12558
12559
12560
12561
12564
12565
12566
12567
12576
12577
12581
12588
12589
12593
12595
12596
12599
12600
12602
12606
12608
12609
12611
12612
12614
12615
12619
12620
12621
12625
12630
12634
12636
12638
12640
12642
12644
12645
12649
12651
12654
12660
12661
12664
12669
12670
12672
12675
12680
12683
12684
12686
12687
12688
12691
12693
12699
12701
12703
12708
12714
12715
12720
12722
12727
12728
12733
12740
12743
12744
12746
12752
12754
12760
12765
12771
12772
12773
12775
12777
12778
12780
12785
12792
12793
12796
12799
12800
12801
12802
12803
12806
12807
12808
12811
12812
12823
12827
12831
12839
12843
12851
12853
12855
12856
12864
12865
12866
12870
12871
12875
12876
12877
12878
12880
12881
12884
12887
12894
12895
12896
12897
12898
12908
12910
12920
12923
12925
12927
12930
12932
12935
12936
12937
12939
12941
12944
12945
12946
12947
12949
12950
12952
12953
12954
12955
12958
12963
12964
12971
12974
12975
12977
12978
12981
12984
12985
12990
12991
12993
12998
13000
13003
13008
13010
13017
13035
13049
13054
13055
13063
13066
13098
13100
13106
13146
13150
13159
13188
13190
13191
13199
13206
13208
13210
13215
13223
13227
13233
13235
13244
13245
13246
13247
13251
13257
13271
13284
13294
13304
13308
13318
13331
13336
13340
13352
13368
13389
13406
13408
13409
13412
13425
13427
13435
13441
13444
13459
13464
13471
13475
13491
13494
13499
13502
13513
13522
13527
13531
13537
13541
13546
13551
13556
13563
13577
13579
13582
13591
13616
13631
13635
13680
13684
13685
13703
13704
13712
13718
13721
13723
13727
13729
13739
13741
13744
13752
13753
13757
13763
13830
13832
13833
13834
13835
13836
13851
13852
13854
13945
13948
13950
13951
13953
13959
13968
13971
13973
14111
14114
14116
14117
14119
14123
14125
14141
14142
14204
14205
14206
14216
14234
14266
14267
14268
14269
14270
14299
14302
14362
14368
14399
14400
14401
14402
14403
14404
14405
14406
14412
14413
14414
14415
14418
14419
14420
14421
14423
14424
14425
14426
14427
14428
14429
14430
14453
14493
14511
14515
14517
14518
14535
14536
14537
14539
14540
14544
14545
14549
14555
14557
14580
14582
14583
14598
14601
14609
14614
14617
14619
14622
14628
14630
14649
14650
14652
14653
14658
14686
14729
14731
14732
14733
14734
14735
14736
14748
14749
14750
14769
14776
14777
14779
14839
14840
14841
14847
14860
14861
14862
14864
14865
14866
14871
14894
14904
14933
14939
14955
14956
14958
14959
14962
14996
15003
15006
15007
15012
15018
15022
15024
15027
15030
15034
15042
15047
15048
15049
15050
15059
15069
15070
15076
15102
15103
15104
15105
15106
15107
15108
15109
15110
15111
15112
15113
15114
15115
15117
15118
15119
15120
15121
15122
15123
15124
15125
15126
15127
15128
15129
15130
15131
15132
15133
15135
15136
15137
15138
15139
15141
15143
15144
15145
15146
15147
15148
15331
15336
15339
15342
15355
15360
15364
15370
15372
15373
15380
15420
15423
15424
15425
15433
15434
15437
15446
15469
15591
15602
15613
15614
15615
15616
15617
15618
15619
15620
15634
15643
15649
15653
15654
15661
15667
15684
15782
15784
15785
15786
15787
15791
15818
15826
15832
15834
15872
15905
15906
15907
15908
15909
15910
15911
15912
15913
15914
15916
15937
15962
15963
15964
15965
15966
15967
15968
15969
15970
15971
15972
15973
15974
15975
15976
15977
15978
15979
15980
15981
15982
15983
15984
15985
15986
15987
15988
15989
15990
15991
15992
15993
15994
15995
15996
15997
15998
15999
16000
16001
16002
16003
16004
16005
16006
16007
16008
16009
16011
16012
16013
16014
16018
16038
16044
16046
16137
16191
16246
16248
16250
16255
16258
16278
16309
16311
16313
16324
16355
16356
16360
16365
16366
16368
16373
16378
16379
16380
16383
16387
16397
16400
16405
16411
16412
16413
16414
16415
16416
16420
16424
16428
16430
16431
16437
16442
16448
16451
16455
16460
16462
16466
16468
16474
16478
16487
16488
16491
16495
16496
16498
16503
16508
16512
16522
16524
16531
16538
16540
16544
16551
16555
16558
16559
16561
16565
16578
16581
16586
16588
16589
16596
16598
16603
16610
16615
16616
16624
16627
16637
16641
16643
16644
16647
16654
16660
16661
16662
16671
16673
16676
16677
16680
16705
16744
16753
16754
16756
16841
16843
16844
16857
16858
16859
16860
16861
16864
16865
16866
16867
16868
16869
16870
16871
16872
16873
16874
16875
16876
16877
16879
16880
16881
16882
16883
16884
16885
16886
16887
16888
16889
16890
16891
16892
16893
16894
16896
16898
16899
16900
16901
16902
16903
16904
16906
16907
16908
16909
16910
16911
16912
16913
16915
16916
16917
16918
16919
16920
16921
16923
16924
16925
16926
16927
16928
16930
16931
16932
16933
16934
16935
16936
16938
16939
16940
16941
16942
16943
16944
16945
16946
16947
16948
16949
16950
16951
16952
16953
16954
16956
16957
16958
16959
16960
16961
16962
16963
16964
16965
16966
16967
16968
16970
16971
16972
16973
16974
16975
16977
16978
16979
16980
16981
16982
16983
16984
16985
16988
16989
16990
16991
16992
16993
16994
16995
16996
16997
16998
17000
17001
17002
17003
17004
17005
17006
17008
17009
17010
17011
17012
17013
17014
17015
17016
17017
17018
17019
17020
17021
17022
17023
17024
17025
17026
17027
17028
17029
17030
17031
17032
17033
17034
17035
17036
17037
17038
17039
17040
17041
17042
17043
17044
17045
17046
17048
17049
17050
17051
17052
17053
17054
17055
17056
17057
17058
17059
17060
17061
17062
17063
17064
17065
17066
17067
17068
17069
17070
17071
17072
17075
17076
17077
17078
17079
17080
17081
17082
17083
17084
17085
17086
17087
17088
17089
17090
17091
17092
17093
17094
17095
17096
17097
17098
17099
17100
17101
17102
17104
17105
17106
17107
17108
17109
17110
17111
17112
17113
17114
17115
17116
17117
17118
17119
17120
17121
17122
17123
17124
17125
17126
17127
17128
17129
17130
17131
17132
17133
17134
17135
17136
17138
17139
17140
17141
17142
17143
17144
17145
17146
17147
17148
17149
17150
17151
17152
17153
17154
17155
17156
17157
17158
17159
17160
17162
17163
17164
17166
17167
17168
17169
17171
17172
17173
17174
17176
17177
17178
17179
17180
17181
17182
17183
17184
17185
17186
17187
17188
17189
17190
17191
17192
17193
17194
17195
17197
17198
17200
17201
17202
17203
17204
17206
17207
17208
17209
17210
17211
17212
17213
17214
17215
17216
17217
17218
17219
17220
17221
17222
17223
17224
17225
17226
17227
17228
17229
17230
17231
17232
17233
17234
17235
17236
17237
17238
17239
17240
17241
17243
17244
17245
17246
17247
17248
17249
17250
17251
17252
17253
17254
17255
17256
17257
17258
17259
17260
17261
17262
17263
17264
17265
17266
17267
17268
17269
17270
17271
17272
17273
17274
17275
17276
17277
17278
17279
17280
17281
17282
17283
17284
17285
17286
17287
17289
17290
17291
17292
17293
17294
17295
17296
17297
17298
17299
17300
17301
17302
17303
17304
17305
17306
17307
17308
17309
17310
17311
17312
17313
17314
17315
17316
17317
17318
17319
17320
17321
17322
17323
17324
17325
17326
17327
17328
17329
17330
17331
17332
17333
17334
17335
17337
17338
17339
17340
17341
17342
17343
17344
17345
17346
17347
17348
17349
17350
17351
17352
17353
17355
17356
17357
17358
17359
17360
17361
17362
17363
17364
17365
17367
17368
17369
17370
17371
17372
17373
17374
17375
17376
17377
17378
17379
17380
17381
17382
17383
17384
17385
17386
17387
17388
17389
17390
17391
17392
17393
17394
17395
17397
17398
17399
17400
17401
17402
17403
17404
17405
17407
17408
17409
17410
17411
17412
17413
17414
17415
17416
17417
17418
17419
17420
17421
17422
17423
17424
17425
17427
17428
17429
17430
17431
17432
17433
17434
17435
17437
17438
17439
17440
17441
17442
17443
17444
17445
17446
17447
17448
17449
17450
17451
17452
17453
17454
17455
17456
17457
17458
17459
17460
17461
17462
17463
17464
17465
17466
17467
17468
17469
17470
17471
17472
17473
17474
17475
17476
17477
17478
17479
17480
17481
17482
17483
17484
17485
17486
17487
17488
17489
17490
17491
17492
17493
17494
17495
17496
17497
17498
17499
17500
17501
17503
17504
17505
17506
17507
17508
17509
17510
17511
17512
17513
17514
17515
17516
17517
17518
17519
17520
17522
17524
17525
17526
17527
17528
17529
17530
17532
17533
17534
17535
17536
17537
17538
17539
17540
17541
17542
17543
17544
17545
17546
17547
17548
17549
17550
17553
17554
17555
17556
17557
17558
17559
17560
17561
17562
17563
17564
17565
17566
17567
17568
17569
17570
17571
17572
17573
17574
17575
17576
17577
17578
17579
17580
17581
17582
17583
17584
17585
17586
17587
17588
17589
17590
17591
17592
17593
17594
17595
17596
17597
17598
17600
17601
17602
17603
17604
17605
17607
17608
17609
17610
17611
17612
17613
17614
17616
17617
17618
17619
17620
17621
17622
17623
17624
17625
17626
17627
17628
17629
17630
17631
17632
17633
17634
17635
17636
17637
17638
17639
17640
17641
17642
17643
17644
17645
17646
17647
17648
17649
17650
17651
17652
17653
17654
17655
17656
17657
17658
17659
17660
17661
17662
17663
17664
17665
17666
17667
17668
17669
17670
17671
17672
17673
17675
17676
17677
17678
17679
17680
17681
17682
17683
17684
17685
17686
17687
17689
17690
17691
17692
17693
17694
17695
17696
17697
17698
17699
17700
17701
17702
17703
17704
17705
17707
17708
17709
17710
17711
17712
17713
17714
17715
17716
17717
17718
17719
17721
17722
17723
17724
17725
17726
17727
17728
17729
17730
17731
17732
17733
17734
17735
17736
17737
17738
17739
17740
17741
17742
17743
17744
17745
17746
17747
17748
17749
17750
17751
17752
17753
17754
17755
17756
17757
17758
17759
17760
17761
17762
17763
17764
17765
17768
17769
17770
17771
17772
17773
17774
17775
17776
17777
17778
17779
17780
17781
17782
17784
17785
17786
17788
17789
17790
17792
17793
17794
17795
17796
17797
17798
17799
17800
17801
17802
17803
17804
17805
17806
17807
17808
17809
17810
17811
17812
17813
17814
17815
17816
17817
17818
17819
17820
17821
17822
17823
17824
17825
17826
17827
17828
17829
17830
17831
17832
17834
17835
17836
17837
17838
17839
17840
17841
17842
17843
17844
17845
17847
17848
17849
17850
17851
17852
17853
17854
17855
17856
17857
17858
17859
17860
17861
17862
17863
17864
17865
17866
17867
17868
17869
17870
17871
17872
17873
17876
17877
17878
17879
17880
17881
17882
17883
17884
17885
17886
17888
17889
17890
17891
17892
17893
17894
17895
17896
17897
17898
17899
17900
17901
17902
17903
17904
17905
17906
17907
17909
17910
17911
17912
17913
17914
17915
17916
17917
17918
17919
17920
17921
17922
17923
17924
17925
17926
17927
17928
17929
17930
17931
17932
17934
17935
17936
17937
17938
17939
17940
17941
17942
17943
17944
17945
17946
17947
17948
17949
17950
17951
17952
17953
17954
17955
17957
17958
17959
17960
17961
17962
17963
17964
17965
17967
17968
17970
17971
17972
17974
17975
17976
17977
17978
17979
17980
17981
17982
17983
17984
17985
17986
17987
17990
17991
17992
17993
17994
17995
17996
17997
17998
17999
18000
18001
18002
18003
18004
18005
18006
18007
18008
18009
18011
18012
18013
18014
18015
18016
18017
18018
18019
18020
18021
18022
18023
18024
18025
18026
18029
18030
18032
18033
18034
18035
18036
18037
18038
18039
18040
18041
18042
18043
18044
18045
18047
18048
18049
18050
18051
18052
18053
18054
18055
18056
18058
18059
18060
18061
18062
18063
18064
18065
18066
18067
18068
18069
18070
18071
18072
18073
18074
18075
18076
18077
18078
18079
18080
18081
18082
18083
18084
18085
18086
18087
18088
18089
18090
18091
18093
18094
18095
18096
18097
18098
18099
18100
18101
18102
18103
18104
18105
18106
18108
18109
18110
18111
18112
18113
18114
18115
18116
18117
18118
18119
18120
18121
18122
18123
18124
18126
18127
18128
18129
18130
18131
18132
18133
18134
18135
18136
18137
18138
18139
18140
18141
18142
18143
18144
18145
18146
18147
18148
18149
18150
18151
18152
18153
18154
18155
18156
18158
18159
18161
18162
18163
18164
18165
18166
18167
18168
18169
18170
18171
18172
18173
18174
18175
18177
18178
18179
18180
18181
18182
18183
18184
18185
18186
18187
18189
18190
18191
18192
18193
18194
18195
18196
18197
18198
18199
18200
18201
18202
18203
18204
18205
18206
18207
18208
18209
18210
18211
18212
18214
18215
18216
18217
18219
18220
18221
18222
18223
18224
18225
18226
18227
18228
18229
18230
18231
18233
18234
18235
18236
18237
18238
18239
18240
18242
18243
18244
18245
18246
18247
18248
18249
18251
18252
18253
18254
18255
18256
18257
18258
18259
18260
18261
18262
18263
18264
18265
18266
18267
18269
18270
18271
18272
18273
18274
18275
18276
18277
18278
18279
18280
18282
18283
18284
18285
18286
18287
18288
18289
18290
18291
18292
18293
18294
18295
18296
18297
18298
18299
18302
18303
18304
18305
18306
18307
18308
18309
18311
18312
18314
18316
18317
18318
18319
18320
18321
18322
18323
18324
18325
18328
18329
18330
18331
18332
18333
18334
18335
18336
18337
18338
18339
18340
18341
18342
18343
18344
18345
18346
18348
18350
18351
18352
18353
18354
18355
18356
18357
18358
18359
18360
18361
18362
18363
18364
18367
18368
18369
18370
18371
18373
18374
18375
18376
18378
18379
18381
18382
18383
18384
18385
18386
18387
18388
18389
18390
18391
18392
18393
18394
18395
18396
18397
18398
18399
18401
18402
18404
18405
18406
18407
18408
18411
18412
18414
18415
18416
18417
18418
18419
18420
18421
18422
18423
18424
18425
18426
18427
18428
18429
18430
18431
18432
18433
18434
18435
18436
18437
18438
18439
18440
18441
18442
18443
18444
18445
18446
18448
18449
18450
18451
18452
18453
18454
18455
18456
18457
18458
18459
18460
18461
18462
18463
18464
18465
18466
18467
18469
18470
18471
18472
18473
18474
18475
18476
18477
18478
18479
18480
18481
18482
18485
18486
18488
18489
18490
18491
18492
18495
18496
18497
18498
18499
18500
18502
18503
18505
18506
18508
18509
18510
18511
18512
18513
18514
18515
18516
18517
18518
18519
18520
18521
18522
18523
18524
18525
18526
18527
18528
18529
18530
18531
18532
18533
18534
18535
18536
18537
18538
18539
18540
18541
18542
18543
18544
18545
18546
18548
18549
18550
18551
18552
18553
18554
18555
18556
18557
18558
18560
18561
18562
18563
18564
18565
18566
18568
18569
18570
18571
18572
18573
18574
18575
18576
18577
18578
18579
18580
18581
18583
18584
18585
18586
18587
18588
18589
18590
18592
18593
18594
18595
18596
18597
18598
18599
18600
18601
18602
18604
18606
18607
18608
18609
18610
18611
18612
18613
18616
18617
18618
18619
18620
18622
18623
18624
18625
18626
18627
18629
18630
18631
18632
18633
18634
18635
18636
18637
18638
18639
18640
18641
18642
18643
18644
18645
18646
18647
18648
18649
18650
18651
18652
18653
18654
18656
18657
18658
18659
18660
18661
18662
18663
18664
18665
18666
18667
18668
18669
18670
18671
18672
18673
18674
18675
18676
18677
18678
18679
18680
18681
18682
18683
18684
18685
18686
18687
18688
18689
18690
18691
18692
18693
18694
18695
18696
18697
18698
18699
18700
18701
18702
18703
18704
18705
18706
18707
18708
18709
18710
18711
18712
18713
18714
18715
18716
18717
18718
18719
18720
18721
18722
18723
18724
18725
18726
18727
18728
18729
18730
18731
18732
18733
18734
18735
18736
18737
18738
18739
18740
18741
18742
18743
18744
18745
18746
18747
18748
18749
18750
18751
18752
18753
18754
18755
18756
18757
18758
18759
18760
18761
18762
18763
18764
18765
18766
18767
18768
18769
18770
18771
18772
18773
18774
18775
18776
18777
18779
18780
18781
18783
18784
18785
18786
18787
18788
18789
18790
18791
18792
18793
18794
18795
18796
18797
18798
18799
18800
18801
18802
18803
18804
18805
18806
18807
18808
18809
18810
18811
18812
18813
18814
18815
18816
18817
18818
18819
18820
18821
18823
18824
18825
18826
18827
18828
18829
18830
18831
18832
18833
18834
18835
18836
18837
18838
18839
18840
18841
18842
18843
18844
18845
18846
18847
18848
18849
18850
18851
18852
18853
18854
18855
18856
18857
18858
18859
18860
18861
18862
18863
18864
18865
18866
18867
18868
18869
18870
18871
18872
18873
18874
18875
18876
18877
18878
18879
18880
18881
18882
18883
18884
18885
18886
18887
18888
18889
18890
18891
18892
18893
18894
18895
18897
18898
18899
18900
18901
18902
18903
18904
18906
18909
18911
18912
18913
18914
19038
19041
19061
19062
19064
19068
19069
19070
19071
19072
19073
19075
19109
19116
19124
19126
19201
19211
19212
19213
19214
19215
19216
19217
19218
19219
19220
19221
19232
19236
19247
19251
19253
19257
19268
19269
19271
19275
19310
19371
19372
19373
19374
19375
19376
19377
19378
19379
19380
19381
19382
19383
19435
19439
19445
19456
19458
19476
19486
19520
19559
19753
19754
19755
19760
19762
19768
19789
19791
19794
19796
19797
19807
19809
19810
19879
19896
19898
19899
19901
19902
19903
19910
19911
19912
19913
19959
19976
19979
19986
19989
20076
20128
20129
20132
20136
20141
20198