74
105
205
553
583
823
871
929
957
978
1087
1089
1098
1124
1131
1139
1167
1213
1354
1387
1391
1472
1476
1480
1524
1567
1654
1661
1666
1686
1696
1730
1741
1866
1879
2065
2127
2219
2233
2273
2282
2314
2348
2482
2514
2656
2988
3024
3148
3233
3310
3369
3523
3547
3683
3975
4030
4065
4092
4098
4114
4161
4189
4191
4231
4234
4235
4238
4240
4242
4337
4369
4405
4501
4670
4672
4732
4749
4805
4884
4885
4889
4890
4891
4894
4897
4934
4943
4947
4948
4951
4952
4953
4955
4968
4981
4990
5036
5095
5132
5152
5228
5231
5267
5286
5287
5289
5291
5293
5295
5296
5297
5298
5302
5303
5306
5307
5308
5388
5395
5428
5470
5513
5533
5536
5543
5544
5545
5546
5547
5548
5549
5550
5551
5552
5553
5554
5555
5557
5558
5559
5560
5561
5562
5563
5566
5573
5649
5662
5664
5665
5666
5668
5790
6054
6083
6143
6145
6146
6196
6224
6304
6326
6333
6370
6402
6409
6415
6426
6431
6623
6735
6739
6838
6932
6938
6947
6986
7017
7104
7171
7208
7268
7326
7343
7351
7462
7500
7502
7503
7504
7505
7506
7507
7508
7509
7719
7757
7760
7891
7990
8049
8233
8240
8245
8267
8276
8277
8287
8288
8289
8291
8292
8293
8294
8295
8445
8520
8547
8553
8570
8573
8589
8598
8709
8712
8722
8745
8781
8800
8802
8805
8806
8807
8809
8818
8833
8956
8980
9502
9506
9717
9890
9939
9953
10007
10036
10038
10167
10288
10328
10386
10536
10608
10610
10776
10780
10801
10856
10887
10923
10934
10957
10995
11043
11061
11125
11237
11433
11463
11552
11586
11587
11588
11589
11590
11591
11592
11593
11595
11596
11598
11600
11636
11650
11656
11657
11672
11711
11734
11822
11830
11850
11863
11864
11865
11925
11939
12214
12215
12226
12228
12235
12238
12245
12250
12339
12355
12359
12363
12384
12390
12407
12416
12434
12444
12464
12478
12555
12563
12590
12638
12678
12694
12716
12722
12727
12746
12762
12786
12797
12815
12816
12830
12836
12845
12861
12894
12895
12904
12936
12937
12952
12956
12972
13044
13045
13150
13162
13224
13327
13329
13331
13346
13365
13428
13617
13632
13637
13657
13671
13682
13707
13783
13795
13811
13844
13961
14171
14230
14234
14236
14237
14247
14249
14250
14284
14305
14335
14339
14340
14362
14417
14482
14584
14649
14692
14698
14700
14702
14703
14807
14856
14859
14890
14907
14910
14917
14921
14938
14940
14952
14996
14997
15006
15008
15009
15010
15013
15015
15016
15017
15019
15020
15021
15025
15027
15028
15029
15035
15036
15043
15044
15046
15048
15051
15052
15055
15064
15073
15128
15130
15147
15287
15288
15294
15299
15313
15335
15339
15350
15354
15361
15373
15375
15378
15420
15424
15426
15429
15430
15432
15437
15439
15443
15511
15517
15588
15590
15602
15603
15620
15623
15624
15625
15628
15630
15641
15642
15649
15689
15727
15780
15820
15832
15936
15945
15964
15997
16052
16053
16093
16099
16100
16101
16103
16104
16105
16106
16107
16108
16109
16110
16111
16112
16113
16114
16115
16189
16190
16240
16259
16261
16269
16712
16726
16747
16748
16796
16897
16904
16909
16926
16941
16962
16970
16978
17052
17057
17067
17068
17098
17136
17148
17171
17175
17197
17199
17234
17242
17244
17277
17282
17286
17307
17308
17321
17324
17326
17387
17395
17433
17443
17463
17473
17498
17504
17512
17536
17552
17567
17578
17644
17669
17716
17752
17770
17777
17796
17812
17816
17833
17840
17844
17851
17865
17887
17925
17958
17961
17962
17977
17982
18004
18054
18057
18067
18069
18071
18072
18144
18147
18152
18162
18181
18188
18214
18218
18241
18299
18302
18317
18326
18328
18347
18350
18355
18358
18360
18371
18385
18395
18398
18403
18422
18459
18479
18493
18497
18511
18522
18536
18537
18541
18562
18567
18595
18611
18651
18694
18786
18889
18957
19035
19041
19047
19055
19056
19057
19058
19103
19127
19128
19130
19140
19195
19323
19326
19329
19333
19338
19339
19378
19382
19385
19387
19496
19506
19581
19595
19623
19660
19830
19949
19977
20084
20127
20155