6
9
10
11
12
13
18
21
22
23
24
25
36
37
38
45
46
47
48
56
57
58
59
60
62
63
67
70
71
72
73
78
82
83
85
86
87
88
89
90
91
92
96
99
101
102
106
107
109
110
122
125
126
128
129
130
131
132
133
134
136
137
139
140
141
142
144
146
148
149
150
152
154
155
156
160
162
163
166
171
172
173
174
177
179
180
181
183
185
188
196
245
328
551
597
2173
2533
2537
2538
2539
2541
2542
2545
2546
2547
2548
2550
2553
2554
2556
2558
2559
2564
2565
2572
2574
2575
2578
2579
2581
2582
2587
2588
2593
2596
2599
2602
2607
2609
2616
2620
2622
2627
2629
2630
2631
2633
2634
2635
2637
2638
2639
2640
2641
2643
2646
2648
2650
2651
2654
2656
2661
2665
2671
2675
2676
2681
2683
2688
2689
2691
2692
2693
2696
2697
2699
2701
2703
2704
2706
2711
2714
2716
2722
2724
2728
2732
2734
2736
2740
2744
2745
2747
2750
2752
2754
2755
2759
2760
2765
2766
2770
2771
2778
2783
2784
2785
2786
2787
2790
2791
2793
2795
2797
2799
2802
2804
2806
2815
2816
2817
2818
2820
2823
2828
2832
2833
2837
2838
2845
2846
2849
2851
2854
2859
2860
2861
2864
2865
2867
2868
2870
2871
2872
2874
2875
2881
2884
2885
2887
2897
2898
2899
2906
2911
2912
2915
2920
2921
2922
2933
2934
2935
2937
2939
2942
2944
2950
2955
2958
2959
2962
2963
2972
2976
2978
2979
2980
2983
2984
2989
2991
2992
2993
2994
2998
2999
3001
3002
3004
3005
3007
3008
3011
3012
3014
3016
3018
3159
3166
3177
3179
3482
4140
5422
6142
6783
6960
7107
7443
7445
7446
7448
8316
9465
9524
10149
10204
10244
10252
10623
10646
10694
13694
14899
15793
15839
15840
15841
15842
16184
16285
16291
16713
19388
19404
19934
19937
19944
20146