594
595
596
597
598
599
600
602
603
604
605
606
608
609
611
613
614
615
616
617
619
621
622
623
624
625
626
627
628
631
632
633
634
635
636
637
639
640
641
642
643
644
645
646
759
1797
1810
1827
1895
2192
2473
2487
4140
4341
4931
6085
6738
6778
6782
6806
6906
6949
7042
7141
7160
7175
7202
7225
7362
7719
8303
8304
8305
8306
8307
8309
8310
8311
8312
8313
8314
8315
8316
8317
8319
8320
8321
8322
8326
8329
8330
8332
8341
8577
8588
9542
10151
10152
10153
10157
10160
10161
10162
10163
10164
10165
10167
10169
10171
10172
10174
10175
10176
10177
10178
10179
10181
10182
10183
10185
10186
10187
10189
10191
10192
10193
10194
10197
10198
10199
10200
10202
10203
10204
10205
10206
10207
10211
10214
10215
10216
10219
10221
10222
10224
10225
10226
10227
10229
10230
10231
10232
10233
10235
10236
10237
10238
10239
10240
10241
10242
10243
10244
10245
10246
10247
10248
10249
10250
10251
10252
10254
10255
10256
10257
10258
10261
10262
10263
10264
10270
10272
10273
10275
10277
10278
10280
10281
10282
10283
10285
10286
10287
10290
10291
10292
10293
10294
10295
10297
10298
10300
10303
10304
10305
10306
10307
10309
10310
10311
10312
10313
10314
10315
10316
10318
10320
10321
10322
10323
10324
10325
10326
10327
10329
10330
10331
10332
10333
10335
10336
10337
10338
10339
10340
10341
10342
10345
10350
10351
10352
10353
10354
10356
10357
10359
10360
10361
10362
10363
10364
10365
10366
10367
10368
10371
10372
10373
10374
10375
10376
10377
10378
10381
10383
10384
10385
10386
10388
10390
10391
10393
10394
10395
10396
10398
10399
10400
10404
10405
10406
10407
10408
10409
10410
10411
10412
10413
10414
10415
10416
10417
10418
10419
10421
10423
10425
10426
10430
10433
10436
10437
10438
10439
10440
10441
10442
10444
10449
10450
10451
10452
10453
10454
10455
10456
10457
10461
10462
10464
10466
10467
10468
10470
10472
10474
10475
10477
10480
10483
10484
10486
10489
10490
10491
10492
10493
10494
10496
10497
10499
10500
10501
10502
10503
10504
10505
10506
10507
10508
10509
10511
10512
10513
10514
10515
10518
10519
10520
10521
10522
10523
10524
10525
10527
10528
10529
10531
10534
10535
10536
10537
10538
10539
10540
10541
10542
10543
10544
10545
10546
10547
10549
10550
10551
10552
10553
10555
10557
10559
10560
10561
10562
10564
10565
10566
10567
10570
10571
10572
10574
10576
10578
10579
10581
10582
10583
10590
10592
10593
10597
10599
10601
10603
10605
10606
10609
10610
10612
10613
10614
10615
10616
10618
10619
10620
10621
10623
10624
10625
10626
10627
10628
10629
10632
10633
10634
10635
10637
10638
10639
10641
10643
10644
10645
10646
10647
10648
10649
10651
10654
10655
10656
10657
10658
10659
10660
10661
10662
10663
10664
10665
10666
10667
10668
10669
10670
10672
10673
10674
10675
10677
10679
10681
10686
10687
10688
10689
10691
10692
10694
10695
10696
10697
10701
10702
10703
10704
10705
10706
10707
10708
10709
10710
10711
10713
10715
10717
10718
10720
10722
10723
10724
10725
10728
10729
10730
10735
10736
10737
10739
10740
10741
10744
10745
10747
10748
10751
10754
10757
10758
10759
11279
11360
13101
13138
14407
14672
15814
15816
19412