753
1085
1232
1320
1374
1391
1448
1467
1496
1531
2110
2210
2221
2231
3047
3048
3050
3051
3054
3055
3073
3086
3089
3091
3113
3121
3122
3127
3133
3134
3137
3144
3145
3147
3153
3155
3156
3320
4353
4418
4428
4634
4791
4808
4921
4922
4923
4927
5004
5207
5242
5849
5870
6399
7422
7458
7551
7630
7687
7691
7910
8023
8093
8250
8286
8513
8570
8607
8619
8738
8823
8885
8888
8998
8999
9006
9242
9248
9442
9470
9493
9496
9679
9709
9758
9907
9958
9962
10068
10072
10073
10080
10081
10787
10797
11026
11040
11659
11672
11678
11680
11740
11758
11783
11815
11818
11824
11827
11829
11830
11886
11916
11917
11928
11932
11935
11942
12207
12254
12303
12321
12331
12340
12342
12345
12355
12361
12367
12372
12377
12386
12441
12461
12475
12486
12493
12496
12519
12520
12531
12532
12550
12559
12560
12561
12563
12567
12571
12587
12599
12619
12638
12648
12655
12667
12686
12694
12701
12718
12722
12749
12754
12756
12773
12778
12779
12785
12794
12795
12799
12812
12866
12885
12895
12929
12930
12953
12968
12972
12987
13025
13031
13045
13136
13143
13185
13191
13209
13215
13234
13239
13286
13299
13317
13344
13607
13617
13661
13676
13723
13773
13800
13935
13936
13937
13938
13939
13940
13941
13942
14114
14206
14323
14328
14337
14520
14523
14524
14728
14921
14942
14996
15031
15059
15124
15171
15295
15345
15347
15428
15662
15665
15684
15787
15788
15790
15873
15891
15941
15954
15981
15997
16012
16019
16065
16097
16125
16259
16263
16414
16417
16439
16463
16495
16496
16506
16520
16553
16605
16718
16753
16754
16838
16867
16875
16893
16916
16944
16946
16952
17016
17084
17117
17148
17166
17185
17195
17199
17210
17230
17277
17358
17367
17377
17387
17392
17397
17473
17494
17506
17540
17548
17557
17560
17562
17565
17590
17606
17638
17654
17658
17670
17671
17693
17786
17789
17820
17857
17865
17881
17899
17910
17929
17934
18020
18044
18049
18091
18113
18139
18162
18181
18212
18237
18268
18299
18321
18341
18364
18367
18368
18370
18372
18374
18394
18434
18452
18482
18483
18511
18527
18534
18535
18544
18586
18588
18598
18601
18602
18628
18736
18837
18858
18895
19007
19044
19045
19048
19052
19060
19126
19138
19147
19148
19152
19233
19574
19952
19984