599
601
603
606
611
614
618
623
631
640
891
6953
7112
7175
7202
8309
10180
10194
10199
10214
10217
10223
10233
10234
10235
10237
10240
10244
10246
10251
10255
10257
10260
10267
10274
10276
10279
10287
10288
10289
10292
10296
10299
10302
10317
10327
10336
10343
10348
10351
10357
10372
10374
10379
10381
10382
10383
10388
10390
10391
10400
10401
10413
10414
10419
10421
10424
10425
10427
10428
10429
10433
10435
10436
10438
10440
10446
10450
10455
10456
10464
10466
10479
10483
10486
10489
10494
10497
10501
10507
10508
10513
10517
10521
10524
10528
10531
10537
10544
10546
10551
10552
10553
10556
10557
10573
10577
10596
10597
10599
10601
10602
10604
10612
10619
10621
10632
10637
10638
10639
10644
10659
10666
10683
10685
10690
10691
10702
10703
10709
10717
10718
10724
10725
10726
10741
11168
11178
11320
11330
11370
11378
11445
13138