396
404
593
648
687
932
1140
1559
1936
1947
1966
1979
2168
3335
3705
3798
3822
4148
4957
4958
4959
4960
4961
4962
4963
4964
5500
5605
5620
5628
5641
5643
5647
5938
5939
5940
5942
5943
5944
5945
5946
5948
5949
5950
5951
5952
5953
5954
5955
5957
6000
6056
6124
6141
6172
6173
6174
6175
6176
6184
6185
6530
6546
6547
6549
6557
6558
6560
6562
6563
6564
6623
6646
6661
7366
7368
7394
7414
7520
7523
7525
7526
9315
9319
9320
9322
9324
9326
9327
9329
9330
9335
9336
9337
9338
9339
9340
9341
9342
9343
9346
9347
9348
9352
9353
9354
9356
9357
9358
9361
9362
9363
9366
9367
9370
9372
9374
9375
9376
9377
9379
9380
9382
9384
9385
9386
9387
9388
9389
9391
9392
9393
9394
9396
9397
9398
9400
9401
9403
9405
9406
9407
9522
9572
9611
10110
10122
10986
11100
11115
11501
11544
12270
12272
12277
12278
12282
12992
13194
13319
13366
13503
13629
13641
13646
13674
13719
13751
13758
13776
13821
13822
13824
13826
13999
14000
14001
14002
14003
14004
14006
14007
14008
14010
14011
14012
14013
14014
14015
14016
14017
14018
14019
14020
14021
14022
14023
14024
14025
14026
14028
14029
14030
14032
14033
14034
14035
14036
14037
14038
14039
14040
14041
14042
14043
14044
14045
14050
14053
14054
14056
14060
14062
14063
14065
14067
14069
14070
14072
14074
14075
14077
14079
14080
14081
14082
14083
14085
14086
14087
14089
14090
14091
14094
14095
14097
14099
14102
14103
14107
14109
14136
14137
14158
14783
15700
15720
15765
16197
17447
18326
19537
19543
19711
20097