200
202
203
334
396
527
569
727
932
1345
1564
1716
1765
1777
1797
1800
1839
1891
1936
1947
1979
2048
2049
2310
2424
3157
3161
3164
3165
3166
3167
3168
3171
3172
3176
3177
3178
3180
3181
3182
3183
3185
3186
3187
3189
3190
3192
3250
3276
3335
3336
3426
3594
3733
3776
3798
3800
3801
3841
3930
3994
4201
4481
4503
4956
4961
4962
4963
4964
5199
5500
5529
5620
5623
5628
5641
5651
5940
5944
5946
5947
5950
5952
5972
5980
5981
5982
5983
5984
5985
5989
5992
5995
5996
6000
6005
6006
6008
6009
6010
6015
6016
6019
6021
6023
6024
6029
6030
6033
6034
6035
6041
6043
6049
6053
6058
6061
6066
6069
6071
6073
6075
6076
6078
6083
6088
6095
6098
6105
6110
6113
6114
6116
6118
6119
6120
6123
6124
6126
6132
6135
6137
6138
6141
6143
6171
6172
6174
6178
6180
6185
6186
6403
6411
6419
6530
6533
6534
6538
6540
6541
6545
6547
6548
6551
6552
6553
6555
6556
6557
6562
6564
6643
6650
6658
6661
6873
7363
7374
7378
7389
7393
7394
7521
7525
7526
8019
8358
8602
9314
9316
9317
9319
9322
9325
9326
9327
9332
9335
9338
9339
9354
9356
9358
9359
9361
9364
9371
9373
9376
9377
9379
9380
9381
9382
9383
9384
9388
9390
9391
9395
9396
9397
9399
9401
9404
9407
9572
9578
9611
10296
10543
10943
10946
10949
10983
11092
11112
11116
11126
11170
11175
11226
11294
11359
11462
12269
12271
12276
12277
12278
12280
12283
12284
12983
13319
13322
13398
13482
13636
13665
13719
13751
13821
13823
13825
13826
13867
13887
14001
14006
14015
14019
14024
14025
14027
14028
14030
14035
14042
14044
14047
14049
14051
14054
14056
14058
14060
14062
14066
14067
14070
14071
14072
14073
14075
14081
14082
14083
14086
14090
14091
14092
14094
14095
14097
14103
14104
14136
14159
14310
14770
15317
15324
15476
15531
15750
16180
19000
19306
19308
19746
19937
20150