554
580
584
590
778
994
1269
1353
1376
1455
1520
2229
3048
3050
3053
3055
3076
3089
3099
3101
3105
3106
3107
3113
3116
3120
3128
3134
3137
3148
3152
3672
4001
4337
4339
4346
4349
4351
4352
4353
4554
4574
4748
4773
4913
4975
5006
5009
5011
5012
5013
5014
5015
5016
5017
5018
5019
5020
5021
5115
5116
5229
5264
5272
5336
5483
5583
5594
5597
5806
5809
5810
5830
5832
5834
5840
5846
5856
5859
5862
5882
6503
6597
7284
7285
7288
7420
7648
7651
7662
7759
7760
7900
7943
7946
8019
8020
8021
8022
8023
8025
8026
8105
8246
8424
8433
8435
8469
8692
8694
8758
8761
8785
8790
8881
8882
8883
8884
8885
8886
8887
8888
8889
8890
8891
8892
8893
8894
8895
8896
8897
8900
8901
9747
9776
9781
9905
9910
9911
9913
9916
10014
10094
10787
10794
10795
10802
10830
10961
11011
11014
11020
11041
11045
11046
11049
11203
11364
11579
11580
11585
11663
11697
11699
11703
11850
12294
12325
12351
12359
12363
12364
12377
12428
12433
12466
12557
12562
12591
12596
12618
12619
12636
12671
12706
12710
12767
12837
12850
12857
12866
12884
12888
12889
12893
12979
13020
13022
13031
13040
13042
13082
13103
13105
13118
13198
13217
13222
13244
13291
13339
13348
13382
13430
13476
13509
13519
13538
13642
13643
13654
13658
13678
13701
13733
13760
13815
13942
13978
13983
13985
13988
13990
13992
13993
13998
14222
14240
14245
14265
14479
14712
14717
14824
14825
14830
14832
14834
14872
14916
14919
14920
14923
15045
15061
15065
15075
15326
15429
15603
15655
15825
15872
15881
15889
15892
15898
15902
16019
16073
16076
16080
16154
16203
16381
16416
16435
16441
16455
16486
16530
16545
16555
16577
16585
16608
16628
16647
17586
18365
18385
18614
18822
18837
18966
18969
18970
18971
18972
18973
18974
19948
19950
19951