668
1827
2289
2327
2365
2366
2368
2371
2373
2374
2375
2376
2377
2378
2380
2382
2383
2386
2387
2388
2389
2390
2391
2392
2393
2394
2395
2396
2398
2399
2400
2401
2402
2403
2404
2405
2406
2407
2408
2409
2410
2411
2412
2413
2414
2415
2416
2417
2418
2490
4239
4863
4869
4950
5035
5038
5158
5163
5930
5933
5934
5935
5937
6562
6639
6715
6716
6717
6718
6719
6818
6919
7195
7577
7714
7720
7721
7724
7728
7729
7730
7731
8028
8036
8340
8354
8365
9515
9517
9728
9874
9967
9969
9975
9989
9990
9992
9996
9998
9999
10000
10002
10334
10401
11009
11188
11209
11224
11355
11373
11555
12288
12363
12590
12704
12786
12833
12868
13046
13337
13432
13470
13493
13628
13717
13839
13845
14207
14411
14739
14740
14741
14743
14744
14745
14746
14780
15496
15504
15505
15506
15521
15541
15609
15611
15802
15806
15811
15812
16097
17956
18021
18218
18520
18917
18919
18920
18923
18933
18939
18969
19003
19004
19005
19915
19916
19917
19932
19936
19943