574
962
1020
1074
1077
1089
1354
1422
1465
1533
1543
1606
1611
1613
1625
1628
1629
2059
4577
4584
4676
4761
4805
4837
4845
4846
4847
4848
4849
4850
4851
4852
4853
4854
4855
4856
4857
4858
4884
4886
4892
4893
4895
4896
4897
4898
4899
4900
4901
6160
8002
8279
8888
9018
9058
9111
9120
9140
9150
9201
9257
9896
11917
12453
12505
12528
12657
12741
12780
12805
12898
12953
12964
13210
13215
13352
13464
13531
13832
13834
14305
14731
14834
14866
14955
15437
15602
15615
15985
15990
16000
16038
16061
16389
16430
16466
16479
16491
16523
16524
16540
16586
16619
16662
16867
16883
16891
16900
16906
16926
16950
16968
16975
16995
16996
17005
17013
17041
17048
17076
17077
17090
17099
17110
17111
17114
17117
17133
17134
17138
17148
17202
17207
17210
17219
17265
17267
17270
17277
17298
17315
17337
17348
17403
17404
17418
17437
17441
17445
17460
17473
17477
17495
17514
17520
17529
17548
17553
17555
17580
17606
17607
17616
17618
17624
17635
17637
17649
17654
17672
17679
17693
17700
17716
17717
17721
17733
17738
17744
17777
17789
17850
17861
17871
17880
17890
17893
17895
17900
17919
17928
17953
17987
18025
18044
18047
18050
18055
18058
18104
18135
18140
18168
18228
18231
18236
18247
18248
18251
18275
18302
18311
18330
18367
18372
18383
18386
18414
18427
18459
18463
18466
18471
18475
18500
18503
18510
18515
18522
18554
18561
18576
18591
18599
18711
18748
18753
18758
18773
18798
18812
18821
18855
18858
18873
18890
19303