6
10
13
14
15
17
19
21
23
24
25
27
28
30
31
32
35
36
37
38
39
40
43
44
45
46
47
49
51
54
55
57
58
59
60
63
65
66
67
69
70
71
73
74
76
77
78
80
81
82
86
89
90
91
92
93
94
95
97
98
102
104
105
106
107
109
110
113
114
115
118
121
123
124
125
126
129
130
131
133
136
137
139
140
141
142
144
146
147
148
151
152
153
156
157
160
167
169
177
178
180
181
182
187
188
189
251
314
328
355
365
380
439
476
492
514
538
551
729
1788
1859
1923
1928
2535
2536
2539
2543
2544
2545
2549
2555
2556
2557
2558
2559
2561
2562
2564
2565
2566
2571
2573
2576
2577
2578
2579
2580
2583
2585
2586
2587
2588
2591
2592
2593
2598
2599
2600
2601
2603
2604
2605
2607
2611
2612
2613
2614
2615
2617
2618
2622
2624
2625
2626
2627
2629
2630
2632
2634
2635
2638
2639
2640
2641
2642
2643
2647
2648
2653
2659
2660
2662
2664
2665
2667
2669
2671
2672
2674
2676
2677
2678
2679
2681
2683
2688
2692
2694
2695
2696
2697
2698
2699
2700
2701
2702
2705
2715
2716
2720
2721
2724
2727
2728
2730
2731
2732
2734
2735
2736
2737
2738
2739
2740
2741
2742
2743
2744
2747
2751
2752
2753
2754
2756
2757
2758
2759
2761
2763
2764
2765
2767
2768
2770
2772
2774
2775
2779
2782
2783
2785
2790
2791
2794
2795
2796
2797
2801
2804
2805
2806
2807
2808
2809
2812
2814
2816
2820
2822
2824
2825
2827
2828
2829
2830
2833
2834
2835
2837
2838
2842
2844
2846
2847
2848
2849
2850
2852
2856
2858
2859
2860
2862
2865
2866
2867
2868
2869
2870
2871
2875
2878
2880
2882
2884
2886
2889
2891
2893
2900
2901
2903
2904
2906
2908
2911
2915
2916
2917
2921
2922
2923
2924
2925
2930
2933
2934
2937
2942
2943
2944
2946
2947
2950
2951
2952
2954
2955
2958
2959
2960
2961
2962
2965
2966
2968
2969
2972
2974
2976
2979
2981
2984
2985
2986
2987
2990
2992
2994
2997
2998
2999
3001
3003
3004
3005
3008
3011
3015
3018
3160
3161
3173
3312
3328
3333
3367
3409
3416
3532
3624
3665
3695
3699
3704
3731
3753
3775
3803
3841
3845
3880
3919
3922
4114
4214
4278
5464
7384
7390
7415
7950
8809
9489
9498
9577
9643
9650
9651
9670
9928
9936
9943
9944
9945
9946
9950
9960
9965
10154
10314
10359
10387
10409
10432
10444
10500
10512
10514
10515
10536
10543
10577
10633
10649
10659
10751
10774
10917
11009
11395
11589
11674
12381
12586
13084
13126
13411
13469
13690
13779
13916
14624
14898
15409
15836
15838
15840
16106
16112
16286
16287
16289
16708
16709
16710
16711
16948
18967
19405
19409
19413
19425
20144
20146
20156
20168
20170
20171
20174
20177
20178