1
2
9
12
21
24
29
36
38
40
45
48
56
60
61
78
86
94
99
100
106
110
113
114
120
124
133
136
137
138
149
157
160
163
171
175
193
198
202
217
232
235
240
242
245
247
255
263
267
288
301
303
309
312
314
316
322
325
326
331
336
339
341
354
362
364
367
386
387
401
421
426
438
447
449
452
453
457
468
474
475
486
488
489
499
504
507
510
515
529
531
534
536
539
544
549
581
593
594
596
597
601
602
603
604
605
606
608
611
612
613
614
615
617
618
619
620
621
622
623
627
629
631
632
633
634
636
637
641
645
646
648
650
652
654
656
658
660
664
666
668
671
673
674
676
677
681
685
687
693
694
697
699
702
703
704
706
707
709
712
715
716
717
718
719
722
723
724
725
727
729
730
735
737
738
739
741
744
746
747
748
749
750
751
752
754
755
757
759
761
762
763
764
765
766
769
770
772
774
775
779
780
784
785
789
790
791
792
794
796
800
801
802
804
805
807
808
809
810
812
814
816
817
819
820
823
824
825
827
830
831
832
834
835
836
837
842
844
845
846
849
853
857
859
862
863
864
868
869
870
873
878
881
882
883
884
885
886
888
889
891
892
894
896
899
903
904
908
911
912
913
914
916
918
919
920
921
924
926
929
938
946
951
955
961
1043
1047
1048
1051
1052
1054
1057
1059
1066
1094
1095
1096
1103
1104
1107
1114
1116
1117
1118
1119
1132
1141
1145
1147
1156
1157
1159
1160
1163
1166
1168
1169
1177
1180
1182
1184
1189
1191
1192
1193
1194
1196
1199
1202
1218
1228
1259
1321
1334
1337
1339
1344
1348
1352
1363
1383
1394
1401
1522
1523
1553
1555
1599
1637
1638
1645
1662
1666
1667
1669
1672
1674
1682
1685
1687
1692
1703
1750
1775
1776
1783
1784
1790
1791
1793
1799
1806
1816
1822
1830
1836
1838
1843
1845
1850
1851
1871
1874
1885
1888
1889
1891
1898
1901
1902
1903
1911
1913
1914
1916
1921
1927
1930
1932
1935
1937
1939
1945
1949
1952
1953
1954
1961
1962
1963
1968
1971
1972
1973
1975
1976
1977
1978
1979
1980
1981
1985
1986
1987
1988
1989
1990
1991
1992
1993
1994
1997
1998
2000
2002
2003
2042
2043
2044
2047
2048
2054
2056
2059
2098
2101
2104
2117
2118
2119
2122
2123
2124
2125
2126
2130
2132
2141
2161
2164
2166
2167
2171
2180
2183
2187
2191
2195
2201
2243
2270
2271
2275
2276
2281
2282
2283
2284
2287
2288
2290
2291
2303
2304
2305
2306
2308
2309
2310
2311
2328
2337
2340
2365
2374
2391
2398
2400
2410
2420
2475
2477
2480
2483
2485
2487
2489
2490
2491
2492
2495
2496
2497
2498
2499
2537
2543
2564
2569
2577
2584
2587
2593
2600
2607
2622
2634
2640
2648
2654
2656
2657
2660
2662
2674
2676
2687
2696
2699
2700
2702
2706
2708
2722
2724
2732
2733
2736
2740
2744
2761
2766
2768
2770
2795
2809
2810
2812
2826
2829
2835
2849
2851
2852
2868
2891
2899
2919
2921
2922
2926
2950
2951
2959
2963
2990
2993
3002
3011
3016
3017
3058
3157
3159
3160
3161
3162
3164
3166
3167
3169
3170
3172
3178
3179
3182
3184
3185
3186
3189
3191
3203
3225
3234
3240
3265
3277
3280
3297
3305
3334
3339
3354
3364
3379
3399
3407
3443
3448
3454
3465
3476
3478
3479
3486
3499
3508
3512
3520
3536
3538
3556
3557
3584
3597
3600
3648
3651
3656
3662
3667
3671
3674
3675
3677
3684
3694
3699
3702
3711
3720
3726
3727
3731
3737
3754
3771
3782
3784
3815
3816
3819
3826
3834
3843
3844
3846
3853
3857
3891
3908
3910
3918
3925
3944
3952
3954
3962
3975
3989
4015
4019
4038
4048
4051
4054
4063
4071
4075
4092
4097
4115
4126
4140
4141
4150
4152
4154
4156
4157
4171
4180
4184
4193
4227
4229
4262
4268
4271
4272
4282
4292
4297
4312
4369
4373
4386
4387
4388
4389
4390
4395
4397
4398
4402
4404
4407
4415
4441
4443
4465
4480
4483
4487
4496
4498
4501
4517
4518
4519
4522
4524
4786
4845
4859
4864
4865
4868
4869
4872
4873
4874
4875
4876
4878
4880
4881
4882
4892
4897
4902
4906
4947
4948
4949
4951
4953
4955
4958
4962
4964
5032
5037
5038
5040
5042
5093
5095
5096
5099
5100
5101
5112
5113
5135
5162
5163
5165
5175
5176
5178
5184
5185
5193
5197
5211
5393
5402
5423
5504
5506
5511
5524
5527
5535
5537
5541
5564
5600
5602
5605
5606
5608
5611
5612
5615
5617
5618
5619
5620
5623
5624
5627
5628
5630
5631
5633
5634
5635
5636
5637
5639
5640
5641
5643
5644
5650
5653
5663
5669
5683
5688
5712
5718
5722
5728
5740
5761
5762
5763
5767
5768
5770
5772
5774
5776
5777
5778
5779
5780
5781
5783
5787
5788
5791
5793
5795
5799
5803
5930
5931
5934
5935
5936
5937
5941
5943
5947
5955
5956
5958
5959
5961
5962
5963
5964
5965
5966
5967
5969
5970
5971
5972
5973
5974
5977
5978
5980
5984
5985
5990
5991
5993
5998
6000
6001
6004
6006
6007
6009
6011
6012
6013
6020
6021
6023
6024
6025
6027
6028
6030
6031
6033
6034
6037
6039
6042
6043
6044
6045
6046
6047
6048
6050
6052
6054
6056
6057
6058
6061
6062
6063
6065
6067
6069
6070
6072
6073
6076
6077
6078
6080
6082
6085
6087
6088
6090
6093
6094
6095
6097
6098
6099
6100
6102
6103
6104
6105
6109
6110
6111
6112
6115
6116
6117
6118
6119
6121
6124
6126
6127
6129
6130
6131
6132
6133
6135
6136
6137
6138
6141
6143
6144
6172
6173
6177
6178
6179
6181
6208
6211
6213
6215
6218
6254
6255
6256
6257
6258
6260
6261
6262
6263
6264
6265
6266
6267
6271
6272
6274
6275
6276
6277
6278
6279
6281
6282
6283
6284
6286
6287
6288
6292
6293
6294
6295
6296
6297
6299
6300
6302
6304
6305
6307
6308
6310
6311
6312
6313
6314
6315
6317
6318
6319
6323
6324
6325
6327
6329
6331
6335
6336
6337
6339
6340
6341
6345
6346
6347
6348
6350
6351
6352
6353
6355
6356
6357
6358
6359
6360
6361
6408
6410
6412
6414
6415
6450
6532
6542
6546
6547
6548
6552
6557
6562
6601
6607
6608
6613
6614
6628
6637
6640
6658
6662
6663
6664
6666
6668
6669
6670
6674
6715
6716
6717
6719
6720
6721
6729
6731
6740
6749
6774
6776
6786
6789
6793
6794
6799
6803
6806
6807
6809
6812
6813
6817
6818
6821
6830
6839
6840
6842
6843
6854
6857
6859
6861
6862
6877
6889
6894
6900
6906
6907
6908
6909
6912
6914
6915
6919
6920
6923
6924
6929
6933
6939
6944
6949
6953
6965
6972
6973
6974
6978
6979
6987
6998
7020
7026
7031
7036
7042
7044
7049
7051
7055
7058
7061
7066
7070
7071
7077
7078
7081
7085
7089
7090
7098
7099
7107
7110
7112
7124
7130
7132
7133
7137
7139
7140
7143
7150
7154
7167
7168
7175
7176
7186
7189
7197
7202
7205
7209
7211
7212
7217
7223
7224
7226
7227
7228
7231
7233
7235
7241
7245
7249
7250
7267
7316
7326
7358
7359
7382
7397
7403
7435
7437
7440
7441
7447
7448
7491
7492
7494
7495
7496
7521
7544
7553
7556
7557
7558
7559
7561
7564
7565
7566
7567
7569
7570
7571
7572
7574
7575
7604
7615
7619
7620
7624
7663
7668
7715
7716
7721
7722
7723
7725
7727
7732
7733
7734
7747
7748
7753
7755
7885
7907
7908
7909
7921
7925
7926
7951
7978
7997
7999
8004
8008
8028
8030
8031
8033
8036
8287
8294
8303
8305
8307
8308
8310
8313
8316
8326
8329
8333
8339
8341
8343
8345
8346
8348
8350
8352
8356
8360
8362
8366
8371
8373
8376
8378
8381
8383
8384
8386
8388
8392
8395
8397
8399
8402
8404
8408
8413
8415
8419
8420
8431
8439
8445
8461
8467
8468
8469
8479
8480
8484
8493
8499
8517
8519
8528
8578
8580
8584
8587
8604
8637
8742
8782
8783
8795
8796
8797
8798
8802
8806
8807
8809
8814
8815
8816
8817
8829
8830
8831
8833
8837
8838
8839
8840
8841
8844
8851
8868
8904
8905
8915
9325
9328
9336
9339
9344
9354
9365
9378
9409
9410
9411
9412
9413
9414
9416
9417
9418
9419
9421
9422
9424
9425
9427
9457
9460
9465
9511
9512
9515
9516
9517
9526
9542
9550
9568
9576
9582
9586
9594
9634
9643
9649
9651
9730
9760
9762
9765
9768
9769
9788
9792
9802
9867
9874
9920
9922
9927
9932
9937
9941
9948
9951
9956
9967
9970
9974
9976
9978
10021
10025
10028
10029
10030
10065
10085
10087
10089
10091
10092
10105
10107
10108
10111
10112
10113
10116
10118
10120
10122
10128
10129
10130
10131
10132
10135
10136
10148
10151
10157
10163
10168
10170
10171
10177
10178
10179
10183
10185
10190
10191
10192
10194
10197
10198
10202
10204
10207
10208
10217
10218
10221
10222
10224
10229
10230
10232
10234
10235
10237
10239
10240
10242
10244
10248
10249
10251
10254
10260
10263
10264
10267
10270
10272
10274
10276
10279
10283
10286
10287
10293
10294
10296
10300
10301
10303
10305
10307
10309
10315
10316
10318
10319
10321
10322
10326
10327
10332
10336
10341
10342
10343
10344
10348
10350
10351
10355
10357
10360
10362
10363
10367
10371
10374
10375
10378
10381
10382
10383
10385
10386
10388
10390
10391
10392
10393
10394
10395
10398
10399
10400
10401
10408
10410
10411
10413
10414
10418
10419
10420
10424
10425
10426
10427
10428
10429
10430
10433
10435
10438
10439
10441
10446
10450
10451
10452
10453
10455
10458
10459
10463
10466
10467
10468
10469
10470
10471
10479
10482
10483
10486
10487
10488
10489
10494
10495
10497
10501
10507
10508
10513
10514
10517
10518
10520
10521
10524
10528
10529
10531
10535
10537
10544
10546
10551
10552
10557
10558
10561
10564
10569
10570
10573
10578
10579
10580
10582
10584
10587
10591
10593
10596
10598
10599
10602
10604
10605
10610
10613
10614
10615
10616
10618
10619
10623
10624
10628
10630
10632
10634
10635
10636
10637
10638
10640
10641
10644
10653
10660
10661
10665
10666
10668
10672
10675
10678
10682
10683
10685
10689
10690
10694
10704
10708
10709
10715
10716
10717
10718
10726
10729
10737
10739
10740
10748
10764
10765
10773
10774
10856
10857
10858
10859
10860
10861
10886
10889
10892
10893
10895
10898
10902
10903
10905
10937
10938
10939
10947
10950
10966
10967
10968
10969
10971
10976
10979
10980
10982
11065
11068
11072
11073
11075
11076
11080
11083
11094
11097
11116
11128
11135
11142
11145
11146
11155
11156
11159
11161
11163
11165
11168
11169
11178
11184
11186
11188
11189
11191
11192
11194
11195
11196
11198
11209
11210
11211
11215
11217
11218
11221
11222
11224
11233
11234
11236
11237
11242
11244
11247
11250
11251
11257
11259
11260
11264
11268
11270
11271
11273
11274
11278
11279
11282
11283
11286
11295
11296
11297
11298
11300
11302
11303
11307
11310
11313
11314
11315
11316
11317
11318
11320
11321
11325
11326
11327
11330
11332
11333
11334
11336
11337
11338
11339
11340
11341
11343
11346
11347
11353
11355
11356
11361
11363
11366
11369
11370
11373
11374
11375
11377
11378
11382
11383
11388
11389
11395
11397
11400
11402
11403
11405
11408
11409
11410
11411
11417
11420
11421
11425
11426
11430
11432
11436
11442
11445
11448
11452
11455
11466
11471
11477
11479
11482
11486
11490
11494
11499
11505
11509
11515
11522
11523
11524
11527
11530
11531
11532
11540
11541
11542
11543
11545
11546
11548
11550
11552
11553
11554
11555
11556
11557
11558
11559
11560
11561
11562
11563
11566
11568
11569
11571
11574
11575
11576
11577
11586
11590
11592
11596
11597
11598
11619
11664
11665
11715
11717
11771
11772
11812
11814
11817
11880
11885
11909
11915
12181
12182
12183
12184
12186
12187
12224
12239
12241
12252
12292
12293
12299
12350
12370
12373
12378
12381
12384
12435
12514
12527
12535
12629
12639
12698
12721
12782
12833
12868
12906
12911
12912
12989
13005
13009
13013
13028
13029
13038
13047
13065
13084
13089
13095
13108
13119
13124
13130
13131
13135
13141
13142
13152
13176
13180
13186
13194
13203
13237
13249
13278
13314
13327
13347
13360
13366
13390
13396
13398
13404
13405
13415
13416
13421
13447
13448
13451
13452
13470
13480
13484
13503
13628
13640
13641
13663
13665
13674
13679
13686
13691
13693
13709
13719
13722
13746
13774
13785
13787
13805
13821
13823
13825
13836
13841
13842
13895
13902
13906
14019
14052
14058
14071
14074
14075
14078
14079
14087
14090
14097
14133
14135
14144
14150
14154
14158
14207
14224
14226
14261
14263
14264
14299
14367
14384
14396
14397
14411
14432
14436
14490
14562
14566
14574
14575
14587
14616
14624
14626
14648
14662
14739
14740
14742
14744
14746
14756
14760
14768
14772
14781
14783
14784
14785
14879
14880
14965
14968
14969
14995
15081
15082
15096
15101
15158
15188
15191
15206
15210
15218
15307
15317
15318
15322
15323
15332
15383
15389
15392
15393
15398
15399
15402
15410
15413
15416
15474
15475
15477
15479
15480
15485
15487
15491
15493
15494
15495
15497
15499
15501
15504
15512
15513
15515
15525
15526
15527
15529
15531
15534
15542
15543
15545
15549
15554
15560
15564
15565
15566
15568
15571
15576
15577
15579
15580
15581
15600
15611
15695
15698
15699
15711
15712
15713
15715
15716
15717
15718
15720
15721
15723
15724
15725
15727
15732
15734
15735
15736
15743
15744
15747
15751
15754
15755
15756
15757
15759
15760
15763
15765
15766
15767
15768
15769
15770
15773
15775
15792
15793
15794
15803
15804
15805
15813
15815
15837
15839
15840
15842
15852
15853
15859
15923
16054
16100
16115
16147
16164
16165
16179
16198
16199
16217
16221
16231
16243
16245
16259
16262
16268
16270
16282
16285
16288
16295
16296
16297
16298
16299
16707
16709
16712
16725
16730
16767
16768
16789
16791
16798
16801
16804
16809
16813
16817
16818
16822
16824
16833
16852
16854
16855
16951
17177
17720
17818
18164
18222
18326
18468
18918
18921
18924
18927
18928
18930
18934
18935
18937
18938
18939
18942
18945
18946
18949
18950
18951
18952
18954
18957
18959
18960
18961
18963
18977
18979
18986
18988
18990
18991
18996
18999
19000
19003
19005
19016
19017
19018
19019
19025
19028
19030
19054
19089
19098
19105
19106
19154
19156
19160
19162
19166
19173
19176
19180
19185
19189
19199
19203
19210
19213
19283
19291
19297
19298
19311
19312
19339
19341
19370
19372
19373
19375
19376
19378
19387
19408
19412
19475
19501
19510
19512
19530
19533
19535
19536
19538
19543
19546
19585
19596
19597
19608
19611
19615
19617
19618
19619
19620
19630
19637
19640
19641
19643
19648
19649
19654
19656
19658
19659
19666
19667
19670
19673
19681
19683
19686
19690
19691
19695
19698
19700
19701
19702
19703
19713
19717
19748
19918
19919
19923
19924
19926
19927
19930
19931
19932
19933
19935
19936
19937
19940
19941
19943
19944
19947
20001
20011
20012
20013
20016
20019
20025
20027
20028
20029
20031
20032
20037
20057
20062
20066
20082
20100
20101
20105
20107
20108
20109
20117
20120
20156
20158
20164
20169
20186