574
1001
1006
1009
1012
1015
1017
1019
1029
1030
1068
1069
1070
1071
1072
1078
1081
1085
1254
1310
1354
1422
1600
1603
1610
1611
1612
1613
1616
1617
1619
1620
1624
1625
1627
1628
1629
1630
2019
2504
3069
4529
4561
4578
4656
4691
4750
4765
4766
5418
5586
5589
6163
6167
6219
6226
6245
6726
6729
7432
7449
7452
7486
7589
7591
7652
7653
7654
7658
7659
7660
7661
7748
7749
7795
7878
8280
8281
8519
8534
8600
8975
8977
8988
8992
8994
8997
8999
9000
9002
9005
9013
9015
9018
9019
9044
9047
9048
9052
9055
9061
9064
9073
9074
9080
9088
9093
9100
9110
9128
9151
9159
9162
9163
9175
9197
9201
9203
9209
9213
9215
9216
9222
9223
9237
9244
9247
9248
9249
9250
9253
9258
9262
9266
9269
9270
9274
9277
9281
9810
10056
10849
10960
11020
11088
11514
11518
11796
12204
12291
12300
12337
12404
12412
12447
12490
12507
12644
12669
12733
12762
12920
12955
12978
13027
13184
13199
13294
13331
13436
13437
13441
13471
13522
13541
13763
14119
14123
14141
14400
14471
14477
14600
14601
14625
14627
14630
14750
14839
14860
14861
14862
14863
14864
14865
14937
14955
15022
15115
15127
15129
15135
15139
15144
15146
15448
15895
15914
15966
15969
15980
15991
16006
16049
16320
16366
16378
16412
16586
16596
16644
16660
16885
16887
16899
16906
16943
16959
16966
16975
16981
16986
16991
16992
17005
17014
17033
17042
17048
17057
17058
17059
17064
17066
17082
17085
17086
17099
17115
17147
17150
17157
17163
17164
17172
17176
17189
17202
17212
17213
17217
17248
17250
17271
17277
17295
17299
17315
17325
17331
17360
17368
17373
17377
17391
17400
17410
17423
17432
17434
17440
17441
17452
17462
17477
17498
17503
17508
17519
17527
17537
17556
17562
17608
17620
17622
17664
17672
17689
17695
17705
17716
17718
17725
17732
17737
17785
17795
17796
17797
17817
17830
17836
17839
17850
17879
17882
17912
17914
17916
17927
17928
17930
17939
17940
17942
17961
17986
17991
17998
18007
18036
18038
18044
18052
18054
18055
18066
18067
18079
18083
18104
18116
18124
18135
18158
18185
18207
18220
18226
18267
18318
18319
18332
18337
18339
18346
18348
18395
18396
18401
18414
18415
18419
18427
18429
18473
18482
18498
18534
18537
18565
18571
18581
18584
18594
18601
18631
18635
18650
18651
18653
18657
18673
18674
18689
18707
18712
18714
18729
18732
18744
18746
18757
18759
18760
18762
18773
18784
18795
18815
18824
18828
18831
18834
18841
18848
18850
18870
18873
18877
18879
18885
18888
18889
19062
19211
19212
19213
19215
19220
19373
19753
19896
19897
19898
19899
19900
19901
19902
19903
19904
19905
19906
19907
19908
19909
19911
19912
19913