1297
1316
1383
1391
1538
2359
2363
2503
2980
3072
4418
4428
4543
4557
5218
5236
5250
5256
5258
5265
5270
5272
5310
5318
6189
6190
6192
6195
6198
6199
6202
6205
6249
7305
7306
7307
7425
7450
7451
7452
7453
8246
8251
8705
8872
8894
8970
9100
9111
9201
9836
9839
11610
11614
12253
12425
12534
12556
12652
12700
12720
12737
12742
12809
12821
12852
12917
12927
13092
13505
13712
13854
13861
13969
13973
13975
15360
15362
15433
15446
15992
16000
16376
16384
16409
16478
16493
16553
16583
16589
16603
16970
17065
17411
17416
17518
17628
17694
18138
18256
18521
18627
18727
18754
18776
18782
19233
19234
19235
19237
19238
19240
19241
19244
19245
19247
19249
19251
19252
19253
19254
19256
19258
19259
19260
19261
19263
19266
19304
19328
19773
19787
19801
19805
19973