31
106
137
195
213
252
276
285
299
309
347
439
478
516
536
575
601
605
607
613
632
635
641
657
666
682
688
690
695
705
717
730
731
754
761
770
780
793
805
812
818
819
821
830
832
843
852
872
886
901
906
913
938
1332
1677
1788
1904
1929
2180
2268
2269
2272
2275
2278
2279
2280
2281
2284
2285
2286
2288
2311
2335
2337
2349
2365
2382
2387
2657
2676
2714
2736
2760
2785
2926
3193
3197
3201
3222
3246
3263
3354
3450
3479
3497
3515
3537
3630
3651
3719
3736
3761
3762
3784
3804
3840
3873
3941
3985
3999
4009
4013
4097
4141
4152
4163
4200
4216
4405
4440
5031
5183
5188
5189
5190
5191
5198
5286
5292
5302
5321
5387
5388
5470
5498
5526
5537
5540
5550
5561
5563
5706
5741
5802
5803
5964
6079
6084
6128
6133
6134
6415
6742
6746
6755
6761
6771
6835
6845
6846
6847
6849
6851
6855
6856
6860
6861
6862
6863
6864
6867
6868
6875
6878
6879
6880
6881
6882
6883
6885
6886
6891
6894
6895
6897
6898
6899
6901
6902
6904
6905
6908
6909
6911
6912
6914
6917
6919
6920
6922
6924
6926
6929
6930
6932
6934
6941
6942
6943
6946
6948
6949
6950
6953
6956
6957
6958
6965
6966
6967
6968
6969
6972
6973
6975
6976
6983
6984
6985
6990
6991
6992
6996
7000
7001
7002
7003
7006
7007
7008
7010
7012
7015
7019
7020
7021
7024
7027
7028
7029
7030
7033
7034
7036
7037
7038
7039
7040
7045
7050
7051
7053
7059
7060
7064
7067
7068
7069
7070
7072
7080
7083
7084
7087
7088
7090
7091
7094
7096
7097
7105
7106
7109
7111
7116
7121
7122
7125
7127
7129
7131
7133
7134
7135
7136
7137
7146
7147
7149
7150
7152
7154
7158
7159
7161
7166
7169
7170
7172
7173
7175
7177
7178
7179
7184
7185
7187
7188
7190
7191
7192
7193
7194
7195
7196
7199
7200
7201
7203
7204
7205
7206
7207
7208
7209
7210
7211
7212
7213
7218
7219
7220
7221
7222
7223
7225
7227
7228
7231
7232
7233
7235
7236
7238
7242
7243
7245
7248
7251
7254
7255
7266
7316
7439
7574
7607
7608
7612
7613
7927
7930
7953
8289
8290
8291
8293
8295
8297
8298
8299
8376
8391
8707
8710
8832
8849
9547
9729
9732
9863
9864
9865
9869
10160
10193
10303
10321
10322
10327
10332
10350
10406
10413
10429
10463
10500
10507
10514
10518
10551
10564
10596
10600
10619
10636
10638
10654
10672
10726
10855
10858
10957
10978
10981
10986
11109
11146
11169
11178
11181
11183
11192
11195
11205
11208
11214
11222
11224
11236
11237
11257
11266
11276
11277
11278
11296
11297
11312
11314
11315
11316
11319
11320
11323
11330
11349
11366
11376
11380
11381
11406
11414
11426
11429
11433
11442
11464
11470
11480
11481
11493
11500
11501
11503
11520
11525
11528
11529
11531
11534
11535
11538
11539
11541
11544
11547
11550
11552
11554
11556
11558
11565
11572
11573
11864
11914
12251
12268
12761
12810
13057
13134
13170
13363
13403
13466
13467
13644
13765
13795
13871
13919
14171
14207
14312
14445
14626
14644
14645
14844
14878
14881
14963
14964
15150
15154
15156
15157
15161
15163
15168
15169
15171
15178
15180
15182
15184
15187
15189
15191
15193
15196
15197
15201
15202
15206
15208
15210
15211
15217
15539
15547
15714
15778
15803
15806
16150
16226
16300
16774
16776
16798
16832
19055
19056
19057
19079
19081
19168
19169
19184
19191
19194
19196
19197
19198
19605
19923
19946
20038
20048
20066
20147