574
1082
1236
1259
1271
1277
1281
1287
1294
1295
1318
1353
1362
1385
1405
1411
1429
1431
1438
1450
1459
1466
1525
2035
2229
2236
2246
2314
2318
2351
2393
2504
2521
3060
3069
3071
3420
4302
4304
4305
4306
4307
4528
4597
4600
4601
4602
4615
4625
4626
4630
4634
4636
4646
4649
4653
4655
4668
4670
4671
4690
4696
4708
4717
4718
4719
4721
4723
4733
4736
4739
4743
4747
4750
4755
4763
4772
4776
4778
4794
4796
4797
4798
4799
4810
4814
4921
4922
4923
4924
4925
4926
5017
5063
5150
5208
5504
5583
5584
5588
6221
6393
6522
6732
6735
7758
7958
7960
7962
8002
8011
8012
8015
8017
8018
8034
8266
8437
8532
8534
8598
8716
8718
8720
8893
9450
9507
9889
10144
10993
11045
11621
11673
11676
11677
11678
11681
11683
11686
11693
11743
11820
11837
11873
11929
11934
11937
12358
12382
12412
12525
12578
12598
12686
12720
12742
12749
12765
12778
12806
12823
12885
12938
12955
12991
13040
13098
13206
13213
13251
13257
13411
13676
13708
13718
13723
14271
14272
14273
14274
14275
14276
14277
14278
14279
14304
14331
14371
14413
14540
14550
14551
14620
14655
14840
14889
14895
15038
15052
15063
15064
15102
15292
15357
15361
15381
15422
15429
15439
15441
15450
15451
15614
15818
15819
15833
15981
16247
16251
16253
16256
16257
16306
16548
16680
16717
16866
16899
16901
16902
16907
16918
16927
16928
16929
16938
16940
16941
16951
16959
16960
16986
16994
17001
17007
17013
17015
17035
17036
17042
17044
17045
17050
17051
17054
17060
17066
17077
17095
17096
17097
17102
17108
17111
17116
17125
17128
17134
17138
17152
17162
17164
17166
17168
17170
17178
17179
17187
17197
17207
17208
17218
17238
17244
17246
17247
17248
17249
17251
17259
17261
17269
17280
17282
17293
17295
17301
17302
17303
17307
17308
17311
17315
17324
17331
17338
17341
17345
17349
17351
17364
17366
17376
17379
17396
17404
17407
17410
17421
17434
17441
17469
17473
17474
17478
17482
17486
17487
17490
17493
17501
17515
17528
17529
17550
17553
17561
17580
17582
17608
17612
17625
17641
17645
17647
17648
17654
17664
17674
17697
17702
17706
17718
17720
17727
17734
17737
17747
17748
17752
17753
17761
17764
17767
17768
17774
17777
17778
17779
17783
17795
17798
17802
17804
17808
17819
17821
17830
17832
17845
17847
17856
17859
17860
17869
17874
17876
17878
17888
17902
17903
17912
17922
17924
17927
17942
17943
17949
17958
17959
17963
17975
17976
17986
17989
17997
18002
18015
18019
18033
18035
18036
18057
18067
18070
18089
18092
18099
18103
18109
18124
18142
18145
18160
18177
18191
18195
18199
18202
18203
18209
18217
18221
18230
18235
18238
18249
18276
18279
18285
18291
18295
18296
18297
18298
18307
18309
18326
18329
18338
18355
18363
18375
18382
18385
18391
18397
18398
18413
18425
18430
18455
18461
18462
18463
18464
18465
18467
18488
18493
18496
18509
18517
18520
18550
18556
18561
18566
18567
18579
18587
18602
18614
18617
18621
18631
18650
18659
18661
18667
18675
18682
18691
18697
18708
18723
18732
18734
18736
18742
18749
18762
18770
18771
18774
18782
18784
18799
18800
18803
18806
18807
18816
18827
18828
18830
18831
18840
18843
18848
18849
18857
18863
18884
18887
18888
18889
18969
18974
19069
19271
19767