0
561
562
563
570
574
581
937
940
941
945
953
971
972
978
992
993
997
1004
1011
1013
1014
1020
1024
1026
1069
1080
1081
1085
1086
1090
1164
1232
1233
1235
1236
1240
1241
1242
1244
1246
1256
1257
1259
1260
1261
1264
1266
1269
1271
1272
1276
1280
1282
1284
1288
1292
1293
1294
1295
1296
1301
1309
1315
1317
1319
1320
1354
1362
1364
1373
1377
1382
1387
1411
1412
1417
1419
1426
1431
1434
1436
1437
1443
1444
1450
1452
1457
1459
1462
1465
1510
1523
1526
1527
1605
1610
1622
1623
1629
1631
1871
2032
2114
2202
2205
2212
2314
2316
2318
2319
2464
2508
3043
3073
4233
4237
4238
4287
4305
4307
4326
4328
4539
4545
4559
4565
4571
4581
4587
4591
4596
4597
4607
4623
4630
4640
4642
4643
4646
4649
4652
4655
4656
4657
4658
4671
4677
4679
4686
4689
4693
4695
4701
4722
4729
4733
4737
4763
4767
4770
4777
4780
4797
4800
4803
4805
4806
4811
4815
4817
4847
4848
4854
4883
4886
4944
4991
4993
4999
5001
5017
5020
5022
5056
5058
5059
5060
5062
5063
5137
5182
5212
5230
5241
5257
5261
5273
5275
5276
5317
5351
5370
5413
5414
5416
5566
5585
5586
6156
6160
6188
6203
6207
6219
6222
6236
6249
6390
6395
6420
6421
6423
6428
6430
6433
6445
6450
6522
6570
6727
6730
6734
7303
7351
7421
7423
7425
7430
7455
7457
7458
7459
7463
7480
7481
7482
7486
7501
7527
7528
7592
7593
7602
7629
7631
7632
7660
7675
7685
7770
7852
7853
7876
7878
7909
7917
7918
7956
7958
7970
7983
7984
7985
7988
8023
8248
8267
8269
8271
8274
8275
8280
8281
8282
8284
8285
8286
8436
8518
8520
8523
8524
8530
8534
8549
8551
8560
8561
8592
8594
8596
8610
8620
8622
8627
8633
8769
8819
8821
8862
8872
8878
8965
8991
8993
8994
8995
8997
9003
9004
9005
9006
9007
9012
9015
9016
9019
9022
9025
9029
9030
9033
9053
9054
9057
9058
9061
9062
9063
9064
9066
9067
9068
9069
9073
9076
9077
9078
9079
9088
9094
9097
9104
9105
9109
9111
9116
9131
9132
9136
9138
9139
9140
9142
9145
9156
9162
9164
9169
9176
9177
9185
9187
9193
9195
9198
9200
9201
9207
9208
9209
9212
9224
9227
9230
9235
9236
9237
9240
9241
9246
9252
9253
9254
9261
9275
9278
9280
9442
9506
9685
9699
9701
9715
9720
9721
9808
9834
9839
9844
9854
9883
9891
9962
9981
9982
9984
9985
9986
10078
10139
10140
10144
10965
10989
10990
10993
10994
11018
11024
11047
11049
11518
11578
11581
11658
11673
11675
11676
11681
11735
11739
11745
11748
11750
11751
11752
11790
11791
11821
11833
11836
11837
11874
11886
11925
11935
12010
12180
12198
12199
12207
12208
12260
12261
12296
12300
12302
12303
12304
12305
12306
12308
12316
12319
12323
12328
12331
12333
12336
12338
12339
12340
12341
12352
12354
12355
12356
12362
12374
12377
12379
12380
12389
12390
12395
12410
12419
12420
12421
12423
12424
12426
12427
12429
12434
12440
12442
12444
12458
12475
12478
12479
12485
12486
12507
12517
12525
12529
12538
12551
12555
12566
12567
12570
12573
12576
12578
12581
12596
12599
12600
12609
12610
12615
12619
12620
12621
12630
12632
12638
12640
12642
12643
12646
12647
12649
12654
12656
12657
12660
12664
12669
12675
12688
12689
12690
12691
12699
12708
12715
12720
12722
12727
12728
12733
12742
12752
12753
12754
12762
12769
12772
12778
12783
12799
12800
12801
12804
12807
12816
12819
12831
12839
12855
12857
12859
12861
12867
12870
12875
12878
12880
12882
12884
12885
12890
12891
12894
12896
12903
12908
12918
12922
12923
12927
12933
12935
12936
12937
12938
12946
12957
12971
12998
13010
13017
13060
13098
13150
13173
13174
13206
13226
13227
13267
13284
13351
13406
13409
13412
13413
13427
13436
13441
13444
13494
13549
13576
13579
13591
13606
13613
13633
13639
13684
13723
13729
13744
13759
13818
13819
13834
13835
13848
13849
13852
13854
13945
13951
14112
14113
14118
14125
14128
14129
14142
14204
14265
14267
14289
14328
14333
14335
14404
14413
14421
14510
14535
14539
14544
14597
14627
14630
14658
14733
14737
14748
14776
14777
14841
14854
14862
14863
14889
14890
14895
14907
14910
14921
14948
14996
14997
14999
15001
15002
15003
15004
15009
15014
15015
15016
15019
15021
15022
15024
15025
15029
15031
15033
15034
15037
15038
15040
15042
15045
15046
15048
15049
15050
15051
15053
15054
15056
15063
15065
15070
15078
15079
15103
15104
15105
15106
15108
15109
15110
15117
15123
15124
15128
15129
15131
15132
15136
15138
15139
15140
15143
15144
15145
15147
15293
15336
15341
15342
15343
15360
15372
15373
15422
15423
15424
15425
15426
15428
15430
15431
15433
15434
15436
15437
15439
15440
15443
15591
15602
15615
15619
15635
15636
15640
15666
15782
15784
15786
15787
15791
15818
15820
15830
15832
15844
15914
15962
15963
15965
15966
15967
15969
15970
15972
15974
15976
15978
15979
15980
15981
15983
15985
15986
15987
15990
15991
15993
15994
15996
15998
16002
16003
16004
16006
16009
16038
16250
16309
16317
16365
16380
16384
16395
16403
16419
16427
16431
16446
16462
16503
16513
16527
16532
16537
16541
16542
16544
16565
16569
16572
16586
16597
16603
16607
16636
16644
16656
16660
16671
16673
16752
16755
16858
16859
16860
16862
16864
16866
16867
16868
16871
16873
16875
16877
16878
16879
16881
16882
16883
16885
16890
16891
16893
16894
16895
16897
16900
16901
16902
16904
16906
16907
16909
16910
16912
16915
16916
16917
16921
16925
16926
16927
16928
16929
16930
16936
16939
16940
16941
16945
16946
16947
16950
16956
16958
16959
16960
16963
16964
16967
16968
16971
16973
16977
16979
16982
16983
16985
16986
16990
16991
16997
16998
17000
17001
17003
17005
17011
17013
17014
17015
17016
17019
17022
17025
17032
17033
17035
17038
17040
17041
17042
17047
17048
17049
17050
17051
17055
17056
17057
17061
17064
17065
17067
17068
17070
17071
17076
17077
17079
17081
17082
17084
17085
17087
17088
17091
17092
17096
17097
17098
17100
17101
17102
17104
17108
17109
17110
17111
17112
17113
17114
17115
17117
17118
17120
17122
17123
17125
17126
17127
17128
17130
17131
17133
17134
17135
17137
17138
17140
17142
17143
17147
17150
17153
17154
17156
17157
17159
17161
17163
17165
17166
17167
17168
17169
17170
17171
17173
17175
17177
17178
17179
17182
17183
17184
17185
17187
17191
17195
17196
17197
17198
17199
17202
17203
17204
17208
17210
17211
17214
17216
17217
17218
17223
17227
17228
17232
17234
17236
17239
17240
17241
17243
17244
17246
17247
17248
17252
17255
17257
17258
17261
17264
17265
17269
17270
17271
17273
17274
17277
17278
17280
17281
17282
17284
17285
17288
17289
17290
17291
17292
17295
17296
17297
17300
17302
17303
17305
17306
17310
17312
17313
17315
17316
17317
17318
17325
17328
17329
17331
17335
17337
17339
17342
17343
17345
17346
17351
17352
17354
17355
17357
17358
17359
17362
17364
17365
17366
17368
17372
17373
17374
17375
17376
17378
17380
17381
17382
17383
17385
17387
17389
17391
17394
17395
17397
17398
17399
17400
17402
17403
17404
17406
17408
17409
17412
17413
17414
17416
17418
17423
17424
17427
17428
17432
17433
17435
17437
17438
17440
17441
17443
17444
17446
17451
17453
17459
17462
17464
17465
17470
17471
17472
17473
17474
17477
17478
17479
17482
17484
17485
17486
17493
17494
17498
17499
17501
17506
17512
17513
17517
17519
17520
17522
17523
17525
17530
17531
17532
17533
17536
17537
17539
17541
17542
17544
17545
17548
17550
17551
17552
17553
17554
17555
17556
17557
17559
17561
17562
17563
17566
17568
17571
17572
17575
17577
17580
17581
17582
17583
17584
17585
17586
17587
17588
17589
17590
17591
17592
17595
17597
17598
17600
17601
17603
17606
17608
17609
17610
17611
17612
17617
17618
17620
17622
17624
17625
17626
17627
17629
17630
17633
17636
17639
17643
17644
17646
17652
17653
17657
17660
17661
17664
17665
17667
17668
17669
17670
17672
17673
17674
17677
17678
17680
17681
17682
17683
17684
17688
17689
17690
17691
17693
17695
17696
17697
17699
17700
17702
17703
17704
17708
17709
17711
17715
17716
17718
17721
17723
17727
17728
17730
17731
17732
17737
17738
17739
17740
17742
17744
17746
17748
17749
17750
17751
17752
17753
17755
17756
17757
17759
17760
17762
17763
17764
17766
17767
17768
17770
17771
17772
17774
17777
17778
17779
17780
17781
17782
17784
17787
17788
17791
17792
17795
17797
17799
17800
17801
17802
17803
17805
17806
17808
17812
17813
17814
17815
17817
17818
17819
17821
17822
17823
17824
17825
17826
17828
17833
17834
17836
17840
17842
17844
17845
17847
17850
17851
17853
17855
17856
17857
17859
17860
17861
17862
17863
17866
17871
17872
17873
17874
17876
17877
17879
17880
17881
17885
17888
17889
17890
17893
17894
17895
17896
17897
17899
17901
17902
17903
17905
17907
17910
17911
17912
17913
17914
17916
17917
17919
17920
17923
17924
17926
17927
17929
17933
17938
17940
17941
17942
17943
17946
17949
17950
17951
17953
17954
17955
17956
17957
17958
17960
17961
17963
17965
17968
17969
17970
17974
17975
17977
17978
17980
17981
17982
17983
17985
17987
17989
17990
17991
17993
17994
17997
17998
18000
18002
18003
18004
18005
18008
18009
18010
18012
18013
18014
18015
18016
18021
18029
18031
18034
18035
18036
18041
18042
18043
18045
18046
18047
18049
18050
18051
18054
18055
18057
18060
18061
18063
18065
18067
18068
18069
18070
18071
18072
18073
18074
18075
18076
18077
18079
18080
18081
18084
18086
18087
18091
18094
18095
18097
18098
18099
18100
18102
18106
18107
18108
18109
18110
18111
18112
18115
18116
18117
18118
18119
18120
18121
18122
18124
18125
18127
18128
18129
18130
18134
18135
18136
18138
18139
18140
18141
18142
18144
18150
18152
18155
18156
18158
18159
18161
18162
18163
18165
18168
18174
18176
18177
18178
18179
18180
18181
18184
18185
18187
18189
18193
18195
18196
18202
18203
18204
18206
18207
18208
18209
18212
18215
18216
18218
18220
18222
18224
18226
18228
18229
18234
18235
18236
18237
18239
18240
18242
18243
18244
18245
18246
18247
18248
18249
18251
18252
18253
18256
18257
18260
18261
18262
18265
18266
18267
18268
18270
18271
18272
18273
18274
18275
18276
18277
18278
18279
18281
18282
18283
18285
18286
18287
18288
18289
18290
18291
18292
18296
18297
18299
18300
18302
18303
18308
18311
18313
18316
18317
18318
18319
18320
18321
18322
18324
18325
18326
18327
18328
18329
18332
18334
18336
18338
18341
18343
18346
18348
18350
18351
18352
18355
18356
18360
18361
18362
18368
18369
18370
18374
18383
18385
18389
18391
18392
18394
18395
18396
18397
18398
18399
18400
18401
18402
18403
18406
18407
18408
18411
18413
18414
18415
18421
18422
18424
18425
18427
18428
18432
18433
18437
18438
18440
18442
18443
18445
18446
18447
18449
18450
18451
18452
18455
18456
18457
18459
18460
18461
18462
18463
18464
18466
18467
18468
18470
18471
18475
18477
18478
18479
18480
18482
18483
18487
18488
18489
18490
18491
18493
18495
18496
18498
18499
18501
18503
18504
18505
18506
18508
18509
18510
18511
18514
18515
18517
18518
18519
18520
18521
18523
18525
18526
18527
18530
18533
18534
18536
18537
18538
18540
18541
18542
18543
18544
18545
18548
18549
18550
18551
18554
18556
18558
18559
18562
18564
18566
18568
18569
18570
18571
18573
18581
18582
18583
18584
18585
18586
18587
18588
18589
18591
18594
18595
18597
18599
18600
18601
18602
18603
18604
18606
18609
18611
18612
18613
18614
18617
18623
18624
18627
18629
18632
18633
18644
18646
18648
18649
18650
18662
18667
18672
18678
18679
18683
18687
18692
18693
18696
18712
18714
18716
18718
18721
18724
18727
18728
18730
18731
18736
18740
18745
18746
18758
18770
18772
18774
18777
18778
18781
18785
18788
18791
18792
18793
18794
18796
18798
18799
18804
18805
18815
18818
18819
18821
18842
18845
18851
18855
18856
18861
18862
18865
18866
18867
18870
18871
18872
18875
18878
18880
18884
18885
18886
18892
18894
18896
18898
18903
18911
18912
19061
19124
19132
19133
19138
19139
19184
19211
19213
19215
19216
19219
19233
19236
19238
19240
19243
19244
19255
19256
19257
19264
19268
19277
19303
19320
19324
19327
19383
19466
19595
19755
19758
19768
19774
19800
19812
19898
19956
19999
20125
20137