1
5
7
14
17
18
19
20
21
22
31
32
33
34
35
36
38
44
45
49
50
51
53
56
57
58
60
61
65
68
69
74
75
79
80
90
93
94
98
105
106
109
110
111
112
114
115
116
117
120
122
123
124
129
130
133
135
141
148
149
150
151
152
154
155
156
157
159
160
161
168
169
170
171
172
173
176
178
180
183
184
189
191
192
195
196
197
198
200
202
203
204
205
207
208
210
211
213
216
217
218
221
222
224
225
226
227
228
230
231
235
237
238
239
241
242
244
247
248
252
254
255
259
261
262
264
265
267
268
270
271
272
276
277
278
280
281
284
285
286
288
293
294
296
299
302
303
305
306
308
309
310
311
312
314
316
320
323
324
326
327
328
331
332
334
335
336
338
339
342
343
344
345
346
347
348
349
350
352
353
360
361
363
364
366
370
373
374
375
376
377
379
380
382
383
385
386
388
390
392
393
395
396
397
398
399
400
401
403
404
405
407
408
413
414
418
419
420
421
423
424
425
426
427
434
435
436
437
440
446
447
451
453
456
457
459
460
461
463
465
468
469
471
473
474
475
476
477
479
484
485
489
490
491
492
493
495
496
499
500
502
503
504
505
506
507
509
510
512
513
514
516
517
519
520
521
522
523
524
526
528
531
533
536
537
538
539
541
542
544
548
551
552
557
563
569
575
594
596
598
600
601
604
606
607
608
609
611
612
613
614
615
616
617
618
619
620
621
622
623
624
626
627
628
629
630
631
632
633
634
637
638
641
645
646
650
651
652
653
654
655
656
658
659
660
661
662
664
665
666
667
670
671
673
674
675
676
678
679
680
683
684
685
687
688
689
690
691
692
694
695
696
697
698
699
701
702
703
704
705
706
707
708
709
710
711
712
713
714
715
716
718
719
720
721
722
723
725
726
727
728
729
730
731
733
734
736
737
738
739
740
741
743
745
746
747
748
749
750
751
752
753
754
756
758
760
761
762
763
765
766
767
768
769
770
771
773
774
775
776
777
778
779
780
781
782
783
784
785
786
789
790
791
792
793
795
796
798
799
800
801
802
803
804
805
806
807
808
809
810
811
813
814
815
816
817
818
819
820
822
823
825
826
827
828
830
831
832
833
834
835
836
837
838
839
840
841
842
844
845
847
848
849
850
851
852
853
854
855
858
859
860
862
863
864
865
866
867
868
869
870
871
872
873
874
876
877
878
879
880
881
882
884
885
886
887
888
890
891
892
893
894
895
897
898
899
900
901
902
903
904
906
907
908
909
910
911
912
913
914
915
917
918
920
921
922
923
924
925
927
928
932
938
947
959
1040
1041
1049
1050
1051
1053
1054
1055
1057
1058
1059
1060
1061
1063
1064
1065
1066
1067
1095
1107
1115
1118
1122
1123
1124
1126
1129
1132
1138
1140
1143
1144
1149
1154
1156
1168
1172
1182
1185
1188
1189
1195
1209
1210
1211
1212
1214
1215
1217
1218
1220
1223
1225
1226
1228
1229
1230
1235
1262
1281
1331
1342
1363
1368
1383
1471
1472
1473
1474
1475
1476
1477
1479
1522
1525
1557
1571
1587
1597
1614
1648
1664
1665
1668
1673
1677
1681
1700
1712
1715
1716
1717
1725
1727
1730
1731
1735
1736
1739
1744
1745
1746
1750
1751
1754
1756
1758
1760
1762
1763
1764
1765
1769
1775
1781
1782
1784
1785
1793
1794
1796
1797
1801
1803
1804
1805
1807
1808
1810
1812
1813
1814
1815
1819
1820
1821
1825
1826
1828
1829
1830
1831
1835
1836
1840
1842
1847
1859
1860
1865
1868
1873
1877
1879
1881
1884
1887
1888
1889
1890
1891
1892
1893
1894
1896
1897
1898
1899
1902
1903
1904
1905
1906
1907
1908
1910
1911
1912
1913
1914
1916
1917
1918
1919
1920
1924
1925
1926
1927
1928
1929
1930
1931
1934
1935
1937
1938
1939
1940
1941
1943
1944
1945
1946
1947
1950
1951
1952
1953
1954
1955
1956
1957
1958
1960
1961
1962
1963
1964
1965
1966
1969
1970
1972
1977
1983
1984
1985
1990
1991
1995
1999
2006
2009
2011
2021
2024
2027
2041
2042
2047
2049
2050
2053
2054
2055
2056
2057
2061
2067
2097
2099
2100
2102
2127
2134
2138
2140
2156
2158
2167
2168
2177
2180
2201
2216
2218
2221
2223
2227
2229
2238
2239
2240
2241
2243
2249
2255
2261
2264
2267
2268
2269
2273
2274
2279
2282
2283
2288
2292
2302
2303
2304
2305
2306
2307
2308
2309
2310
2311
2335
2342
2345
2348
2349
2359
2364
2374
2382
2388
2394
2397
2398
2409
2413
2419
2430
2449
2461
2476
2480
2483
2484
2485
2486
2487
2490
2493
2497
2500
2501
2511
2512
2515
2518
2519
2532
2543
2548
2549
2554
2560
2563
2565
2569
2571
2572
2574
2575
2576
2577
2579
2580
2587
2590
2593
2598
2600
2602
2605
2608
2611
2613
2615
2616
2619
2622
2629
2630
2634
2637
2639
2644
2650
2652
2654
2655
2656
2659
2668
2669
2676
2677
2685
2686
2688
2691
2692
2696
2698
2700
2704
2710
2712
2714
2717
2721
2724
2725
2726
2729
2732
2734
2736
2737
2738
2739
2740
2741
2744
2745
2746
2747
2748
2749
2754
2759
2760
2764
2766
2770
2771
2772
2773
2774
2776
2778
2783
2784
2785
2787
2788
2789
2791
2796
2797
2808
2809
2812
2814
2819
2820
2821
2822
2823
2825
2826
2827
2832
2833
2834
2835
2836
2837
2838
2844
2849
2858
2859
2861
2867
2871
2877
2879
2880
2881
2882
2883
2884
2888
2890
2895
2900
2902
2903
2905
2907
2908
2910
2912
2915
2918
2919
2923
2925
2926
2929
2930
2932
2933
2938
2939
2946
2950
2953
2955
2959
2960
2961
2963
2966
2969
2970
2974
2981
2983
2985
2986
2988
2989
3001
3008
3009
3013
3028
3029
3161
3167
3171
3172
3182
3187
3190
3194
3202
3203
3204
3205
3207
3208
3210
3212
3214
3215
3217
3221
3222
3224
3226
3228
3231
3232
3233
3234
3238
3239
3240
3243
3244
3246
3249
3250
3251
3252
3253
3256
3261
3263
3264
3265
3266
3267
3270
3271
3277
3279
3282
3285
3286
3287
3288
3294
3296
3297
3298
3299
3300
3302
3303
3305
3306
3308
3309
3310
3313
3316
3320
3322
3323
3326
3329
3330
3331
3334
3335
3338
3341
3342
3343
3344
3345
3347
3351
3352
3353
3356
3358
3360
3361
3362
3363
3366
3369
3370
3371
3372
3374
3375
3378
3379
3380
3381
3383
3386
3387
3390
3391
3395
3396
3398
3401
3402
3403
3404
3409
3410
3413
3414
3418
3419
3420
3421
3422
3423
3426
3428
3430
3431
3432
3435
3436
3437
3438
3439
3440
3441
3444
3446
3447
3448
3450
3452
3454
3455
3456
3458
3459
3461
3464
3467
3470
3471
3472
3475
3476
3477
3478
3479
3480
3482
3484
3487
3492
3493
3494
3496
3498
3499
3500
3503
3505
3507
3508
3512
3513
3517
3518
3519
3520
3522
3523
3524
3527
3528
3529
3530
3532
3535
3536
3537
3538
3539
3540
3541
3542
3543
3544
3545
3546
3547
3551
3554
3556
3557
3559
3560
3561
3562
3564
3566
3568
3572
3573
3575
3576
3577
3579
3580
3581
3582
3583
3584
3585
3587
3589
3594
3595
3596
3597
3599
3600
3602
3603
3604
3605
3607
3611
3612
3613
3614
3615
3617
3618
3621
3622
3623
3626
3627
3628
3629
3630
3631
3633
3634
3635
3637
3639
3640
3642
3643
3644
3646
3647
3651
3653
3654
3655
3656
3657
3659
3660
3661
3662
3663
3664
3665
3667
3670
3671
3672
3673
3674
3675
3676
3678
3679
3681
3683
3685
3688
3690
3691
3693
3694
3695
3697
3698
3699
3701
3705
3707
3709
3710
3711
3712
3713
3714
3716
3718
3719
3720
3723
3724
3725
3726
3727
3728
3730
3731
3734
3735
3737
3739
3742
3744
3747
3749
3752
3753
3755
3757
3760
3761
3762
3764
3766
3768
3769
3771
3773
3774
3776
3779
3782
3787
3788
3789
3791
3792
3794
3795
3796
3797
3798
3800
3803
3805
3806
3807
3808
3809
3810
3811
3812
3814
3815
3816
3818
3819
3820
3821
3822
3824
3827
3828
3829
3831
3834
3835
3836
3837
3838
3839
3840
3841
3843
3844
3851
3852
3854
3857
3859
3863
3864
3865
3867
3869
3870
3871
3872
3873
3874
3875
3877
3878
3881
3882
3885
3887
3888
3889
3891
3892
3893
3894
3896
3898
3900
3901
3903
3904
3905
3915
3916
3917
3918
3919
3920
3923
3928
3929
3931
3932
3938
3940
3943
3944
3947
3949
3952
3954
3956
3957
3958
3960
3961
3962
3964
3965
3967
3973
3975
3976
3978
3979
3985
3986
3988
3989
3992
3993
3994
3995
3996
3997
3999
4000
4001
4002
4004
4007
4008
4009
4012
4015
4018
4022
4027
4028
4030
4031
4034
4037
4043
4044
4045
4046
4050
4051
4053
4055
4058
4059
4066
4070
4071
4073
4074
4078
4080
4083
4085
4087
4089
4090
4093
4095
4096
4097
4100
4101
4102
4105
4106
4108
4111
4113
4114
4123
4125
4127
4128
4131
4133
4136
4138
4139
4140
4141
4143
4145
4146
4148
4151
4152
4157
4158
4159
4161
4162
4163
4164
4165
4166
4167
4169
4172
4173
4174
4175
4176
4178
4180
4181
4182
4184
4186
4187
4188
4191
4192
4193
4194
4195
4198
4199
4200
4201
4202
4203
4204
4205
4206
4207
4208
4209
4211
4215
4217
4218
4219
4221
4222
4224
4225
4227
4228
4229
4240
4241
4243
4245
4246
4248
4250
4253
4258
4262
4263
4264
4266
4268
4272
4275
4291
4293
4298
4301
4306
4310
4311
4336
4340
4342
4343
4370
4377
4381
4387
4388
4389
4390
4429
4430
4431
4432
4433
4434
4435
4436
4437
4438
4439
4440
4441
4442
4443
4444
4445
4446
4447
4448
4449
4450
4451
4452
4453
4454
4455
4456
4458
4487
4499
4500
4508
4514
4516
4520
4527
4844
4859
4860
4862
4863
4864
4865
4866
4867
4868
4869
4870
4871
4872
4873
4874
4875
4876
4877
4878
4879
4880
4881
4882
4929
4930
4932
4945
4948
4951
4952
4953
4954
4956
4959
4960
4964
4968
5035
5037
5038
5040
5042
5043
5065
5067
5071
5072
5073
5075
5083
5092
5093
5094
5095
5098
5099
5100
5144
5157
5158
5160
5163
5175
5201
5218
5262
5278
5286
5288
5289
5290
5293
5296
5299
5301
5303
5305
5306
5307
5388
5390
5392
5393
5406
5407
5408
5409
5423
5426
5428
5430
5453
5462
5463
5464
5465
5467
5468
5469
5471
5473
5475
5477
5479
5480
5482
5483
5484
5485
5487
5489
5490
5492
5495
5497
5498
5499
5500
5501
5502
5503
5504
5505
5507
5510
5511
5513
5514
5518
5519
5520
5521
5522
5523
5524
5525
5526
5527
5528
5529
5530
5531
5534
5536
5537
5540
5542
5544
5545
5546
5548
5551
5553
5555
5556
5557
5558
5561
5563
5564
5586
5599
5603
5604
5607
5608
5610
5612
5613
5614
5615
5616
5617
5618
5619
5620
5621
5623
5626
5630
5632
5633
5635
5637
5640
5641
5644
5645
5648
5650
5651
5679
5684
5693
5721
5740
5756
5767
5770
5774
5781
5889
5891
5892
5893
5894
5896
5897
5898
5899
5900
5901
5902
5903
5905
5906
5907
5908
5909
5910
5911
5912
5913
5914
5915
5916
5919
5920
5921
5922
5923
5924
5925
5926
5927
5938
5940
5943
5948
5949
5951
5958
5972
5974
5976
5979
5980
5982
5983
5984
5986
5987
5991
5992
5993
5994
5996
5998
5999
6001
6002
6004
6005
6009
6010
6011
6012
6015
6018
6019
6021
6023
6025
6026
6028
6029
6033
6034
6035
6036
6037
6039
6041
6043
6044
6048
6049
6054
6056
6058
6060
6066
6071
6076
6079
6081
6082
6084
6087
6088
6089
6090
6091
6096
6097
6098
6108
6110
6112
6115
6116
6118
6121
6122
6125
6127
6129
6130
6131
6140
6143
6145
6146
6173
6176
6177
6179
6180
6181
6183
6184
6185
6186
6187
6190
6192
6199
6209
6215
6264
6269
6270
6275
6277
6278
6279
6282
6283
6285
6289
6290
6292
6293
6294
6296
6299
6303
6305
6310
6313
6316
6317
6320
6333
6334
6339
6344
6348
6353
6362
6405
6409
6415
6438
6458
6537
6538
6541
6546
6552
6558
6579
6581
6583
6590
6600
6610
6613
6614
6617
6621
6622
6623
6643
6645
6647
6649
6650
6651
6652
6659
6660
6661
6663
6669
6670
6671
6673
6674
6717
6718
6720
6721
6738
6740
6741
6742
6743
6745
6746
6747
6748
6750
6751
6753
6754
6755
6756
6757
6758
6759
6760
6761
6762
6763
6764
6766
6767
6768
6769
6770
6771
6772
6773
6774
6775
6776
6777
6778
6779
6780
6781
6782
6783
6784
6785
6786
6787
6788
6789
6790
6791
6792
6793
6794
6795
6796
6797
6798
6799
6801
6802
6803
6805
6806
6807
6808
6809
6810
6811
6812
6813
6814
6815
6816
6817
6818
6819
6820
6821
6823
6824
6825
6826
6827
6828
6829
6830
6831
6832
6833
6834
6835
6836
6838
6839
6840
6841
6842
6843
6845
6846
6847
6848
6849
6850
6851
6852
6854
6855
6856
6858
6859
6861
6862
6864
6865
6867
6868
6869
6870
6872
6873
6874
6875
6876
6877
6879
6880
6882
6883
6884
6886
6888
6889
6890
6891
6892
6894
6895
6897
6898
6899
6900
6901
6902
6903
6904
6905
6906
6907
6908
6909
6910
6911
6913
6914
6915
6916
6917
6918
6919
6920
6921
6922
6923
6924
6925
6926
6927
6929
6930
6931
6932
6933
6936
6937
6938
6939
6942
6944
6946
6947
6950
6951
6953
6954
6955
6956
6957
6958
6959
6960
6962
6964
6965
6967
6968
6969
6970
6973
6975
6978
6981
6982
6983
6984
6985
6986
6987
6988
6989
6992
6993
6994
6996
6997
6998
6999
7000
7001
7004
7005
7006
7007
7008
7010
7011
7012
7016
7017
7018
7019
7020
7021
7023
7024
7025
7026
7028
7029
7031
7034
7035
7037
7038
7039
7040
7042
7043
7044
7045
7047
7049
7050
7051
7053
7056
7057
7060
7061
7062
7064
7066
7067
7068
7069
7070
7071
7072
7073
7075
7076
7077
7079
7082
7083
7084
7085
7086
7088
7089
7090
7091
7092
7093
7094
7095
7096
7098
7099
7100
7101
7103
7104
7105
7106
7107
7111
7113
7114
7115
7116
7117
7118
7119
7121
7122
7123
7125
7126
7127
7128
7129
7130
7131
7132
7133
7135
7136
7138
7139
7141
7142
7144
7146
7147
7149
7150
7151
7152
7153
7155
7156
7157
7159
7160
7162
7163
7165
7167
7168
7169
7172
7175
7176
7178
7179
7180
7182
7186
7187
7188
7191
7193
7194
7195
7196
7199
7200
7202
7203
7204
7206
7207
7208
7210
7211
7213
7214
7216
7218
7219
7220
7222
7224
7226
7228
7229
7230
7231
7232
7233
7234
7235
7237
7239
7241
7243
7244
7245
7247
7251
7252
7253
7254
7266
7270
7271
7272
7305
7315
7316
7320
7323
7328
7330
7335
7336
7337
7355
7356
7363
7365
7366
7367
7368
7371
7374
7375
7376
7378
7379
7380
7381
7385
7387
7388
7389
7390
7391
7393
7396
7398
7399
7400
7401
7402
7403
7406
7407
7408
7409
7410
7411
7413
7415
7439
7520
7523
7526
7569
7615
7671
7715
7718
7719
7724
7734
7756
7924
7955
7977
7978
8000
8290
8291
8292
8294
8296
8297
8304
8306
8307
8308
8309
8310
8311
8312
8313
8315
8316
8317
8318
8319
8321
8322
8323
8324
8326
8327
8328
8329
8330
8331
8332
8334
8338
8341
8342
8343
8344
8349
8352
8353
8354
8355
8358
8359
8360
8361
8363
8365
8367
8368
8370
8377
8378
8381
8382
8383
8384
8385
8387
8388
8389
8391
8392
8393
8395
8396
8397
8399
8401
8402
8403
8404
8408
8412
8413
8415
8420
8422
8423
8425
8428
8429
8430
8431
8439
8442
8450
8451
8452
8455
8456
8457
8461
8463
8466
8468
8469
8472
8474
8478
8480
8481
8485
8486
8488
8491
8493
8495
8516
8517
8523
8525
8532
8554
8563
8584
8587
8601
8603
8604
8605
8606
8614
8645
8700
8706
8707
8709
8712
8721
8742
8764
8782
8784
8786
8787
8798
8802
8803
8805
8807
8808
8809
8812
8813
8816
8818
8829
8832
8840
8843
8849
8851
8853
8865
8866
8868
8887
8917
8921
8937
8940
8941
8972
9313
9314
9316
9317
9318
9319
9320
9321
9323
9328
9331
9333
9335
9336
9340
9341
9344
9345
9348
9350
9351
9353
9355
9356
9359
9360
9361
9363
9364
9368
9369
9370
9372
9375
9378
9380
9384
9385
9387
9390
9391
9395
9396
9397
9399
9400
9403
9406
9410
9428
9452
9454
9455
9458
9460
9462
9463
9464
9467
9481
9482
9483
9484
9485
9489
9512
9517
9518
9530
9531
9532
9535
9537
9538
9540
9541
9542
9546
9547
9548
9550
9556
9557
9560
9561
9562
9563
9566
9567
9568
9570
9573
9580
9586
9588
9589
9598
9599
9602
9607
9609
9610
9611
9620
9622
9625
9627
9628
9629
9634
9636
9638
9644
9647
9651
9652
9655
9670
9671
9677
9729
9730
9731
9734
9735
9754
9755
9758
9768
9787
9791
9799
9800
9802
9868
9870
9871
9873
9874
9878
9927
9928
9929
9930
9931
9932
9933
9935
9936
9937
9938
9940
9941
9942
9943
9944
9946
9948
9951
9952
9953
9954
9955
9957
9959
9968
9970
9971
9994
9995
9997
10001
10002
10020
10065
10067
10092
10105
10106
10108
10109
10110
10111
10114
10117
10118
10120
10121
10128
10130
10131
10134
10138
10139
10141
10143
10145
10148
10150
10153
10154
10157
10159
10160
10163
10167
10168
10169
10172
10175
10177
10178
10179
10180
10186
10188
10189
10191
10192
10195
10196
10197
10198
10199
10202
10203
10204
10207
10209
10210
10211
10212
10213
10214
10218
10219
10220
10221
10222
10223
10228
10229
10230
10231
10232
10233
10234
10235
10237
10239
10240
10241
10242
10244
10245
10248
10249
10251
10252
10253
10254
10256
10260
10265
10268
10273
10274
10276
10278
10279
10280
10281
10282
10285
10288
10289
10290
10292
10293
10295
10296
10297
10298
10299
10301
10302
10303
10305
10306
10309
10310
10315
10318
10319
10321
10322
10327
10328
10329
10330
10331
10332
10333
10335
10340
10341
10342
10346
10347
10349
10353
10354
10355
10356
10357
10358
10361
10362
10363
10365
10366
10367
10368
10369
10370
10372
10373
10378
10379
10381
10382
10383
10386
10387
10388
10389
10397
10398
10399
10400
10401
10402
10403
10405
10406
10410
10411
10412
10413
10414
10415
10416
10418
10420
10421
10422
10423
10425
10426
10427
10428
10429
10430
10431
10432
10433
10434
10435
10436
10437
10438
10439
10440
10442
10443
10444
10445
10446
10447
10448
10449
10450
10451
10453
10454
10455
10456
10457
10458
10460
10462
10463
10464
10468
10469
10471
10473
10474
10475
10476
10477
10479
10482
10483
10489
10491
10492
10494
10495
10496
10497
10498
10500
10501
10502
10506
10507
10508
10510
10512
10513
10517
10518
10521
10522
10523
10524
10525
10526
10528
10531
10532
10535
10537
10539
10541
10542
10545
10548
10553
10554
10557
10558
10561
10564
10568
10569
10570
10572
10573
10574
10577
10579
10580
10581
10584
10585
10588
10589
10590
10597
10598
10600
10601
10602
10605
10606
10608
10609
10610
10612
10613
10615
10618
10619
10620
10621
10622
10623
10624
10625
10626
10627
10628
10630
10632
10633
10637
10638
10639
10640
10644
10646
10647
10649
10653
10657
10659
10660
10661
10665
10666
10667
10668
10669
10672
10673
10683
10685
10686
10689
10691
10694
10695
10698
10699
10701
10702
10703
10704
10705
10708
10709
10711
10712
10715
10716
10718
10719
10721
10724
10725
10726
10727
10729
10730
10731
10733
10734
10735
10737
10738
10740
10741
10745
10750
10751
10761
10763
10765
10767
10768
10769
10771
10773
10774
10775
10861
10891
10906
10908
10915
10937
10938
10939
10940
10942
10950
10951
10952
10953
10957
10967
10968
10971
10974
10977
10978
10979
10981
10982
10983
10984
10985
10986
10998
11003
11064
11065
11066
11067
11068
11069
11070
11071
11072
11073
11092
11093
11094
11097
11098
11100
11101
11104
11105
11106
11107
11108
11110
11111
11113
11114
11115
11116
11117
11121
11124
11125
11126
11127
11129
11130
11131
11133
11134
11135
11137
11138
11139
11140
11141
11145
11146
11150
11151
11152
11154
11156
11157
11158
11159
11161
11162
11163
11164
11165
11168
11169
11172
11173
11175
11176
11177
11178
11179
11181
11185
11186
11191
11192
11193
11194
11195
11196
11198
11200
11201
11202
11203
11204
11205
11207
11208
11209
11210
11211
11212
11214
11215
11216
11219
11220
11221
11222
11224
11225
11226
11227
11228
11230
11231
11232
11234
11235
11237
11240
11241
11242
11243
11244
11245
11246
11248
11250
11251
11252
11255
11257
11258
11259
11260
11261
11264
11265
11268
11270
11271
11272
11274
11275
11278
11282
11283
11284
11285
11287
11288
11289
11290
11291
11292
11293
11294
11295
11296
11298
11299
11300
11301
11304
11308
11310
11311
11312
11313
11314
11315
11317
11318
11319
11320
11321
11322
11323
11325
11326
11328
11329
11330
11332
11333
11334
11335
11339
11341
11342
11344
11345
11346
11347
11352
11353
11355
11356
11357
11358
11360
11361
11362
11363
11365
11366
11367
11368
11369
11370
11371
11373
11375
11377
11378
11379
11380
11381
11382
11383
11384
11385
11386
11387
11388
11390
11392
11393
11397
11398
11399
11401
11402
11404
11405
11406
11408
11409
11410
11412
11413
11424
11426
11428
11429
11430
11433
11434
11435
11438
11440
11441
11442
11443
11446
11451
11452
11453
11454
11456
11460
11461
11462
11463
11465
11467
11468
11471
11472
11473
11478
11479
11481
11482
11486
11489
11490
11493
11494
11496
11497
11499
11500
11501
11502
11505
11506
11508
11520
11521
11522
11527
11529
11530
11535
11536
11537
11538
11539
11540
11541
11542
11545
11546
11548
11549
11550
11559
11560
11562
11563
11564
11567
11573
11577
11589
11595
11600
11603
11605
11606
11607
11612
11663
11664
11710
11713
11714
11718
11721
11732
11767
11768
11770
11772
11774
11775
11814
11818
11836
11862
11864
11885
11913
11915
11926
12213
12224
12227
12236
12243
12246
12251
12252
12253
12267
12268
12274
12283
12284
12285
12286
12287
12292
12293
12298
12350
12363
12373
12376
12378
12381
12384
12387
12389
12404
12407
12422
12431
12435
12479
12491
12495
12499
12503
12504
12513
12527
12547
12558
12574
12575
12584
12597
12599
12623
12628
12635
12639
12657
12676
12677
12685
12693
12698
12704
12705
12716
12748
12765
12768
12782
12786
12790
12809
12810
12830
12842
12848
12854
12868
12874
12890
12901
12906
12924
12942
12959
12966
12967
12983
13007
13018
13029
13033
13053
13059
13065
13078
13084
13091
13095
13099
13102
13107
13109
13114
13119
13124
13125
13126
13129
13131
13133
13138
13142
13156
13160
13163
13167
13194
13202
13229
13233
13236
13237
13250
13252
13253
13262
13274
13281
13282
13301
13316
13321
13337
13371
13387
13390
13398
13421
13452
13468
13480
13482
13485
13487
13492
13493
13510
13558
13565
13568
13569
13570
13574
13587
13605
13629
13640
13646
13651
13652
13657
13672
13673
13682
13683
13693
13694
13719
13722
13736
13743
13751
13758
13765
13768
13769
13772
13779
13791
13795
13807
13822
13823
13833
13863
13867
13871
13872
13873
13874
13875
13877
13880
13882
13883
13884
13886
13890
13892
13893
13894
13895
13898
13899
13901
13902
13903
13904
13906
13909
13910
13911
13913
13915
13919
13920
13925
13926
13927
13928
13929
13932
13964
13966
13969
13975
14000
14004
14005
14006
14008
14009
14010
14014
14015
14017
14018
14020
14024
14027
14031
14037
14038
14042
14043
14045
14046
14047
14048
14049
14050
14051
14052
14054
14055
14056
14057
14058
14059
14060
14061
14062
14064
14066
14067
14068
14071
14072
14073
14074
14076
14077
14079
14080
14081
14083
14084
14085
14088
14089
14090
14092
14093
14095
14097
14099
14103
14104
14105
14107
14108
14109
14134
14136
14147
14156
14158
14188
14251
14252
14253
14255
14282
14283
14286
14297
14310
14314
14316
14349
14384
14386
14392
14398
14407
14432
14436
14440
14442
14474
14541
14567
14570
14572
14596
14618
14644
14645
14647
14648
14650
14659
14660
14671
14673
14674
14702
14765
14770
14775
14784
14785
14789
14790
14792
14793
14794
14795
14796
14798
14844
14872
14877
14878
14880
14935
14936
14964
14968
14969
14977
15005
15083
15149
15151
15152
15154
15155
15156
15158
15163
15164
15165
15167
15168
15169
15170
15171
15172
15174
15175
15176
15179
15183
15186
15188
15189
15190
15191
15192
15193
15195
15196
15197
15198
15199
15201
15203
15204
15205
15206
15208
15211
15212
15217
15218
15220
15221
15225
15247
15298
15299
15311
15315
15317
15318
15320
15322
15323
15324
15325
15326
15385
15386
15387
15389
15390
15392
15393
15394
15398
15399
15404
15405
15406
15408
15410
15413
15415
15417
15418
15419
15428
15433
15455
15472
15475
15476
15477
15478
15479
15482
15483
15484
15487
15488
15489
15491
15492
15493
15494
15495
15496
15497
15498
15499
15500
15501
15502
15503
15504
15505
15506
15507
15508
15509
15512
15513
15515
15517
15518
15519
15521
15522
15523
15524
15528
15530
15532
15533
15534
15535
15539
15540
15541
15542
15543
15551
15554
15555
15556
15558
15562
15563
15566
15567
15569
15571
15573
15574
15577
15580
15582
15583
15584
15585
15586
15604
15605
15606
15607
15610
15621
15623
15624
15625
15626
15627
15629
15630
15631
15633
15648
15668
15693
15695
15696
15699
15704
15705
15707
15708
15709
15713
15714
15717
15719
15720
15721
15724
15728
15732
15734
15736
15739
15741
15743
15744
15746
15752
15755
15761
15762
15768
15772
15774
15778
15779
15792
15793
15795
15796
15797
15799
15800
15801
15802
15803
15804
15805
15806
15807
15808
15809
15812
15840
15845
15857
15859
16031
16052
16055
16056
16057
16059
16060
16099
16111
16113
16114
16115
16131
16150
16151
16152
16164
16165
16167
16179
16180
16184
16185
16189
16217
16264
16267
16270
16273
16275
16281
16289
16290
16292
16297
16327
16376
16465
16500
16529
16612
16615
16668
16680
16686
16688
16691
16711
16712
16716
16739
16761
16775
16777
16780
16781
16785
16793
16795
16798
16804
16808
16813
16814
16824
16827
16829
16832
16836
16850
16906
16942
16957
16960
17061
17094
17098
17145
17147
17178
17187
17271
17300
17317
17328
17335
17368
17410
17423
17453
17536
17573
17601
17637
17687
17716
17723
17729
17740
17753
17818
17850
17877
17994
18026
18027
18028
18038
18088
18098
18107
18200
18207
18244
18274
18330
18352
18538
18917
18918
18919
18920
18922
18923
18924
18925
18927
18928
18930
18931
18934
18937
18938
18939
18940
18942
18960
18964
18970
18999
19018
19019
19022
19023
19028
19030
19031
19032
19033
19053
19054
19056
19079
19080
19082
19087
19127
19128
19131
19156
19167
19180
19189
19194
19195
19197
19202
19219
19220
19221
19239
19245
19252
19255
19260
19284
19288
19289
19298
19311
19312
19319
19322
19323
19336
19339
19342
19343
19402
19404
19405
19407
19408
19414
19415
19416
19419
19423
19425
19426
19427
19468
19470
19472
19474
19501
19503
19506
19508
19509
19510
19512
19513
19526
19531
19534
19538
19542
19560
19561
19597
19599
19604
19605
19606
19607
19608
19610
19611
19613
19614
19618
19619
19622
19623
19624
19625
19627
19628
19629
19632
19633
19635
19636
19639
19640
19642
19645
19647
19650
19651
19653
19654
19655
19661
19663
19665
19666
19673
19674
19681
19687
19688
19691
19692
19693
19696
19746
19752
19756
19764
19765
19767
19768
19769
19772
19773
19775
19779
19782
19787
19919
19920
19926
19927
19928
19931
19933
19941
19944
19947
19967
19968
19969
19975
19985
19986
19990
19991
19995
19998
20000
20001
20002
20003
20004
20005
20006
20007
20008
20009
20010
20011
20012
20013
20014
20015
20016
20017
20018
20019
20020
20021
20022
20023
20024
20025
20026
20027
20028
20029
20030
20031
20032
20033
20034
20035
20036
20037
20038
20039
20040
20041
20044
20045
20046
20051
20072
20074
20083
20084
20087
20088
20099
20100
20101
20107
20108
20109
20117
20145
20149
20150
20152
20154
20155
20156
20159
20161
20162
20165
20168
20169
20171
20173
20175
20176
20179
20180
20182
20183
20184
20187