39
67
193
202
213
214
230
241
247
263
272
303
326
332
342
347
349
353
355
365
369
397
404
433
441
454
457
477
494
499
506
507
527
531
535
575
611
617
641
654
655
656
657
659
665
672
674
680
685
686
687
693
697
699
701
704
707
710
711
714
718
720
723
726
727
739
749
753
754
755
757
760
762
764
767
769
775
778
781
785
787
798
802
805
807
810
813
817
818
828
831
834
835
841
844
846
849
852
856
857
859
863
866
867
868
870
875
876
877
884
892
895
896
898
902
903
906
908
910
913
919
1052
1054
1057
1060
1067
1103
1334
1646
1774
1805
1812
1828
1895
1902
1923
1928
1929
1940
1946
1952
1961
1967
2277
2364
2375
2387
2408
2417
2420
2424
2427
2473
2474
2492
2496
2761
2999
3157
3222
3224
3232
3239
3264
3271
3273
3292
3303
3308
3313
3314
3319
3345
3346
3353
3379
3390
3397
3406
3413
3426
3443
3485
3496
3499
3505
3535
3537
3544
3556
3562
3595
3622
3633
3634
3640
3649
3653
3674
3691
3728
3733
3741
3744
3756
3771
3784
3785
3787
3815
3824
3867
3893
3903
3910
3914
3924
3938
3953
3962
3992
4000
4018
4019
4025
4031
4049
4057
4058
4077
4092
4105
4115
4140
4143
4147
4153
4156
4164
4171
4172
4203
4209
4215
4221
4273
4415
4864
4910
4959
5034
5037
5095
5100
5469
5602
5625
5953
5975
5981
6009
6014
6037
6048
6051
6053
6059
6075
6076
6078
6083
6094
6114
6120
6174
6215
6645
6648
6673
6718
6770
6797
6801
6813
6820
6843
6922
6981
7035
7044
7074
7103
7130
7143
7147
7170
7216
7232
7246
7355
7359
7366
7368
7392
7402
7406
7408
7519
7726
8334
8338
8346
8347
8348
8349
8352
8355
8356
8358
8362
8364
8366
8373
8375
8376
8382
8391
8394
8397
8412
8413
8417
8420
8424
8427
8428
8797
8803
8810
8818
8906
9343
9375
9377
9456
9522
9524
9525
9526
9527
9533
9540
9542
9544
9546
9549
9550
9553
9557
9558
9560
9564
9567
9574
9576
9579
9582
9591
9598
9611
9616
9626
9628
9634
9650
9651
9657
9665
9667
9671
9677
9735
10108
10136
10196
10260
10322
10428
10433
10458
10531
10563
10613
10615
10623
10626
10672
10683
10734
10735
10754
10888
10905
10943
10944
10947
11064
11065
11071
11072
11092
11093
11097
11098
11100
11105
11110
11111
11115
11118
11119
11120
11121
11122
11123
11127
11129
11130
11132
11135
11138
11141
11142
11145
11148
11151
11155
11162
11167
11169
11170
11175
11176
11177
11180
11181
11194
11195
11201
11204
11208
11211
11215
11229
11231
11234
11237
11247
11248
11260
11271
11279
11291
11294
11295
11297
11310
11311
11312
11316
11317
11332
11333
11336
11337
11339
11340
11341
11344
11345
11358
11383
11392
11395
11398
11399
11406
11407
11408
11409
11410
11412
11415
11419
11422
11423
11424
11425
11430
11431
11432
11437
11442
11443
11445
11446
11454
11458
11459
11460
11462
11463
11467
11468
11470
11479
11481
11482
11489
11490
11496
11497
11502
11509
11548
11601
12278
12280
12575
12584
12628
12665
13102
13114
13115
13125
13142
13160
13292
13302
13396
13454
13547
13605
13649
13651
13707
13866
13922
14252
14254
14474
14644
14646
14647
14648
14746
14766
14767
15179
15188
15215
15411
15418
15474
15480
15484
15485
15486
15508
15512
15520
15530
15540
15543
15556
15566
15576
15577
15579
15583
15609
15611
15763
15774
15806
15812
16180
16242
16264
17783
19005
19091
19092
19095
19101
19105
19538
19610
19635
19639
19640
19643
19648
19654
19666
19667
19672
19694
19727
19919
19928
19933
19936
20011
20147
20172
20187