1023
1024
1025
1026
1027
1028
1029
1030
1032
1033
1034
1035
1036
1037
1068
1069
1071
1072
1073
1074
1075
1076
1077
1078
1079
1132
1381
1485
1600
1601
1602
1603
1604
1605
1606
1607
1608
1609
1610
1611
1612
1613
1614
1615
1616
1617
1618
1619
1620
1621
1622
1623
1624
1625
1626
1627
1628
1629
1630
1631
2096
5910
5917
5919
6196
7618
8862
8863
8864
8865
8866
8868
8869
8871
8874
8875
8876
8877
8972
10862
10863
10864
10865
10866
10867
10868
10869
10870
10871
10872
10873
10874
10875
10876
10877
10878
10879
10880
10881
10882
10883
12220
12230
12253
12599
13072
13076
13216
13264
13323
13330
13546
13755
14220
14221
14222
14558
14581
14582
16038
16039
16040
16041
16042
16044
16045
16047
16048
16049
16476
16617
19074
19076