137
285
350
478
564
565
1783
2044
2195
3056
3057
3062
3067
3288
3347
3406
3452
3760
3818
3860
4023
4153
4280
4977
5403
5489
5601
5664
5665
5667
5669
5670
5706
5707
5708
5709
5710
5711
5714
5715
5717
5719
5720
5721
5723
5725
5730
5731
5733
5735
5736
5737
5739
5740
5741
5742
5744
5745
5746
5747
5749
5751
5752
5753
5754
5755
5756
5757
5760
5766
5767
5769
5773
5774
5775
5776
5777
5778
5779
5781
5783
5785
5786
5787
5789
5790
5791
5792
5793
5794
5796
5798
5799
5800
5803
5804
6665
6667
6668
7412
7415
7435
7436
7437
7438
7439
7440
7441
7442
7920
7924
7931
7935
7950
7954
7955
7958
8427
8457
8462
8466
8510
9321
9523
9624
9658
10028
10049
10131
10890
10893
10903
10910
11664
11669
11682
12544
12883
12906
13467
13583
13831
13868
13904
13916
14001
14027
14770
15193
15395
16057
16224
16243
16261
16266
16687
16688
16987
17087
17293
17720
17972
18102
18326
18467
18546
18731
18987
18989
19083
19185
19187
19189
19288
19289
19511
19738
20171