581
999
1001
1007
1009
1010
1015
1016
1019
1021
1022
1026
1030
1080
1085
1088
1090
1116
1242
1243
1245
1249
1259
1263
1265
1273
1307
1353
1356
1368
1373
1379
1382
1384
1388
1396
1417
1425
1430
1468
1539
1543
1627
2068
2098
2108
2112
2116
2313
2454
2465
2472
2510
3028
3033
3041
3156
3935
4231
4234
4283
4289
4304
4305
4317
4318
4319
4335
4337
4361
4450
4530
4539
4562
4604
4630
4640
4661
4662
4667
4670
4674
4699
4702
4720
4736
4761
4767
4770
4783
4793
4805
4818
4828
4849
4855
4858
4868
4870
4872
4876
4877
4884
4905
4913
4925
4939
4981
4999
5004
5015
5017
5020
5030
5056
5128
5136
5150
5228
5230
5277
5348
5353
5413
5414
5434
5436
5583
5585
5587
5589
5590
5662
6155
6156
6167
6217
6235
6250
6267
6366
6391
6394
6440
6444
6450
6521
6526
6590
6591
6729
7285
7454
7486
7497
7501
7527
7631
7652
7676
7690
7780
7795
7832
7896
7961
7982
7988
7993
8024
8039
8043
8225
8242
8283
8321
8518
8524
8526
8530
8531
8533
8548
8551
8552
8595
8616
8624
8636
8662
8664
8703
8782
8807
8820
8826
8860
8864
8884
8965
8977
8985
8989
9003
9008
9028
9030
9040
9052
9056
9061
9072
9073
9094
9101
9109
9118
9130
9143
9147
9148
9152
9157
9175
9185
9186
9188
9198
9204
9213
9234
9237
9240
9248
9254
9255
9259
9265
9270
9273
9284
9287
9290
9704
9707
9719
9744
9788
9809
9810
9854
9883
9979
9987
10044
10046
10047
10056
10057
10138
10144
10924
10934
10993
11045
11047
11052
11068
11090
11517
11613
11672
11677
11681
11696
11782
11783
11813
11820
11822
11853
11857
11933
11935
11942
12007
12038
12046
12051
12071
12099
12180
12207
12290
12294
12303
12314
12329
12331
12332
12334
12335
12336
12341
12343
12352
12355
12360
12374
12384
12390
12395
12411
12415
12416
12417
12421
12424
12434
12447
12457
12459
12462
12467
12470
12476
12516
12520
12524
12539
12545
12550
12560
12564
12599
12600
12608
12614
12620
12632
12672
12688
12703
12714
12733
12751
12763
12777
12791
12792
12795
12796
12806
12828
12853
12857
12865
12897
12900
12918
12925
12939
12941
12945
12949
12955
12956
12974
13003
13008
13098
13188
13200
13226
13232
13336
13354
13394
13418
13427
13441
13464
13475
13502
13588
13631
13678
13703
13714
13721
13729
13817
13818
13830
13835
13848
13973
14123
14132
14141
14142
14164
14265
14267
14333
14335
14340
14400
14410
14423
14430
14460
14480
14481
14499
14506
14521
14535
14541
14543
14544
14554
14583
14601
14619
14627
14630
14652
14658
14690
14691
14734
14735
14753
14778
14779
14802
14833
14834
14851
14885
14886
14909
14921
14939
14997
15013
15014
15031
15040
15043
15048
15057
15072
15115
15127
15129
15130
15138
15141
15142
15146
15147
15148
15202
15232
15239
15247
15265
15269
15286
15333
15338
15351
15358
15360
15361
15370
15371
15373
15382
15422
15423
15425
15428
15432
15441
15469
15615
15617
15640
15649
15674
15686
15791
15829
15938
15950
15964
15971
15973
15978
15983
15985
15993
16003
16011
16019
16039
16040
16081
16143
16159
16161
16189
16302
16304
16306
16308
16322
16369
16510
16527
16643
16662
16665
16670
16678
16684
16685
16756
16795
16796
16858
16859
16865
16874
16876
16880
16887
16890
16896
16897
16904
16905
16908
16915
16920
16921
16925
16939
16940
16947
16959
16962
16964
16965
16968
16970
16978
16980
16989
16992
16993
16999
17002
17003
17007
17014
17025
17032
17038
17040
17048
17052
17058
17060
17061
17064
17066
17067
17072
17075
17078
17086
17093
17102
17115
17120
17122
17123
17124
17128
17132
17135
17140
17142
17145
17146
17148
17157
17159
17162
17166
17171
17179
17181
17183
17191
17207
17213
17218
17223
17227
17230
17233
17236
17238
17239
17240
17250
17254
17258
17260
17262
17266
17267
17272
17287
17298
17320
17321
17323
17324
17325
17334
17337
17342
17344
17345
17363
17368
17371
17380
17381
17384
17388
17390
17392
17394
17398
17400
17405
17410
17412
17417
17420
17421
17428
17433
17438
17442
17444
17445
17449
17451
17454
17456
17461
17466
17468
17470
17474
17481
17485
17489
17502
17503
17504
17515
17518
17522
17526
17534
17535
17536
17541
17544
17551
17552
17555
17558
17567
17578
17579
17580
17581
17589
17593
17596
17597
17602
17604
17605
17614
17616
17620
17623
17631
17639
17647
17648
17650
17653
17654
17655
17657
17659
17660
17666
17672
17673
17683
17684
17688
17690
17699
17708
17721
17723
17727
17732
17736
17740
17741
17747
17757
17758
17761
17763
17776
17788
17798
17808
17809
17811
17813
17814
17815
17817
17837
17841
17851
17854
17863
17866
17870
17877
17882
17884
17892
17900
17905
17907
17912
17921
17923
17924
17925
17931
17937
17939
17940
17942
17948
17955
17957
17967
17982
17983
17991
18003
18005
18007
18009
18011
18026
18028
18033
18039
18040
18042
18043
18044
18051
18063
18066
18067
18068
18075
18084
18087
18089
18090
18100
18102
18104
18105
18106
18114
18115
18123
18129
18132
18133
18135
18136
18139
18143
18145
18148
18152
18155
18161
18163
18164
18166
18167
18168
18169
18172
18174
18179
18191
18192
18198
18200
18202
18204
18208
18213
18222
18225
18227
18229
18233
18253
18259
18263
18270
18271
18274
18280
18290
18310
18311
18316
18317
18318
18324
18335
18339
18342
18346
18347
18362
18371
18378
18379
18386
18405
18406
18412
18413
18418
18425
18430
18431
18436
18442
18444
18450
18469
18471
18472
18474
18478
18480
18483
18486
18488
18497
18512
18517
18519
18520
18522
18535
18540
18542
18553
18570
18575
18579
18584
18590
18595
18602
18603
18605
18609
18613
18616
18619
18620
18666
18683
18698
18706
18708
18731
18736
18740
18745
18755
18757
18766
18767
18790
18804
18830
18853
18865
18886
18893
18897
18909
18922
18924
18926
18928
18930
18934
18935
18937
18940
18941
18942
19041
19069
19071
19072
19136
19138
19184
19191
19206
19216
19268
19303
19309
19315
19325
19327
19329
19439
19442
19456
19476
19478
19479
19482
19483
19563
19565
19582
19737
19760
19762
19768
19789
19794
19797
19798
19887
19911
19963
19964
19989
20118
20119
20209