649
941
1004
1073
1078
1313
1384
1612
1856
2076
2114
2233
3051
3093
3098
3109
3110
3113
3123
3524
4427
4570
4977
5006
5116
5246
5270
5381
5659
5805
5840
5848
5871
5876
5881
6199
6465
6466
7322
7643
7644
7645
7757
7759
7782
7790
7809
8019
8022
8024
8046
8053
8058
8070
8072
8078
8102
8103
8139
8148
8171
8180
8246
8252
8688
8887
9129
9130
9155
9171
9295
9704
9816
9820
10788
10885
10912
11041
11049
11061
11705
11842
11850
11889
11943
12034
12035
12036
12037
12038
12039
12049
12098
12453
12466
12476
12706
13022
13034
13075
13157
13158
13277
13306
13311
13348
13385
13386
13408
13437
13491
13497
13519
13538
13553
13643
13678
13681
13697
13733
13742
13780
13814
13817
13852
13858
13934
13939
13957
13965
13969
13988
13992
14241
14242
14243
14244
14245
14246
14348
14366
14405
14469
14476
14479
14556
14579
14603
14629
14911
14925
15608
15876
15879
15884
15885
15905
15915
15920
16006
16040
16042
16067
16074
16351
18385
18969
18970
18972
18974
18975
19075
19459
19577
19785
19818
19835
19879
19881
19985
20094