84
578
799
824
1092
1096
1105
1110
1132
1167
1241
1243
1251
1318
1403
1405
1436
1511
1516
1589
1597
1738
1827
1861
1978
1984
1993
1996
2067
2073
2074
2214
2216
2221
2223
2226
2314
2382
2410
2434
2482
2485
2500
2503
2531
2563
2597
2889
3043
3201
3202
4248
4256
4314
4591
4603
4616
4641
4704
4720
4738
4743
4744
4756
4774
4781
4795
4801
4816
4860
4862
4949
4993
4997
5188
5228
5230
5241
5257
5261
5320
5368
5702
6263
6303
6332
6360
6384
6395
6402
6423
6727
6728
6731
6796
6914
7085
7284
7341
7352
7454
7475
7533
7559
7564
7608
7619
7634
7865
7915
7917
7975
7977
7978
8031
8276
8278
8393
8432
8433
8454
8554
8562
8710
8781
8840
8852
8996
9318
9440
9491
9680
9689
9698
9738
9740
9813
9885
9920
9923
9924
9928
9929
9931
9932
9935
9938
9939
9940
9941
9942
9948
9949
9951
9954
9955
9957
9962
9964
9966
9976
9983
10011
10034
10160
10267
10861
10927
10993
11000
11004
11009
11209
11515
11544
11556
11557
11560
11564
11573
11611
11654
11658
11659
11773
11774
11775
11780
11829
12034
12196
12212
12244
12257
12300
12302
12305
12314
12321
12325
12329
12333
12342
12345
12354
12366
12367
12370
12371
12393
12394
12396
12398
12400
12405
12422
12457
12459
12463
12469
12470
12471
12488
12519
12540
12543
12553
12554
12578
12579
12620
12629
12643
12644
12645
12674
12680
12682
12688
12695
12697
12719
12720
12732
12745
12753
12755
12756
12759
12773
12786
12824
12825
12835
12857
12886
12898
12902
12906
12947
12960
12965
12985
12998
13015
13045
13049
13086
13089
13134
13230
13382
13460
13541
13609
13639
13654
13839
13967
14111
14249
14281
14287
14307
14308
14309
14311
14314
14315
14316
14323
14326
14328
14329
14330
14332
14431
14434
14441
14475
14587
14682
14707
14871
14956
15029
15045
15059
15119
15134
15135
15171
15292
15305
15326
15334
15436
15587
15607
15665
15667
15669
15670
15672
15706
15819
15962
16272
16306
16308
16311
16312
16775
16777
16780
16785
16791
16795
16801
16804
16808
16809
16810
16816
16818
16820
16821
16825
16826
16827
16842
16870
16939
16955
16989
17006
17086
17091
17098
17106
17120
17128
17149
17185
17188
17225
17246
17254
17340
17406
17417
17453
17472
17478
17500
17535
17543
17596
17603
17633
17660
17755
17852
17885
17891
17957
17970
18002
18051
18096
18102
18127
18154
18179
18186
18196
18206
18213
18233
18237
18284
18301
18308
18338
18362
18367
18418
18457
18482
18504
18516
18525
18534
18570
18589
18608
18623
18932
18938
18946
18952
18954
18967
19038
19054
19056
19115
19126
19158
19161
19181
19274
19341
19342
19352
19356
19358
19488
19496
19501
19502
19738
19772
19776
19779
19806
19943
19971
19975
19976
20012