198
245
250
276
356
359
363
367
377
385
401
404
406
417
424
425
426
429
436
449
454
460
478
480
493
495
496
497
504
510
515
527
535
537
620
651
652
656
661
679
680
682
685
691
692
695
711
714
716
721
722
729
740
741
755
756
765
768
782
784
785
786
788
795
799
803
805
807
810
814
816
818
822
823
825
833
837
838
839
841
845
846
857
858
864
867
869
870
879
891
893
894
898
901
915
922
927
1211
1678
1828
1906
2483
2704
2790
2849
3221
3233
3246
3275
3297
3350
3373
3381
3382
3385
3389
3423
3447
3448
3462
3505
3512
3518
3556
3557
3644
3648
3700
3727
3752
3759
3788
3807
3816
3834
3846
3853
3901
3922
3932
3941
3952
3954
3999
4028
4029
4040
4098
4126
4133
4141
4156
4430
4437
4446
4454
5468
5470
5485
5491
5506
5507
5510
5528
5734
5741
5758
5766
5773
6859
7042
7049
7086
7092
7093
7199
7248
7364
8348
8349
8393
8604
9419
9430
9558
9612
9666
10269
11094
11098
11136
11142
11145
11150
11178
11179
11185
11194
11195
11197
11206
11207
11220
11221
11223
11224
11226
11229
11230
11233
11234
11249
11251
11257
11260
11275
11278
11282
11288
11296
11298
11302
11305
11308
11312
11313
11323
11329
11333
11334
11335
11340
11343
11346
11352
11360
11361
11363
11369
11373
11374
11378
11382
11383
11387
11390
11403
11409
11415
11417
11421
11425
11426
11438
11445
11450
11453
11456
11469
11472
11476
11494
11500
11505
11549
12384
12842
13114
13841
13842
13872
13876
13882
13896
13910
13911
13918
13921
13923
14255
14645
15151
15152
15192
15200
15388
15392
15399
15408
15419
15495
15520
15580
16217
16222
16235
16709
16827
19194
19691
19699
19923
19935
20003
20004
20031
20174