10
14
25
27
29
31
32
54
57
69
70
71
73
74
75
79
81
107
118
131
137
146
171
173
177
183
204
217
233
244
247
249
276
278
292
301
344
435
471
525
576
595
596
611
614
615
620
623
624
626
627
628
629
633
642
650
663
677
697
753
786
797
810
820
855
862
889
921
928
932
943
968
1102
1325
1701
1712
1741
1752
1770
1777
1782
1788
1789
1790
1793
1797
1800
1809
1810
1812
1820
1827
1859
1895
1951
1960
2006
2018
2054
2164
2168
2176
2188
2189
2193
2195
2198
2199
2253
2334
2336
2340
2364
2365
2368
2369
2372
2373
2374
2375
2376
2377
2378
2380
2383
2384
2385
2386
2388
2389
2390
2391
2392
2398
2399
2400
2404
2405
2406
2407
2408
2409
2411
2414
2415
2416
2419
2422
2427
2462
2479
2535
2537
2541
2544
2545
2549
2551
2555
2576
2580
2584
2587
2588
2590
2600
2601
2602
2615
2631
2637
2641
2645
2648
2659
2663
2669
2676
2677
2678
2700
2707
2716
2722
2723
2728
2732
2735
2740
2746
2748
2751
2753
2754
2759
2764
2767
2783
2787
2791
2792
2796
2801
2814
2815
2817
2826
2828
2831
2837
2838
2842
2847
2850
2851
2854
2855
2864
2865
2867
2873
2875
2882
2884
2890
2901
2902
2903
2908
2910
2915
2925
2930
2942
2944
2947
2949
2957
2959
2962
2969
2974
2976
2986
2992
2994
2998
3000
3005
3010
3064
3158
3160
3167
3173
3177
3179
3181
3192
3219
3249
3271
3288
3343
3354
3360
3392
3415
3419
3430
3463
3475
3491
3510
3597
3655
3667
3677
3783
3788
3817
3827
3899
3904
3935
3947
3951
4013
4019
4078
4082
4125
4132
4142
4243
4292
4294
4295
4432
4445
4452
4502
4506
4519
4526
4905
4957
4967
4977
5023
5035
5039
5041
5097
5171
5177
5400
5421
5422
5423
5424
5464
5609
5618
5619
5620
5642
5646
5706
5741
5758
5759
5928
5931
5934
5967
5970
5977
6027
6049
6057
6074
6075
6093
6097
6100
6107
6113
6122
6131
6134
6137
6209
6210
6213
6214
6215
6458
6549
6558
6560
6622
6625
6626
6629
6633
6637
6638
6639
6641
6652
6655
6756
6764
6773
6815
6817
6818
6823
6825
6826
6838
6843
6844
6918
6941
6944
6945
6952
6964
6966
6972
6974
6977
6986
6988
7002
7073
7075
7104
7115
7155
7157
7169
7176
7186
7192
7196
7206
7209
7227
7230
7269
7358
7375
7378
7386
7388
7389
7390
7392
7397
7399
7400
7401
7408
7410
7412
7415
7443
7444
7447
7448
7490
7494
7506
7717
7720
7724
7726
7909
7950
7955
8007
8023
8033
8304
8305
8309
8311
8313
8314
8318
8320
8327
8330
8331
8332
8373
8404
8411
8414
8440
8450
8458
8462
8478
8483
8486
8487
8490
8494
8580
8585
8587
8605
8615
8642
8903
8944
9316
9319
9331
9339
9356
9359
9361
9365
9370
9371
9393
9395
9407
9487
9524
9527
9528
9539
9554
9566
9592
9597
9600
9613
9617
9649
9650
9728
9764
9766
9871
9878
9934
10001
10061
10126
10130
10132
10139
10145
10146
10162
10165
10168
10175
10178
10180
10181
10183
10186
10190
10191
10194
10205
10206
10207
10208
10209
10212
10214
10220
10221
10225
10227
10233
10241
10243
10247
10251
10253
10254
10256
10259
10268
10270
10272
10273
10276
10277
10279
10282
10284
10286
10294
10303
10304
10308
10309
10313
10319
10327
10331
10333
10337
10344
10351
10354
10355
10359
10363
10364
10371
10378
10381
10384
10386
10393
10394
10398
10399
10400
10402
10404
10411
10414
10425
10429
10432
10433
10438
10439
10440
10441
10444
10447
10449
10451
10452
10456
10469
10474
10479
10480
10482
10486
10493
10496
10500
10503
10507
10509
10512
10513
10514
10515
10518
10519
10521
10528
10531
10533
10537
10543
10544
10545
10548
10553
10556
10564
10567
10570
10571
10574
10575
10577
10581
10585
10586
10596
10597
10602
10611
10613
10614
10616
10620
10621
10626
10627
10629
10631
10633
10643
10645
10646
10648
10659
10665
10667
10671
10675
10677
10683
10688
10691
10693
10694
10695
10697
10702
10703
10707
10708
10715
10719
10723
10724
10725
10727
10728
10729
10731
10739
10741
10742
10748
10749
10751
10758
10759
10765
10766
10887
10889
10890
10903
10907
10917
10937
11064
11071
11074
11075
11077
11078
11079
11080
11081
11082
11122
11142
11167
11168
11186
11214
11216
11241
11275
11304
11320
11334
11339
11340
11347
11364
11366
11369
11378
11381
11396
11398
11412
11429
11439
11441
11489
11491
11509
11554
11563
11567
11674
11683
11695
11768
11770
12271
12422
12443
12502
12568
12590
12639
12677
12704
12707
12713
12723
12786
12790
12830
12833
12836
12868
12943
13050
13126
13147
13183
13186
13329
13404
13416
13432
13461
13493
13508
13598
13629
13768
13779
13780
13801
13843
14003
14004
14006
14007
14008
14010
14014
14015
14017
14018
14020
14028
14030
14032
14036
14038
14054
14064
14072
14073
14092
14137
14155
14156
14207
14298
14304
14380
14393
14411
14445
14563
14564
14568
14569
14570
14571
14572
14573
14614
14640
14646
14648
14662
14743
14746
14768
14775
14784
14787
14794
14869
14902
14903
14967
14968
14969
14970
14971
14972
14973
14974
14975
14977
14979
14981
14982
14984
14985
14986
14987
14988
14989
14990
14991
14992
14993
14994
15129
15186
15223
15304
15384
15406
15463
15495
15496
15519
15521
15566
15596
15610
15611
15719
15720
15733
15797
15798
15801
15812
15815
15835
15919
15942
15945
16220
16281
16301
16303
16711
16851
17175
17216
17726
18021
18235
18326
18976
18981
18986
18995
18999
19004
19005
19080
19144
19405
19406
19407
19413
19415
19427
19430
19509
19543
19580
19673
19680
19741
19915
19917
19919
19922
19923
19924
19925
19930
19935
19936
19938
19940
19941
19943
19945
19946
20042
20045
20049
20052
20054
20060
20061
20062
20063
20064
20065
20066
20067
20068
20069
20171