13
15
17
36
60
111
112
114
134
135
141
150
154
167
212
217
220
240
267
271
276
278
319
324
348
360
371
388
403
415
418
425
443
454
471
495
498
505
535
561
585
590
599
615
655
676
678
707
726
729
731
748
750
776
802
851
870
880
947
975
983
985
993
994
997
1014
1023
1032
1045
1062
1106
1116
1145
1182
1187
1226
1230
1232
1244
1463
1476
1488
1495
1511
1514
1524
1528
1533
1535
1544
1554
1558
1562
1688
1719
1749
1778
1834
1847
1848
1852
1872
1877
1882
1887
1905
1971
1972
1996
2004
2010
2015
2048
2056
2063
2067
2093
2136
2164
2166
2219
2226
2246
2262
2271
2280
2294
2296
2331
2354
2355
2380
2456
2477
2480
2492
2565
2603
2609
2615
2639
2655
2661
2670
2694
2722
2730
2742
2764
2806
2813
2814
2842
2847
2853
2870
2872
2932
2943
2944
2964
2969
2989
3011
3047
3066
3094
3146
3156
3213
3214
3232
3243
3245
3278
3295
3296
3310
3316
3341
3345
3376
3391
3405
3410
3477
3479
3507
3520
3540
3588
3592
3610
3622
3628
3629
3670
3677
3691
3722
3741
3788
3789
3809
3827
3831
3837
3838
3851
3859
3863
3910
3925
4003
4016
4054
4100
4140
4186
4188
4199
4225
4243
4272
4277
4281
4297
4354
4376
4434
4436
4454
4498
4520
4522
4542
4547
4551
4584
4586
4588
4606
4608
4614
4628
4643
4653
4673
4690
4707
4730
4781
4786
4794
4813
4819
4828
4840
4857
4887
4893
4906
4909
4919
4992
5017
5023
5034
5070
5085
5090
5131
5136
5162
5174
5207
5216
5220
5256
5278
5283
5299
5316
5330
5382
5392
5413
5414
5417
5449
5512
5537
5595
5642
5671
5687
5701
5715
5722
5741
5757
5871
5880
5894
5909
5920
5933
5953
5955
5957
6000
6032
6053
6074
6085
6114
6121
6127
6152
6160
6170
6191
6215
6219
6221
6234
6237
6249
6257
6270
6293
6295
6333
6336
6352
6356
6357
6368
6405
6448
6465
6467
6485
6499
6507
6508
6512
6522
6530
6538
6539
6551
6553
6566
6568
6574
6585
6594
6598
6600
6603
6613
6633
6641
6711
6713
6741
6742
6776
6818
6828
6858
6868
6871
6892
6895
6897
6899
6902
6962
6979
6981
6997
7019
7026
7031
7043
7049
7051
7076
7100
7105
7153
7174
7201
7208
7249
7301
7303
7332
7364
7396
7410
7436
7462
7505
7538
7566
7573
7586
7593
7597
7602
7645
7647
7668
7670
7678
7689
7704
7723
7726
7737
7768
7778
7802
7820
7883
7896
7903
7908
7919
7927
7953
7964
7969
8000
8006
8097
8127
8147
8190
8246
8248
8265
8302
8342
8382
8431
8435
8453
8487
8496
8501
8534
8568
8584
8592
8606
8640
8660
8710
8718
8733
8737
8749
8766
8818
8837
8842
8852
8873
8879
8883
8885
8889
8913
8931
8940
8948
8954
8970
8971
8982
9003
9010
9016
9019
9039
9059
9087
9098
9119
9122
9133
9146
9151
9169
9204
9216
9253
9264
9270
9275
9277
9290
9295
9313
9391
9397
9405
9410
9428
9452
9475
9476
9482
9486
9489
9503
9512
9513
9520
9531
9545
9554
9589
9615
9631
9634
9648
9661
9665
9674
9676
9733
9747
9748
9813
9823
9834
9847
9848
9865
9869
9895
9912
9926
9931
9960
9969
9990
10013
10026
10054
10072
10090
10162
10174
10183
10185
10194
10197
10201
10231
10262
10264
10266
10267
10276
10302
10310
10326
10361
10376
10388
10392
10418
10449
10450
10517
10522
10535
10536
10570
10576