7
21
43
57
65
122
126
174
193
386
405
476
499
513
515
531
574
640
687
716
763
771
810
822
836
937
1088
1090
1107
1108
1114
1209
1255
1262
1288
1378
1388
1390
1400
1444
1475
1512
1534
1563
1600
1628
1632
1646
1738
1745
1782
1785
1802
1804
1881
1886
2003
2038
2065
2089
2167
2170
2188
2204
2214
2235
2273
2310
2342
2363
2414
2460
2509
2524
2560
2678
2721
2783
2788
2884
2886
2893
2912
2930
2967
2979
3083
3097
3137
3141
3150
3163
3179
3247
3262
3344
3381
3385
3453
3465
3547
3668
3683
3746
3964
3972
3997
4068
4124
4250
4304
4337
4351
4378
4458
4466
4573
4589
4697
4703
4757
4763
4770
4824
4871
4879
4888
4894
4900
4921
4926
4967
5022
5033
5042
5059
5066
5075
5084
5101
5152
5183
5282
5287
5349
5396
5515
5558
5644
5693
5742
5853
5922
5943
6012
6031
6047
6120
6137
6139
6196
6210
6253
6325
6328
6385
6403
6445
6472
6543
6552
6638
6650
6667
6794
6816
6841
6860
6874
6922
6995
7004
7021
7038
7144
7157
7198
7287
7351
7392
7400
7504
7610
7625
7660
7718
7923
8081
8109
8112
8117
8141
8170
8229
8236
8310
8351
8355
8383
8409
8456
8467
8484
8512
8538
8544
8565
8649
8765
8783
8785
8790
8936
8967
9004
9021
9026
9057
9118
9176
9243
9281
9363
9418
9449
9538
9673
9692
9699
9712
9789
9862
9922
9925
9974
9980
9999
10024
10037
10064
10081
10089
10186
10204
10220
10225
10229
10258
10263
10296
10473
10484
10518
10567