24
39
94
95
120
121
125
130
224
242
256
261
299
301
311
335
339
382
392
444
465
472
478
494
512
582
595
639
656
688
741
761
787
832
849
863
889
932
933
955
961
989
1048
1058
1060
1065
1096
1121
1176
1179
1186
1195
1199
1201
1204
1220
1228
1231
1246
1249
1254
1273
1334
1338
1389
1413
1430
1516
1523
1538
1593
1612
1640
1653
1671
1689
1696
1697
1709
1727
1733
1798
1870
1892
1927
1945
1956
1981
1987
1991
2001
2014
2016
2036
2064
2083
2092
2106
2143
2144
2229
2268
2270
2291
2292
2295
2329
2378
2452
2461
2464
2473
2481
2482
2498
2501
2522
2559
2570
2585
2588
2599
2600
2607
2619
2626
2647
2665
2667
2672
2724
2728
2732
2741
2749
2753
2771
2782
2789
2795
2796
2802
2827
2878
2882
2900
2987
3077
3079
3100
3108
3114
3127
3130
3133
3143
3148
3198
3215
3223
3229
3231
3241
3312
3318
3336
3342
3361
3368
3404
3411
3413
3421
3422
3472
3478
3509
3523
3530
3551
3583
3594
3597
3637
3644
3672
3714
3717
3756
3767
3771
3773
3778
3784
3798
3817
3818
3865
3866
3877
3912
3916
3932
3958
4012
4024
4029
4032
4065
4070
4076
4088
4090
4134
4154
4165
4176
4177
4178
4183
4253
4270
4278
4291
4300
4342
4357
4370
4437
4444
4450
4461
4467
4473
4489
4490
4569
4574
4582
4592
4597
4611
4625
4669
4691
4695
4735
4742
4768
4775
4777
4793
4817
4822
4837
4863
4872
4920
4935
4948
4969
4977
4983
5045
5046
5049
5115
5124
5134
5171
5173
5184
5212
5215
5245
5341
5375
5381
5383
5405
5418
5420
5459
5473
5477
5479
5519
5576
5580
5604
5617
5622
5660
5682
5685
5699
5709
5730
5748
5751
5773
5822
5829
5831
5873
5881
5888
5912
5926
5936
5939
5945
5948
5956
5996
5999
6006
6013
6021
6052
6062
6066
6107
6168
6175
6241
6248
6267
6271
6275
6302
6327
6335
6341
6343
6354
6355
6369
6378
6387
6393
6415
6451
6468
6491
6505
6557
6582
6584
6612
6631
6656
6657
6684
6718
6763
6764
6772
6811
6815
6824
6839
6848
6851
6870
6877
6885
6886
6890
6923
6943
6952
6989
6998
7036
7054
7112
7130
7140
7161
7197
7202
7243
7264
7267
7268
7290
7300
7308
7372
7380
7416
7420
7457
7465
7476
7478
7533
7544
7558
7588
7629
7632
7659
7679
7692
7774
7779
7784
7805
7841
7869
7917
7928
7958
7978
7994
8071
8077
8108
8161
8171
8194
8234
8270
8276
8286
8292
8293
8298
8301
8339
8370
8426
8471
8475
8494
8499
8522
8536
8554
8582
8589
8591
8593
8630
8634
8642
8696
8721
8779
8784
8792
8827
8831
8833
8882
8892
8937
8946
8974
8988
9012
9022
9035
9058
9077
9136
9137
9208
9238
9266
9293
9303
9305
9334
9358
9400
9425
9427
9498
9521
9573
9580
9600
9610
9613
9629
9642
9667
9749
9754
9843
9881
9886
9903
9908
9924
9935
9962
9965
9976
9985
10015
10045
10061
10073
10075
10076
10084
10096
10111
10115
10117
10148
10172
10184
10221
10226
10247
10287
10295
10317
10332
10451
10459
10465
10501