4
18
22
33
34
45
48
70
72
77
79
81
85
87
99
102
103
119
124
139
144
148
149
153
158
160
165
195
226
230
233
269
274
308
309
320
334
337
344
361
363
383
400
404
406
407
414
416
424
429
442
468
487
489
511
545
546
549
553
554
573
577
584
593
594
600
619
626
630
635
641
646
648
649
650
663
664
673
701
704
709
724
752
760
765
772
783
784
789
792
797
800
813
857
865
869
890
907
909
915
919
944
945
949
960
964
1011
1025
1037
1063
1077
1081
1092
1097
1099
1100
1101
1112
1128
1144
1147
1153
1160
1185
1189
1212
1217
1218
1221
1222
1223
1225
1227
1252
1256
1258
1274
1276
1279
1295
1302
1308
1309
1323
1326
1332
1336
1343
1346
1373
1375
1381
1383
1385
1401
1418
1420
1427
1435
1439
1460
1462
1471
1481
1486
1513
1518
1521
1525
1532
1542
1548
1549
1582
1607
1609
1631
1635
1637
1643
1650
1664
1669
1676
1685
1690
1693
1695
1722
1728
1731
1739
1760
1768
1770
1779
1791
1793
1806
1807
1821
1824
1828
1830
1833
1864
1865
1866
1867
1880
1885
1894
1897
1917
1919
1921
1934
1935
1957
1969
1974
1980
1983
2006
2009
2026
2028
2030
2033
2041
2062
2072
2086
2102
2104
2107
2111
2113
2115
2125
2126
2169
2170
2171
2180
2181
2184
2187
2192
2207
2208
2209
2212
2231
2248
2253
2255
2264
2265
2267
2282
2286
2304
2307
2319
2320
2334
2360
2362
2383
2384
2395
2396
2397
2398
2418
2422
2423
2427
2448
2453
2455
2489
2491
2504
2512
2518
2525
2527
2540
2546
2585
2587
2602
2618
2620
2623
2637
2641
2648
2650
2657
2669
2677
2685
2689
2690
2695
2696
2700
2704
2710
2711
2719
2735
2736
2747
2751
2752
2756
2769
2772
2773
2775
2776
2777
2787
2792
2808
2821
2824
2843
2849
2851
2854
2874
2881
2890
2904
2941
2970
2982
2985
2992
3013
3024
3025
3032
3040
3046
3050
3052
3056
3072
3091
3093
3099
3104
3106
3119
3120
3124
3129
3154
3173
3174
3175
3201
3209
3210
3219
3228
3236
3247
3272
3276
3283
3287
3314
3315
3317
3321
3328
3350
3352
3358
3371
3387
3401
3403
3419
3434
3437
3439
3457
3469
3473
3475
3487
3488
3495
3496
3502
3515
3524
3528
3531
3533
3546
3549
3570
3574
3581
3584
3596
3604
3613
3619
3625
3659
3660
3663
3674
3676
3696
3697
3704
3724
3748
3761
3777
3787
3794
3805
3823
3832
3835
3843
3845
3847
3850
3867
3879
3894
3899
3923
3927
3939
3946
3949
3950
3968
3976
4004
4006
4008
4013
4017
4030
4037
4047
4050
4056
4125
4133
4146
4147
4159
4168
4174
4195
4215
4223
4227
4234
4235
4242
4248
4254
4255
4264
4287
4288
4298
4301
4302
4310
4312
4314
4316
4325
4334
4338
4350
4363
4369
4375
4377
4392
4400
4410
4417
4418
4424
4440
4442
4443
4447
4471
4477
4478
4487
4495
4524
4527
4540
4550
4561
4562
4609
4612
4621
4639
4648
4654
4660
4665
4674
4678
4682
4702
4723
4734
4737
4738
4751
4767
4771
4772
4773
4779
4780
4797
4825
4845
4846
4856
4858
4877
4889
4898
4903
4934
4963
4982
4987
5014
5016
5032
5053
5054
5055
5065
5072
5110
5118
5119
5127
5130
5135
5139
5140
5145
5146
5163
5181
5189
5197
5203
5211
5221
5223
5240
5243
5260
5265
5279
5290
5297
5321
5322
5338
5344
5360
5379
5384
5386
5395
5397
5406
5439
5447
5458
5476
5481
5482
5508
5523
5525
5528
5533
5534
5542
5548
5549
5554
5556
5562
5585
5606
5608
5609
5618
5646
5652
5663
5668
5672
5676
5677
5681
5684
5685
5694
5703
5704
5708
5711
5723
5728
5732
5755
5768
5769
5775
5787
5789
5792
5805
5806
5810
5811
5812
5841
5850
5874
5877
5884
5886
5887
5889
5891
5913
5915
5916
5921
5925
5930
5951
5952
5954
5968
5974
5980
5992
5993
6002
6003
6007
6014
6023
6033
6054
6099
6106
6134
6141
6142
6146
6164
6180
6189
6197
6201
6211
6226
6227
6231
6244
6252
6285
6291
6292
6294
6304
6309
6332
6337
6367
6370
6371
6390
6397
6408
6409
6417
6420
6428
6439
6455
6471
6475
6490
6492
6502
6506
6509
6518
6521
6544
6545
6558
6572
6573
6590
6593
6618
6630
6634
6642
6647
6698
6715
6725
6729
6731
6734
6746
6749
6766
6783
6791
6792
6799
6800
6819
6850
6854
6864
6865
6875
6904
6924
6929
6942
6964
6970
6977
6992
7008
7016
7020
7023
7034
7059
7066
7080
7081
7084
7104
7106
7125
7128
7137
7141
7143
7145
7154
7178
7187
7188
7189
7196
7204
7209
7212
7214
7215
7228
7230
7250
7258
7260
7282
7283
7284
7293
7294
7295
7297
7298
7299
7302
7304
7313
7319
7324
7326
7330
7331
7337
7343
7347
7350
7355
7359
7360
7368
7370
7386
7408
7409
7424
7426
7439
7445
7455
7477
7487
7488
7492
7501
7515
7524
7527
7540
7546
7550
7557
7562
7565
7567
7568
7584
7619
7620
7627
7644
7656
7665
7675
7676
7686
7698
7702
7714
7719
7722
7727
7728
7740
7745
7757
7764
7767
7777
7787
7791
7794
7798
7799
7813
7814
7815
7824
7828
7843
7850
7857
7862
7867
7895
7899
7902
7911
7914
7934
7938
7939
7951
7957
7982
7983
7985
8028
8040
8046
8051
8056
8058
8070
8091
8095
8103
8106
8126
8146
8158
8165
8187
8195
8215
8220
8240
8242
8255
8259
8261
8262
8263
8269
8274
8283
8285
8287
8290
8306
8315
8321
8335
8343
8363
8375
8376
8385
8388
8395
8399
8403
8418
8423
8428
8437
8439
8443
8445
8447
8466
8476
8478
8482
8493
8502
8507
8511
8514
8521
8524
8531
8540
8541
8553
8560
8561
8564
8588
8602
8609
8610
8621
8626
8632
8638
8644
8648
8655
8658
8692
8693
8745
8751
8762
8763
8777
8778
8782
8789
8796
8804
8809
8844
8864
8875
8876
8902
8920
8925
8928
8930
8941
8976
8980
8983
8988
8991
8996
8998
8999
9023
9029
9036
9037
9061
9084
9106
9107
9131
9148
9155
9159
9175
9192
9214
9222
9241
9245
9259
9261
9272
9279
9286
9296
9307
9315
9319
9329
9334
9338
9339
9340
9343
9356
9369
9385
9398
9404
9413
9421
9436
9455
9466
9470
9472
9473
9477
9494
9495
9496
9500
9505
9516
9539
9543
9551
9558
9566
9567
9571
9575
9576
9585
9590
9625
9651
9652
9663
9669
9684
9685
9695
9705
9707
9721
9752
9763
9796
9806
9836
9844
9876
9890
9892
9893
9896
9934
9938
9954
9957
9961
9963
9968
9973
9978
9989
9993
10019
10020
10025
10028
10036
10051
10057
10063
10065
10091
10112
10129
10131
10146
10169
10182
10188
10190
10196
10199
10206
10210
10214
10227
10235
10240
10251
10265
10268
10288
10297
10313
10320
10333
10344
10346
10366
10379
10381
10387
10390
10394
10395
10422
10430
10431
10439
10456
10458
10461
10469
10479
10487
10488
10489
10500
10524
10526
10529
10532
10533
10543