23
52
97
100
142
146
197
243
285
315
345
355
398
448
491
603
618
633
642
651
665
711
774
785
804
823
827
842
848
852
853
861
864
866
872
884
929
936
948
957
1038
1050
1079
1109
1131
1135
1143
1154
1174
1236
1238
1240
1259
1300
1320
1325
1350
1352
1357
1368
1398
1433
1456
1477
1510
1556
1559
1577
1654
1680
1734
1742
1774
1783
1784
1800
1809
1845
1889
1896
1907
1995
2134
2167
2194
2206
2220
2230
2313
2317
2328
2341
2345
2387
2425
2440
2500
2569
2608
2643
2652
2654
2659
2701
2739
2755
2773
2778
2784
2800
2817
2826
2834
2868
2892
2905
2909
2939
2956
2966
2972
2993
2995
3030
3084
3095
3102
3116
3118
3134
3160
3184
3194
3206
3218
3239
3255
3305
3323
3360
3362
3364
3374
3380
3396
3435
3444
3516
3554
3589
3616
3626
3679
3684
3686
3692
3712
3745
3747
3753
3764
3766
3770
3855
3880
3913
3945
3959
3963
3973
3980
3994
4028
4031
4039
4066
4075
4077
4094
4128
4136
4206
4213
4218
4240
4261
4275
4307
4313
4335
4380
4393
4394
4439
4453
4482
4499
4504
4519
4556
4615
4651
4722
4724
4764
4852
4875
4895
4897
4932
4952
4980
5006
5010
5064
5066
5092
5156
5165
5202
5237
5241
5274
5285
5303
5312
5313
5324
5336
5409
5426
5475
5559
5568
5574
5601
5611
5632
5633
5648
5656
5695
5736
5849
5854
5858
5903
5917
5981
6034
6036
6040
6043
6045
6057
6080
6088
6089
6109
6111
6118
6159
6200
6208
6233
6265
6311
6445
6447
6456
6470
6496
6540
6576
6595
6615
6680
6710
6745
6753
6758
6767
6834
6838
6853
6862
6894
6921
6931
6937
6945
6947
6948
6978
6983
6991
7002
7067
7074
7124
7144
7147
7148
7158
7165
7167
7207
7217
7288
7307
7323
7349
7353
7356
7358
7439
7441
7446
7466
7494
7535
7549
7552
7556
7559
7572
7582
7598
7606
7628
7646
7651
7680
7701
7706
7715
7743
7846
7870
7894
7947
7967
8035
8065
8099
8101
8123
8175
8188
8209
8210
8211
8222
8245
8318
8324
8361
8389
8390
8424
8450
8466
8474
8495
8513
8546
8566
8590
8595
8662
8664
8666
8670
8697
8711
8712
8768
8770
8828
8841
8874
8895
8972
8978
9067
9069
9116
9142
9149
9156
9189
9200
9298
9337
9344
9350
9377
9380
9383
9384
9396
9433
9485
9488
9507
9609
9626
9656
9691
9800
9801
9812
9820
9879
9898
9917
9950
9956
9975
10041
10066
10069
10100
10107
10141
10157
10188
10239
10248
10325
10338
10380
10403
10424
10425
10480
10499
10509
10511
10534
10546
10548
10551
10571