2
5
14
53
55
136
178
214
216
221
307
323
328
347
365
368
369
377
506
551
552
566
567
581
583
592
601
605
643
658
666
672
715
728
739
747
755
798
803
807
811
820
830
874
875
881
900
911
925
962
967
1024
1027
1028
1064
1118
1133
1146
1156
1161
1167
1196
1203
1211
1219
1265
1304
1328
1329
1331
1362
1363
1402
1404
1409
1416
1442
1449
1453
1454
1478
1499
1507
1526
1541
1579
1588
1594
1623
1649
1663
1667
1683
1710
1718
1743
1747
1750
1754
1805
1819
1843
1846
1918
1924
1942
1959
1973
2068
2075
2100
2108
2131
2138
2140
2190
2199
2213
2251
2302
2312
2424
2432
2436
2438
2470
2487
2523
2574
2591
2604
2605
2624
2625
2664
2671
2679
2697
2729
2799
2807
2863
2883
2898
2899
2917
2919
2921
2965
2980
2990
2996
3029
3041
3060
3073
3101
3144
3187
3192
3199
3235
3269
3291
3298
3333
3382
3383
3412
3417
3433
3484
3494
3498
3505
3519
3548
3568
3595
3638
3687
3702
3726
3779
3826
3875
3881
3906
3924
3954
4086
4114
4151
4158
4169
4203
4225
4324
4343
4379
4398
4413
4416
4469
4484
4494
4530
4575
4595
4617
4655
4776
4814
4836
4866
4876
4905
4913
4936
4964
4996
4998
5039
5053
5058
5069
5071
5108
5112
5133
5138
5166
5185
5193
5238
5249
5263
5307
5317
5319
5351
5378
5380
5387
5390
5412
5419
5423
5452
5461
5487
5504
5529
5587
5607
5625
5630
5647
5678
5690
5710
5737
5740
5778
5815
5824
5861
5895
5899
5901
5918
5919
5963
6010
6059
6104
6138
6143
6167
6184
6198
6209
6222
6254
6255
6280
6312
6334
6340
6441
6446
6452
6453
6586
6588
6591
6620
6627
6652
6712
6716
6740
6747
6760
6780
6800
6814
6845
6863
6901
6920
6933
6954
6994
6996
7030
7056
7057
7097
7111
7139
7166
7183
7206
7240
7263
7281
7305
7320
7338
7348
7363
7418
7458
7472
7474
7479
7486
7495
7528
7561
7609
7612
7672
7681
7736
7754
7762
7790
7795
7797
7830
7835
7839
7874
7877
7918
7950
7968
7990
8074
8082
8087
8113
8140
8151
8199
8202
8218
8226
8241
8254
8257
8272
8275
8279
8321
8380
8402
8404
8406
8411
8421
8432
8469
8470
8488
8527
8529
8558
8563
8605
8623
8629
8679
8681
8714
8724
8774
8793
8798
8812
8836
8845
8871
8894
8969
8973
8997
9049
9065
9080
9082
9086
9092
9100
9101
9129
9132
9152
9188
9218
9251
9301
9309
9322
9332
9355
9364
9365
9372
9374
9380
9389
9403
9417
9457
9467
9493
9541
9568
9596
9601
9606
9657
9658
9683
9687
9714
9723
9739
9767
9803
9860
9867
9885
9887
9911
9940
9946
9951
9966
9996
9997
10033
10099
10110
10152
10270
10274
10285
10321
10327
10341
10357
10421
10437
10470
10512
10514
10547
10568