0
5
8
9
10
14
20
22
23
26
31
32
34
46
47
49
50
51
53
54
55
57
64
65
69
71
72
73
75
85
89
90
91
92
95
96
100
105
106
108
109
110
113
115
120
121
123
129
130
138
140
148
153
158
161
168
169
170
171
175
178
180
181
182
184
190
192
199
201
202
203
207
214
218
221
224
225
226
231
236
238
239
242
248
251
252
254
257
259
261
263
277
280
283
284
285
286
287
292
293
295
296
297
299
300
301
307
309
316
322
323
328
329
330
331
332
335
336
338
339
340
341
345
352
361
368
369
377
379
380
381
387
392
393
402
403
410
412
417
423
429
432
434
435
437
438
439
441
446
449
450
453
456
458
459
463
465
466
473
477
486
491
492
496
501
503
509
511
512
514
515
516
522
527
528
534
536
537
540
541
542
543
545
547
550
551
552
553
555
562
563
564
566
570
571
573
579
580
587
588
591
592
595
597
598
599
600
603
605
606
608
610
611
614
616
618
622
625
626
627
629
633
635
637
638
639
642
644
645
651
652
654
659
662
665
666
668
670
677
682
683
686
689
691
693
697
698
702
705
709
710
712
713
714
715
717
718
719
721
722
730
732
733
740
743
744
745
749
753
754
759
762
764
768
771
773
774
778
779
780
785
786
787
790
791
792
794
795
798
805
806
809
813
814
827
829
831
837
838
840
842
844
849
850
851
852
855
860
863
866
867
871
873
876
881
885
886
887
893
894
895
897
902
908
909
910
911
913
916
918
920
921
924
926
933
938
941
943
944
952
953
954
955
959
966
969
971
974
978
980
981
982
984
986
987
990
991
999
1002
1004
1006
1013
1016
1017
1022
1023
1024
1027
1028
1029
1033
1035
1036
1041
1044
1046
1048
1049
1050
1052
1053
1054
1056
1057
1058
1059
1061
1063
1064
1065
1069
1071
1073
1074
1075
1076
1077
1079
1085
1087
1090
1091
1092
1094
1095
1096
1099
1101
1102
1104
1107
1110
1115
1119
1120
1121
1122
1123
1125
1127
1128
1129
1130
1133
1134
1135
1136
1139
1143
1146
1149
1156
1157
1161
1163
1165
1169
1170
1171
1176
1179
1184
1185
1188
1191
1194
1196
1202
1203
1204
1217
1219
1220
1223
1227
1231
1234
1235
1236
1237
1240
1247
1254
1257
1258
1265
1268
1269
1271
1272
1274
1275
1280
1281
1283
1284
1285
1291
1293
1294
1296
1297
1298
1304
1307
1314
1315
1317
1318
1319
1320
1322
1324
1325
1327
1329
1331
1335
1337
1338
1342
1350
1355
1357
1358
1360
1362
1363
1366
1368
1369
1374
1375
1376
1380
1381
1384
1386
1387
1388
1390
1394
1398
1402
1403
1404
1405
1407
1409
1411
1415
1416
1422
1425
1426
1429
1434
1438
1442
1446
1448
1452
1455
1457
1459
1461
1464
1465
1468
1469
1470
1473
1477
1478
1479
1483
1484
1487
1489
1494
1498
1499
1500
1505
1507
1509
1510
1515
1516
1517
1518
1519
1520
1521
1522
1525
1526
1530
1531
1533
1537
1538
1542
1551
1552
1556
1559
1565
1567
1571
1575
1577
1581
1587
1588
1589
1590
1592
1596
1597
1598
1600
1603
1610
1611
1612
1614
1615
1617
1619
1620
1623
1624
1625
1626
1634
1636
1638
1639
1640
1641
1642
1645
1663
1664
1666
1672
1673
1674
1676
1678
1679
1680
1683
1696
1697
1698
1703
1704
1706
1717
1724
1725
1726
1727
1728
1730
1732
1734
1736
1740
1744
1747
1751
1756
1758
1759
1762
1765
1766
1773
1779
1780
1784
1789
1792
1797
1799
1805
1816
1818
1819
1820
1825
1836
1838
1842
1844
1847
1849
1853
1856
1859
1861
1869
1871
1873
1874
1876
1880
1882
1883
1884
1888
1889
1890
1891
1894
1899
1904
1908
1916
1919
1920
1926
1927
1928
1931
1932
1935
1938
1939
1942
1943
1945
1947
1949
1951
1952
1953
1955
1956
1958
1959
1964
1965
1966
1967
1969
1970
1973
1974
1979
1981
1985
1986
1991
1992
1993
1995
2005
2007
2009
2011
2021
2023
2036
2039
2040
2043
2044
2047
2049
2055
2057
2058
2060
2061
2062
2064
2065
2069
2075
2078
2079
2080
2081
2083
2084
2087
2088
2089
2090
2092
2094
2096
2097
2099
2105
2106
2109
2110
2112
2116
2118
2119
2121
2126
2127
2130
2134
2135
2137
2138
2140
2141
2143
2145
2146
2153
2154
2156
2159
2163
2164
2165
2166
2167
2168
2172
2173
2174
2175
2176
2180
2181
2182
2191
2194
2196
2199
2204
2206
2210
2212
2213
2215
2216
2217
2218
2220
2222
2223
2224
2225
2228
2232
2234
2236
2239
2241
2244
2245
2247
2248
2249
2250
2252
2258
2263
2266
2270
2271
2275
2279
2281
2284
2286
2287
2289
2291
2292
2296
2297
2299
2300
2302
2304
2312
2316
2317
2318
2319
2320
2322
2327
2329
2332
2335
2336
2337
2341
2345
2346
2347
2348
2349
2350
2353
2356
2357
2358
2359
2363
2367
2372
2373
2374
2377
2378
2379
2382
2388
2389
2390
2391
2398
2399
2401
2402
2405
2406
2411
2412
2416
2417
2419
2420
2421
2425
2426
2428
2430
2432
2436
2437
2443
2444
2445
2446
2447
2449
2450
2451
2452
2453
2454
2464
2467
2470
2471
2473
2475
2481
2484
2486
2487
2489
2492
2493
2495
2496
2497
2498
2501
2502
2505
2506
2512
2513
2514
2516
2518
2520
2521
2526
2532
2534
2537
2544
2549
2551
2552
2554
2556
2561
2566
2567
2568
2571
2573
2574
2575
2576
2578
2579
2581
2582
2588
2595
2596
2597
2599
2605
2608
2613
2614
2616
2617
2618
2620
2621
2624
2625
2627
2629
2634
2638
2648
2650
2654
2655
2656
2659
2664
2672
2673
2679
2680
2684
2686
2688
2692
2695
2696
2697
2698
2703
2705
2706
2708
2711
2717
2718
2724
2725
2726
2727
2729
2731
2736
2737
2740
2741
2748
2749
2753
2757
2758
2759
2766
2773
2775
2776
2778
2789
2791
2793
2794
2796
2799
2801
2802
2803
2805
2806
2811
2820
2822
2823
2825
2826
2828
2830
2831
2848
2850
2855
2857
2861
2862
2863
2864
2865
2866
2868
2869
2875
2880
2881
2883
2885
2898
2899
2903
2906
2907
2914
2916
2917
2918
2921
2926
2927
2931
2935
2939
2940
2941
2945
2947
2948
2950
2951
2953
2954
2956
2957
2965
2971
2972
2973
2974
2977
2983
2987
2992
2994
2995
2996
3001
3005
3006
3007
3009
3011
3013
3014
3015
3018
3024
3028
3029
3033
3043
3048
3052
3057
3058
3065
3070
3075
3076
3079
3080
3088
3089
3090
3091
3095
3097
3098
3100
3103
3105
3106
3108
3110
3113
3114
3116
3117
3126
3130
3131
3133
3135
3138
3142
3143
3144
3145
3148
3150
3151
3155
3157
3159
3164
3165
3168
3170
3173
3182
3183
3186
3187
3188
3190
3191
3193
3195
3197
3199
3200
3203
3205
3207
3212
3215
3220
3223
3226
3227
3231
3235
3238
3240
3242
3244
3245
3248
3249
3253
3254
3256
3257
3258
3262
3263
3266
3269
3270
3275
3276
3280
3283
3285
3289
3291
3297
3298
3299
3300
3302
3303
3304
3307
3313
3318
3319
3322
3323
3325
3330
3331
3332
3334
3336
3337
3338
3339
3340
3343
3346
3347
3355
3357
3359
3360
3362
3363
3368
3383
3386
3391
3392
3398
3400
3401
3406
3413
3416
3417
3421
3422
3424
3425
3428
3429
3430
3433
3436
3444
3448
3449
3453
3454
3455
3456
3459
3460
3463
3464
3469
3470
3472
3475
3478
3480
3482
3485
3491
3494
3497
3498
3500
3501
3504
3509
3510
3511
3512
3514
3516
3518
3519
3520
3521
3524
3526
3527
3528
3531
3532
3536
3537
3542
3545
3551
3553
3554
3555
3559
3566
3568
3570
3571
3572
3573
3576
3577
3579
3580
3582
3584
3586
3594
3595
3597
3606
3609
3614
3615
3616
3618
3626
3627
3630
3633
3634
3638
3643
3644
3647
3650
3651
3654
3660
3666
3667
3671
3679
3680
3692
3693
3695
3697
3698
3703
3704
3709
3710
3714
3715
3716
3717
3718
3720
3723
3725
3726
3727
3729
3730
3733
3735
3738
3739
3743
3744
3745
3747
3749
3750
3751
3756
3758
3759
3762
3766
3768
3771
3772
3774
3775
3780
3783
3784
3785
3790
3794
3796
3797
3798
3800
3803
3807
3810
3813
3816
3821
3824
3826
3828
3832
3835
3839
3842
3843
3844
3848
3849
3850
3855
3857
3864
3869
3870
3871
3875
3876
3877
3881
3883
3884
3886
3888
3889
3890
3895
3900
3902
3907
3908
3909
3911
3912
3914
3916
3918
3929
3932
3935
3941
3945
3947
3951
3956
3957
3958
3961
3962
3966
3967
3970
3975
3977
3978
3981
3982
3983
3985
3991
3993
3994
3999
4002
4007
4013
4014
4015
4019
4020
4026
4028
4029
4030
4033
4035
4038
4039
4043
4045
4048
4049
4051
4053
4056
4063
4064
4065
4066
4068
4069
4071
4072
4075
4077
4079
4080
4081
4083
4086
4087
4090
4101
4106
4109
4114
4120
4124
4127
4129
4131
4132
4134
4135
4136
4138
4139
4143
4145
4150
4151
4157
4158
4160
4161
4162
4165
4173
4177
4178
4179
4183
4184
4187
4192
4196
4198
4200
4201
4205
4206
4208
4211
4214
4216
4218
4219
4220
4225
4231
4232
4237
4239
4240
4244
4245
4247
4253
4258
4259
4260
4262
4265
4266
4270
4275
4278
4279
4280
4282
4284
4285
4286
4287
4289
4290
4291
4293
4296
4299
4307
4308
4309
4311
4316
4317
4323
4324
4327
4334
4340
4341
4345
4346
4347
4350
4362
4365
4366
4367
4369
4371
4372
4374
4381
4382
4383
4384
4385
4388
4389
4391
4395
4397
4398
4401
4410
4411
4412
4413
4422
4423
4424
4425
4431
4432
4439
4440
4443
4445
4449
4450
4452
4453
4454
4457
4459
4463
4464
4465
4467
4470
4474
4475
4476
4477
4481
4482
4484
4487
4489
4491
4494
4498
4501
4502
4505
4506
4512
4517
4520
4521
4524
4526
4529
4530
4536
4543
4545
4546
4552
4553
4556
4557
4558
4560
4561
4563
4564
4565
4567
4569
4571
4577
4578
4579
4580
4582
4587
4590
4592
4594
4596
4597
4604
4611
4615
4618
4619
4623
4624
4625
4626
4629
4632
4638
4640
4641
4642
4647
4648
4649
4650
4654
4655
4656
4661
4663
4665
4666
4668
4670
4675
4676
4682
4686
4687
4698
4701
4706
4710
4711
4712
4715
4716
4717
4718
4719
4720
4721
4724
4729
4731
4732
4735
4739
4740
4747
4749
4754
4761
4762
4764
4768
4769
4770
4777
4779
4783
4788
4791
4795
4796
4799
4802
4806
4807
4810
4811
4815
4822
4823
4824
4827
4829
4832
4833
4838
4839
4842
4843
4848
4852
4859
4860
4861
4862
4865
4866
4868
4869
4880
4881
4883
4884
4886
4890
4891
4892
4894
4902
4906
4907
4910
4911
4914
4917
4920
4922
4928
4930
4933
4935
4936
4939
4941
4948
4952
4956
4958
4961
4964
4965
4966
4971
4974
4975
4976
4980
4985
4986
4989
4991
4993
4994
4995
4996
4997
5006
5008
5009
5013
5021
5024
5026
5028
5029
5030
5033
5036
5037
5039
5040
5041
5045
5046
5047
5051
5052
5056
5058
5062
5064
5068
5074
5081
5082
5083
5087
5092
5096
5100
5108
5116
5120
5121
5123
5129
5134
5143
5145
5147
5150
5154
5155
5158
5164
5166
5167
5171
5182
5184
5186
5193
5195
5199
5200
5202
5205
5206
5208
5210
5213
5214
5217
5218
5221
5223
5228
5234
5236
5237
5238
5243
5244
5246
5248
5250
5251
5253
5255
5258
5262
5265
5266
5270
5271
5272
5274
5276
5288
5289
5292
5295
5300
5301
5302
5303
5304
5305
5307
5309
5310
5311
5313
5314
5317
5323
5325
5327
5328
5332
5333
5335
5340
5341
5346
5347
5348
5350
5351
5354
5356
5358
5361
5365
5366
5370
5371
5372
5375
5378
5380
5383
5386
5387
5388
5390
5393
5408
5409
5410
5412
5413
5415
5417
5418
5420
5421
5428
5431
5437
5444
5446
5455
5458
5460
5463
5466
5467
5469
5470
5473
5475
5477
5481
5483
5484
5485
5487
5488
5490
5492
5495
5499
5504
5505
5508
5509
5514
5518
5521
5522
5525
5530
5536
5538
5539
5544
5548
5550
5552
5556
5557
5566
5569
5570
5571
5572
5573
5575
5576
5578
5579
5580
5589
5591
5592
5598
5599
5604
5605
5607
5608
5615
5617
5619
5622
5623
5625
5627
5628
5630
5631
5634
5637
5638
5639
5641
5643
5647
5649
5657
5658
5664
5667
5673
5681
5682
5683
5688
5690
5693
5695
5696
5700
5705
5710
5713
5717
5718
5721
5724
5730
5735
5736
5738
5739
5740
5743
5744
5746
5751
5752
5756
5758
5759
5761
5763
5765
5766
5770
5776
5777
5778
5779
5781
5782
5784
5785
5786
5789
5790
5793
5795
5796
5798
5801
5802
5808
5809
5822
5824
5827
5832
5833
5835
5838
5842
5843
5846
5853
5860
5862
5863
5864
5866
5867
5879
5882
5885
5889
5890
5891
5893
5899
5901
5910
5912
5914
5918
5929
5932
5934
5938
5941
5942
5945
5946
5948
5949
5959
5960
5965
5969
5970
5972
5977
5978
5979
5986
5989
5991
5996
5997
5999
6005
6006
6008
6009
6011
6016
6018
6019
6020
6022
6024
6031
6034
6035
6040
6042
6043
6044
6046
6051
6052
6059
6061
6065
6068
6070
6073
6074
6075
6076
6077
6078
6080
6081
6084
6087
6090
6091
6092
6094
6095
6110
6112
6113
6114
6119
6125
6130
6131
6135
6141
6145
6146
6147
6148
6151
6153
6155
6157
6159
6160
6161
6163
6165
6167
6168
6172
6175
6176
6178
6179
6186
6190
6193
6195
6198
6200
6202
6203
6207
6208
6214
6217
6218
6219
6222
6224
6237
6241
6247
6250
6254
6256
6262
6263
6264
6267
6268
6269
6271
6272
6275
6276
6277
6278
6281
6282
6287
6288
6289
6290
6297
6301
6302
6308
6309
6310
6312
6313
6314
6316
6318
6322
6323
6324
6330
6331
6334
6338
6341
6342
6346
6349
6351
6353
6354
6356
6361
6362
6363
6365
6369
6370
6374
6375
6376
6378
6380
6382
6383
6384
6391
6394
6400
6401
6407
6411
6415
6420
6421
6422
6425
6426
6427
6429
6433
6442
6443
6445
6447
6449
6450
6451
6453
6454
6455
6460
6468
6470
6473
6476
6478
6481
6498
6500
6506
6509
6513
6517
6519
6520
6521
6524
6526
6534
6535
6540
6548
6550
6562
6564
6567
6571
6576
6577
6578
6580
6581
6584
6586
6588
6589
6596
6599
6601
6604
6608
6612
6618
6619
6626
6627
6628
6635
6639
6643
6645
6646
6654
6656
6659
6662
6667
6668
6670
6671
6675
6678
6682
6684
6686
6695
6699
6702
6703
6707
6709
6710
6712
6713
6716
6717
6719
6723
6724
6728
6730
6731
6736
6740
6741
6743
6745
6753
6755
6758
6759
6760
6763
6773
6780
6786
6787
6788
6789
6792
6793
6795
6797
6800
6805
6808
6809
6810
6811
6814
6820
6824
6825
6826
6827
6829
6832
6834
6837
6839
6843
6844
6846
6847
6849
6851
6853
6857
6859
6861
6863
6867
6869
6870
6877
6879
6882
6883
6885
6886
6890
6901
6902
6909
6914
6924
6926
6927
6933
6937
6941
6945
6947
6948
6949
6955
6957
6958
6959
6960
6966
6973
6982
6984
6985
6987
6988
6989
6991
6994
6996
7000
7001
7005
7006
7007
7009
7010
7015
7018
7024
7028
7031
7033
7034
7036
7043
7044
7045
7047
7048
7052
7055
7056
7061
7063
7064
7065
7067
7071
7074
7079
7086
7087
7088
7090
7092
7093
7094
7096
7097
7101
7108
7110
7114
7117
7120
7123
7127
7130
7131
7135
7136
7138
7139
7145
7147
7148
7149
7150
7153
7154
7158
7159
7164
7169
7172
7180
7184
7190
7191
7199
7201
7202
7206
7219
7220
7224
7225
7231
7233
7235
7237
7238
7239
7240
7241
7242
7243
7244
7245
7247
7248
7252
7255
7261
7267
7268
7276
7279
7280
7281
7288
7289
7292
7301
7305
7307
7308
7309
7310
7311
7313
7315
7317
7320
7325
7326
7328
7334
7335
7338
7340
7344
7345
7348
7349
7353
7356
7358
7359
7361
7362
7367
7369
7371
7373
7374
7375
7377
7383
7386
7387
7389
7390
7391
7392
7397
7398
7401
7402
7403
7405
7406
7407
7413
7414
7416
7418
7421
7426
7427
7429
7433
7434
7437
7438
7439
7440
7441
7443
7444
7447
7451
7452
7456
7457
7459
7460
7461
7463
7471
7472
7473
7479
7480
7485
7486
7494
7495
7496
7497
7499
7500
7502
7506
7511
7513
7514
7516
7517
7523
7525
7528
7530
7531
7533
7534
7535
7543
7544
7546
7548
7551
7552
7554
7555
7561
7562
7564
7567
7568
7570
7573
7580
7588
7590
7598
7606
7607
7608
7609
7610
7612
7616
7617
7626
7629
7630
7632
7633
7636
7637
7639
7641
7642
7643
7648
7651
7655
7658
7659
7662
7663
7664
7667
7669
7672
7680
7681
7682
7686
7690
7695
7697
7701
7707
7708
7709
7710
7715
7717
7727
7734
7735
7746
7748
7749
7750
7751
7755
7760
7761
7770
7772
7773
7775
7776
7779
7782
7784
7786
7789
7790
7791
7792
7797
7800
7805
7806
7808
7811
7812
7816
7822
7826
7827
7830
7832
7835
7838
7839
7840
7842
7846
7849
7854
7856
7859
7863
7866
7868
7869
7872
7874
7875
7878
7879
7882
7884
7889
7891
7892
7904
7905
7909
7910
7912
7914
7916
7917
7920
7928
7929
7930
7932
7935
7940
7942
7943
7944
7946
7949
7950
7956
7963
7967
7968
7975
7976
7977
7978
7987
7989
7990
7991
7992
7997
7999
8001
8005
8006
8009
8010
8012
8014
8019
8024
8026
8030
8033
8034
8035
8038
8039
8041
8044
8045
8047
8048
8050
8051
8052
8054
8060
8061
8064
8065
8068
8075
8076
8079
8080
8087
8092
8094
8095
8098
8100
8101
8103
8104
8110
8113
8114
8115
8118
8121
8123
8124
8128
8134
8136
8137
8138
8144
8151
8152
8153
8155
8159
8162
8164
8167
8171
8172
8173
8174
8175
8180
8181
8182
8184
8191
8193
8194
8196
8198
8199
8201
8208
8209
8212
8214
8215
8218
8222
8223
8226
8227
8234
8236
8238
8239
8241
8242
8244
8245
8247
8248
8249
8251
8254
8255
8256
8257
8259
8261
8266
8267
8270
8271
8272
8276
8277
8278
8279
8280
8281
8284
8286
8294
8295
8296
8298
8301
8303
8306
8311
8315
8321
8325
8326
8330
8334
8335
8337
8345
8346
8347
8348
8356
8358
8360
8361
8362
8363
8364
8369
8370
8384
8386
8387
8388
8389
8392
8395
8397
8398
8399
8400
8401
8402
8404
8408
8409
8411
8412
8413
8415
8421
8422
8424
8426
8427
8430
8438
8444
8447
8448
8449
8451
8452
8454
8455
8457
8462
8463
8464
8469
8474
8485
8486
8491
8492
8494
8495
8503
8505
8509
8513
8515
8516
8525
8528
8529
8531
8543
8548
8550
8554
8555
8556
8560
8563
8565
8566
8569
8571
8578
8579
8585
8587
8590
8591
8593
8596
8597
8598
8604
8607
8611
8615
8616
8617
8618
8619
8621
8623
8627
8629
8632
8639
8643
8645
8652
8654
8655
8662
8664
8667
8671
8674
8679
8680
8681
8685
8687
8689
8695
8697
8699
8700
8706
8708
8709
8711
8712
8714
8715
8716
8719
8722
8730
8735
8736
8739
8740
8744
8747
8750
8752
8754
8755
8760
8761
8764
8765
8767
8769
8775
8789
8794
8802
8803
8804
8806
8813
8816
8818
8820
8822
8823
8824
8825
8827
8828
8830
8832
8833
8834
8836
8838
8839
8845
8846
8847
8849
8851
8858
8869
8883
8884
8886
8890
8892
8894
8896
8901
8907
8908
8910
8922
8923
8926
8929
8930
8933
8934
8944
8945
8946
8947
8952
8954
8956
8960
8963
8964
8968
8969
8973
8974
8978
8979
8981
8983
8984
8987
8994
8997
8999
9000
9005
9006
9007
9009
9011
9013
9014
9015
9018
9019
9020
9025
9027
9028
9030
9033
9038
9040
9044
9045
9049
9050
9053
9055
9061
9064
9065
9067
9068
9069
9070
9073
9074
9076
9080
9086
9093
9094
9096
9101
9102
9103
9108
9110
9116
9117
9118
9124
9128
9129
9134
9137
9141
9144
9147
9150
9152
9153
9154
9160
9164
9166
9169
9177
9180
9182
9183
9188
9189
9191
9194
9196
9197
9199
9201
9203
9205
9206
9210
9211
9213
9221
9222
9225
9226
9228
9229
9234
9238
9239
9243
9250
9255
9256
9259
9266
9267
9272
9274
9280
9282
9286
9287
9289
9294
9296
9297
9303
9307
9309
9314
9316
9321
9322
9323
9326
9327
9328
9333
9335
9341
9342
9345
9346
9348
9350
9353
9355
9356
9359
9361
9365
9366
9367
9368
9372
9373
9374
9377
9381
9383
9388
9392
9399
9400
9401
9402
9404
9409
9411
9412
9414
9415
9424
9426
9429
9431
9433
9436
9437
9438
9440
9441
9445
9447
9448
9451
9453
9454
9456
9460
9462
9463
9464
9465
9466
9467
9478
9483
9484
9488
9491
9504
9507
9508
9509
9518
9519
9528
9529
9532
9534
9535
9536
9537
9541
9544
9546
9548
9549
9551
9553
9556
9560
9561
9562
9565
9566
9572
9577
9580
9581
9583
9584
9588
9591
9592
9594
9602
9608
9609
9611
9613
9614
9618
9619
9623
9626
9629
9633
9643
9645
9646
9649
9650
9651
9657
9659
9662
9668
9671
9672
9677
9680
9682
9683
9687
9688
9689
9690
9693
9694
9695
9696
9699
9700
9702
9711
9716
9717
9719
9723
9724
9726
9731
9734
9735
9739
9741
9742
9745
9746
9749
9752
9753
9755
9756
9757
9758
9765
9767
9768
9769
9774
9775
9780
9784
9785
9791
9793
9795
9796
9797
9798
9800
9801
9803
9804
9805
9807
9812
9814
9815
9816
9817
9820
9822
9826
9828
9833
9838
9841
9845
9846
9848
9849
9851
9857
9858
9862
9865
9868
9872
9874
9875
9879
9881
9883
9884
9885
9886
9889
9896
9897
9898
9903
9905
9906
9907
9908
9909
9910
9911
9913
9916
9918
9921
9923
9927
9928
9929
9937
9939
9943
9944
9946
9952
9953
9955
9956
9957
9962
9964
9970
9971
9972
9975
9977
9980
9985
9986
9989
9990
9992
9995
9998
10001
10004
10005
10006
10007
10018
10025
10026
10031
10032
10033
10035
10038
10039
10042
10045
10047
10048
10050
10051
10056
10058
10061
10066
10067
10070
10073
10075
10079
10080
10084
10086
10087
10092
10099
10102
10104
10106
10107
10115
10125
10128
10131
10132
10134
10135
10136
10138
10139
10141
10142
10144
10147
10149
10156
10157
10160
10167
10171
10172
10175
10176
10177
10184
10187
10192
10193
10195
10196
10197
10202
10205
10208
10211
10213
10216
10217
10226
10229
10230
10234
10235
10238
10239
10240
10241
10242
10244
10245
10249
10251
10253
10254
10255
10256
10259
10261
10269
10270
10271
10272
10273
10276
10282
10283
10284
10285
10287
10289
10293
10298
10300
10301
10307
10311
10315
10321
10324
10327
10328
10336
10338
10342
10348
10351
10352
10356
10358
10365
10369
10370
10371
10372
10373
10375
10378
10380
10391
10393
10402
10406
10407
10408
10410
10412
10419
10424
10425
10433
10436
10437
10438
10439
10446
10447
10458
10459
10460
10462
10463
10464
10465
10466
10467
10469
10470
10472
10473
10474
10477
10478
10480
10481
10485
10486
10491
10492
10495
10496
10499
10501
10502
10503
10505
10507
10509
10511
10512
10514
10519
10520
10523
10525
10528
10534
10540
10542
10545
10550
10552
10553
10554
10558
10559
10563
10564
10568
10572
10574
10575
10578
10579
10581