8
18
25
39
54
63
66
93
101
110
118
145
182
189
192
207
223
302
333
335
346
351
373
376
390
450
472
492
508
583
593
607
636
656
657
671
684
695
737
739
741
742
754
818
830
832
854
883
956
965
989
1009
1022
1065
1112
1121
1129
1132
1138
1142
1199
1206
1246
1257
1270
1289
1338
1341
1405
1424
1435
1444
1490
1503
1522
1539
1568
1584
1585
1587
1596
1612
1619
1636
1647
1648
1651
1653
1671
1710
1734
1757
1762
1770
1793
1806
1823
1830
1868
1870
1877
1901
1914
1924
1926
1989
2023
2025
2036
2059
2070
2072
2099
2105
2109
2147
2153
2198
2202
2216
2234
2249
2298
2352
2359
2366
2372
2392
2393
2394
2402
2441
2498
2547
2554
2571
2576
2616
2635
2641
2660
2665
2667
2749
2795
2827
2837
2840
2897
2931
2952
2981
2984
3001
3013
3022
3056
3065
3071
3078
3087
3117
3172
3178
3215
3277
3293
3361
3392
3411
3432
3476
3502
3525
3541
3561
3573
3578
3604
3617
3654
3733
3771
3778
3782
3812
3830
3866
3882
3897
3918
3931
3938
3948
3953
3955
3969
3975
3979
3991
4018
4027
4040
4057
4090
4102
4112
4122
4154
4183
4185
4204
4240
4268
4278
4283
4303
4330
4340
4346
4369
4399
4402
4433
4460
4518
4536
4544
4565
4567
4582
4654
4678
4695
4797
4803
4809
4810
4816
4908
4969
4997
5092
5126
5132
5148
5151
5171
5188
5194
5212
5221
5261
5262
5277
5284
5286
5353
5364
5373
5448
5463
5473
5483
5506
5531
5557
5563
5569
5588
5616
5661
5683
5692
5710
5730
5769
5782
5840
5846
5876
5911
5921
5927
5940
5996
5998
6004
6035
6044
6052
6071
6107
6150
6163
6218
6223
6269
6273
6278
6327
6340
6341
6343
6347
6372
6388
6395
6433
6446
6463
6473
6478
6486
6509
6525
6570
6602
6624
6659
6703
6708
6759
6772
6778
6839
6842
6848
6872
6917
6923
6927
6929
6933
6939
6989
7037
7077
7193
7199
7226
7231
7329
7348
7372
7412
7413
7486
7507
7511
7531
7558
7584
7599
7605
7614
7679
7692
7735
7740
7760
7763
7765
7773
7774
7780
7811
7817
7841
7890
7945
7956
7972
8011
8035
8050
8051
8061
8062
8066
8073
8113
8132
8176
8180
8204
8214
8227
8231
8276
8277
8303
8326
8333
8344
8391
8469
8497
8504
8523
8552
8559
8599
8603
8616
8634
8642
8702
8780
8781
8816
8831
8846
8866
8907
8932
8934
8937
8939
8957
9008
9054
9070
9083
9085
9091
9125
9137
9138
9167
9211
9240
9246
9294
9296
9305
9349
9354
9427
9432
9471
9519
9521
9525
9570
9580
9627
9655
9681
9715
9744
9754
9797
9819
9843
9874
9876
9888
9901
9932
9933
9941
9945
9962
9982
10011
10016
10020
10073
10114
10153
10166
10215
10224
10246
10295
10309
10323
10393
10396
10411
10490
10508
10530
10542
10557
10577