42
68
146
183
214
247
250
329
378
427
447
451
460
469
500
510
520
579
609
614
628
690
694
732
743
801
856
868
1003
1052
1067
1068
1120
1152
1162
1178
1181
1245
1266
1305
1345
1367
1395
1491
1520
1759
1854
1900
1916
1929
1933
1941
1946
1963
1977
2000
2024
2097
2133
2158
2183
2277
2309
2314
2326
2434
2436
2519
2557
2562
2644
2699
2754
2762
2791
2832
2876
2877
2938
2958
2960
3140
3142
3161
3189
3196
3290
3353
3369
3373
3384
3467
3529
3591
3682
3685
3700
3719
3725
3800
3846
3960
3967
4038
4092
4159
4191
4257
4294
4325
4363
4462
4485
4491
4493
4525
4559
4630
4646
4659
4667
4689
4693
4708
4712
4750
4759
4785
4882
4912
4923
4931
4999
5015
5129
5169
5172
5176
5204
5257
5374
5402
5445
5464
5471
5524
5545
5555
5577
5586
5590
5591
5594
5626
5643
5728
5749
5774
5797
5817
5818
5821
5823
5875
5891
5958
5977
6002
6026
6115
6132
6216
6236
6238
6242
6317
6363
6377
6381
6396
6400
6411
6437
6459
6484
6488
6519
6532
6552
6599
6601
6619
6666
6696
6732
6777
6784
6795
6900
6906
6911
6938
7085
7099
7121
7123
7195
7244
7385
7419
7432
7483
7541
7545
7688
7697
7866
7907
7912
7933
8021
8047
8203
8288
8327
8332
8359
8410
8465
8480
8508
8570
8620
8624
8664
8717
8743
8773
8797
8835
8839
8843
8933
8951
9017
9034
9075
9088
9089
9139
9158
9171
9233
9261
9276
9283
9288
9311
9351
9370
9514
9524
9533
9550
9561
9576
9632
9770
9790
9792
9900
9913
9914
9915
9959
9979
10023
10029
10040
10118
10161
10168
10181
10216
10219
10223
10249
10255
10353
10363
10389
10397
10401
10407
10454
10506
10520
10531
10552