30
31
54
73
80
106
125
186
192
219
253
255
256
257
305
314
322
340
349
383
419
449
459
509
516
548
553
565
568
570
597
604
607
612
727
831
841
889
896
916
944
956
958
962
964
972
979
989
1015
1020
1029
1105
1112
1125
1139
1144
1148
1150
1171
1206
1225
1246
1292
1293
1314
1327
1341
1371
1374
1407
1441
1539
1560
1585
1592
1603
1608
1636
1661
1709
1722
1725
1739
1740
1767
1781
1821
1870
1912
1921
1985
1993
2030
2061
2073
2119
2126
2186
2192
2212
2216
2231
2278
2281
2332
2357
2359
2371
2376
2386
2393
2398
2402
2431
2449
2474
2489
2534
2580
2621
2641
2650
2660
2663
2675
2771
2786
2815
2828
2855
2871
2914
2922
2926
2984
3013
3018
3022
3038
3040
3087
3104
3229
3236
3261
3283
3293
3349
3367
3389
3420
3436
3461
3471
3490
3506
3514
3541
3571
3584
3623
3642
3657
3675
3701
3714
3715
3728
3750
3756
3762
3791
3819
3835
3854
3860
3862
3868
3882
3892
3897
3940
3948
3979
3983
3989
4002
4013
4030
4043
4101
4185
4226
4316
4321
4384
4424
4465
4473
4479
4518
4540
4570
4571
4591
4723
4725
4743
4795
4816
4817
4838
4839
4872
4918
4922
4929
4973
4985
5007
5104
5130
5132
5137
5141
5151
5170
5177
5188
5194
5196
5215
5217
5229
5255
5295
5304
5311
5325
5353
5370
5395
5397
5436
5459
5485
5498
5526
5531
5567
5603
5635
5639
5669
5680
5683
5685
5713
5721
5726
5756
5804
5829
5834
5840
5881
5885
5925
5929
5971
5975
5978
5985
5990
6018
6039
6061
6063
6070
6084
6095
6129
6163
6165
6186
6188
6214
6217
6229
6274
6275
6283
6296
6320
6339
6351
6379
6386
6397
6443
6449
6468
6493
6495
6524
6533
6564
6589
6602
6631
6635
6643
6656
6664
6674
6676
6739
6746
6756
6765
6820
6829
6848
6882
6917
6925
7025
7033
7054
7175
7222
7228
7231
7273
7294
7310
7337
7343
7359
7361
7363
7368
7406
7502
7503
7506
7518
7542
7562
7590
7624
7656
7692
7699
7756
7760
7769
7780
7784
7801
7805
7824
7869
7878
7882
7958
7963
7987
7999
8012
8020
8023
8032
8046
8073
8093
8102
8133
8192
8198
8231
8233
8247
8261
8291
8293
8344
8354
8367
8374
8437
8438
8476
8519
8521
8531
8557
8560
8597
8603
8645
8657
8659
8661
8722
8756
8782
8808
8817
8866
8881
8926
8927
8929
8932
8952
8974
8981
8988
9005
9013
9028
9035
9051
9083
9105
9125
9135
9137
9160
9198
9213
9240
9317
9319
9341
9342
9348
9356
9392
9439
9515
9517
9556
9562
9570
9571
9608
9610
9668
9690
9703
9734
9736
9741
9750
9758
9832
9843
9850
9888
9945
9971
9984
9987
9998
10025
10039
10076
10096
10212
10226
10240
10243
10278
10284
10309
10324
10332
10335
10355
10373
10414
10462
10474
10481
10526
10530
10540
10541
10566