41
98
104
113
143
176
187
196
209
237
282
304
312
331
356
359
374
421
423
434
461
483
521
526
540
544
558
572
623
631
660
736
762
764
770
777
782
790
793
845
899
903
970
988
1030
1070
1080
1093
1170
1191
1205
1238
1243
1250
1268
1284
1312
1339
1344
1349
1353
1358
1364
1372
1421
1490
1502
1540
1545
1557
1564
1578
1626
1670
1674
1675
1686
1691
1735
1748
1761
1780
1808
1814
1827
1875
1879
1893
1903
1913
1922
1967
1975
1978
1990
1999
2027
2031
2045
2046
2054
2082
2128
2152
2211
2260
2284
2299
2361
2381
2409
2435
2466
2483
2485
2513
2531
2545
2583
2631
2646
2653
2698
2746
2760
2767
2816
2829
2835
2841
2850
2896
2911
2928
2962
2983
3017
3023
3034
3055
3109
3131
3139
3155
3165
3169
3177
3185
3195
3211
3221
3234
3238
3244
3254
3279
3282
3289
3325
3330
3372
3414
3426
3441
3463
3491
3552
3573
3577
3585
3590
3615
3617
3618
3711
3742
3776
3804
3810
3811
3834
3841
3871
3878
3883
3888
3900
3905
3920
3943
3957
3971
3995
4058
4062
4067
4074
4087
4091
4105
4108
4141
4142
4157
4175
4190
4217
4256
4263
4279
4280
4358
4435
4446
4464
4468
4475
4503
4506
4532
4580
4581
4594
4605
4624
4631
4637
4709
4721
4745
4752
4782
4810
4826
4835
4847
4848
4904
4927
4928
4941
5012
5030
5060
5073
5076
5077
5082
5093
5094
5106
5114
5122
5175
5217
5242
5264
5331
5339
5352
5376
5391
5404
5437
5440
5455
5484
5488
5494
5501
5518
5535
5561
5566
5599
5602
5638
5651
5665
5674
5712
5718
5733
5783
5791
5800
5802
5836
5860
5932
5942
5961
5994
6041
6046
6058
6065
6086
6102
6154
6261
6279
6299
6308
6323
6345
6389
6404
6418
6431
6434
6440
6464
6479
6483
6494
6510
6515
6561
6611
6636
6651
6689
6700
6726
6733
6735
6736
6748
6755
6770
6782
6813
6827
6831
6883
6884
6914
6936
6972
6990
7000
7013
7040
7053
7089
7115
7126
7138
7150
7160
7168
7176
7200
7216
7232
7246
7254
7256
7261
7344
7381
7399
7437
7485
7534
7594
7615
7634
7638
7654
7682
7730
7739
7775
7792
7811
7819
7845
7891
7921
7952
7973
7988
7991
8013
8015
8022
8072
8083
8180
8184
8225
8227
8243
8260
8281
8289
8297
8304
8305
8338
8434
8449
8457
8460
8483
8509
8533
8586
8596
8608
8612
8641
8651
8653
8656
8669
8699
8713
8731
8744
8747
8786
8846
8869
8880
8906
8919
8935
8943
8966
8986
8990
8995
9056
9063
9081
9095
9104
9127
9147
9181
9184
9206
9231
9237
9382
9388
9435
9446
9468
9480
9497
9523
9530
9549
9552
9591
9592
9639
9704
9727
9788
9808
9833
9839
9840
9841
9852
9880
9894
9918
9994
10000
10003
10044
10055
10062
10108
10124
10126
10163
10213
10250
10272
10293
10322
10345
10362
10398
10400
10409
10426
10455
10497
10516
10521
10525
10560