6
20
55
67
115
131
163
175
180
227
232
238
239
254
268
283
286
292
343
372
387
393
437
462
470
473
503
527
529
589
608
627
638
659
661
685
693
699
700
733
744
754
759
771
796
824
844
860
871
874
921
924
926
927
940
946
962
1039
1044
1046
1111
1118
1136
1146
1151
1155
1180
1267
1280
1287
1291
1297
1318
1324
1339
1391
1394
1414
1447
1454
1461
1470
1483
1484
1493
1494
1509
1517
1536
1553
1573
1583
1598
1655
1656
1672
1702
1704
1736
1792
1923
1947
1979
1994
2053
2081
2165
2175
2193
2203
2222
2224
2238
2254
2290
2347
2459
2478
2497
2506
2530
2556
2592
2629
2638
2686
2709
2712
2713
2759
2761
2763
2839
2846
2848
2861
2865
2879
2906
2927
2952
2971
2991
3003
3048
3059
3073
3103
3145
3151
3204
3257
3263
3266
3274
3275
3285
3292
3332
3340
3348
3437
3442
3450
3468
3480
3521
3543
3564
3576
3586
3595
3709
3726
3751
3752
3799
3816
3852
3884
3961
3962
3966
3977
4009
4014
4033
4043
4052
4073
4107
4110
4113
4127
4135
4160
4181
4193
4205
4220
4260
4265
4320
4344
4345
4360
4371
4403
4404
4411
4415
4416
4427
4456
4481
4545
4563
4598
4636
4658
4665
4676
4692
4694
4762
4790
4809
4818
4823
4842
4886
4916
4958
4965
4973
4975
4989
5001
5008
5019
5028
5051
5128
5150
5154
5158
5208
5247
5262
5266
5300
5340
5350
5356
5388
5415
5421
5478
5505
5522
5527
5530
5541
5543
5565
5572
5613
5622
5641
5657
5705
5729
5738
5779
5782
5809
5827
5832
5867
5868
5872
5890
5969
6008
6017
6027
6042
6065
6092
6093
6096
6110
6131
6161
6181
6193
6195
6202
6272
6301
6314
6362
6391
6410
6436
6457
6550
6626
6637
6654
6674
6682
6691
6692
6693
6751
6759
6901
6957
6959
7048
7061
7071
7092
7132
7135
7185
7203
7224
7237
7239
7276
7329
7339
7346
7371
7401
7444
7461
7463
7498
7514
7517
7523
7543
7581
7641
7716
7742
7751
7822
7823
7840
7854
7906
7929
7930
7966
7984
7992
8007
8052
8071
8080
8100
8118
8136
8143
8145
8152
8198
8214
8256
8311
8346
8353
8386
8402
8436
8442
8452
8477
8500
8523
8543
8557
8581
8625
8631
8643
8646
8650
8654
8685
8686
8709
8720
8755
8780
8820
8824
8855
8886
8923
8945
8950
8953
8956
8979
9008
9046
9066
9100
9109
9117
9180
9218
9226
9265
9289
9297
9361
9366
9389
9430
9437
9443
9460
9484
9490
9499
9555
9572
9584
9619
9646
9655
9662
9702
9709
9717
9726
9755
9769
9780
9798
9828
9837
9854
9864
9872
9874
9875
9884
9897
9899
9907
9947
9948
9952
9977
10046
10073
10114
10120
10142
10154
10158
10189
10208
10232
10233
10261
10269
10282
10292
10312
10336
10349
10351
10416
10429
10442
10463
10473
10555