30
37
38
39
46
80
89
161
173
185
191
199
229
273
275
314
349
370
419
428
430
432
470
481
485
488
532
534
543
548
553
559
568
586
607
622
634
650
703
712
734
745
775
825
862
876
887
920
944
955
958
959
965
978
979
992
995
1010
1073
1078
1087
1130
1141
1150
1217
1241
1242
1264
1290
1292
1311
1313
1359
1371
1384
1396
1399
1407
1411
1441
1457
1458
1459
1469
1551
1555
1586
1596
1625
1629
1644
1723
1724
1746
1753
1755
1767
1781
1790
1813
1817
1823
1840
1857
1870
1876
1883
1908
1912
1914
1925
1948
1954
1965
1982
1998
2008
2017
2023
2042
2055
2107
2112
2196
2227
2234
2241
2245
2281
2293
2311
2315
2327
2340
2351
2426
2441
2446
2450
2451
2455
2517
2533
2539
2543
2549
2561
2572
2579
2613
2627
2630
2633
2669
2687
2688
2691
2708
2715
2723
2727
2738
2745
2750
2789
2790
2812
2815
2828
2845
2866
2871
2880
2922
2937
2975
2984
2994
3065
3092
3178
3198
3205
3212
3220
3225
3226
3252
3277
3286
3320
3326
3329
3335
3370
3446
3506
3517
3534
3602
3620
3640
3657
3672
3690
3699
3714
3734
3745
3774
3793
3802
3830
3858
3885
3914
3926
3931
3940
3947
3983
3987
3991
4007
4051
4088
4096
4101
4112
4119
4189
4207
4212
4249
4267
4309
4340
4352
4364
4382
4387
4396
4414
4515
4521
4543
4563
4568
4587
4597
4662
4664
4669
4680
4714
4732
4749
4777
4807
4841
4849
4859
4869
4878
4890
4929
4960
4968
4970
4973
4977
4978
4994
5003
5021
5029
5031
5063
5091
5132
5143
5155
5192
5194
5196
5200
5205
5246
5261
5269
5277
5296
5298
5322
5335
5355
5438
5453
5462
5492
5497
5498
5557
5567
5620
5629
5639
5669
5675
5685
5726
5758
5765
5811
5835
5839
5845
5882
5889
5904
5905
5911
5945
5983
6052
6056
6068
6097
6128
6129
6147
6155
6218
6259
6276
6287
6300
6310
6318
6332
6348
6435
6469
6495
6524
6547
6556
6578
6604
6637
6664
6681
6690
6694
6708
6739
6757
6764
6788
6802
6896
6916
6917
6928
6944
6974
6999
7006
7011
7015
7108
7175
7182
7221
7269
7273
7306
7314
7339
7412
7417
7452
7460
7497
7509
7512
7518
7542
7558
7574
7601
7605
7608
7613
7684
7685
7708
7713
7746
7752
7758
7784
7803
7808
7816
7834
7842
7861
7926
7937
7954
7975
7993
8004
8018
8042
8044
8054
8057
8061
8062
8068
8085
8095
8102
8122
8168
8176
8183
8194
8198
8200
8228
8231
8232
8261
8295
8303
8312
8330
8340
8358
8425
8426
8479
8519
8530
8552
8577
8583
8627
8683
8687
8688
8702
8704
8723
8729
8734
8736
8758
8759
8775
8787
8815
8825
8867
8877
8888
8892
8899
8907
8914
8916
8932
8958
9011
9028
9042
9135
9145
9161
9166
9194
9247
9273
9346
9371
9379
9415
9432
9461
9466
9522
9535
9542
9547
9586
9587
9599
9608
9618
9620
9623
9703
9711
9729
9785
9786
9805
9816
9832
9851
9863
9878
9896
9904
9936
9976
9982
9991
10009
10011
10048
10103
10192
10226
10253
10254
10294
10316
10331
10332
10334
10349
10355
10399
10404
10465
10477
10482
10490
10503
10540
10550
10559
10561
10562