69
74
107
179
206
210
215
235
245
249
265
313
318
326
329
353
358
362
364
384
389
391
394
396
409
411
413
445
455
463
493
497
514
517
525
530
533
556
569
576
602
617
620
632
667
720
725
735
751
769
812
839
843
878
891
906
912
922
923
930
931
934
951
977
1001
1008
1047
1060
1117
1137
1158
1172
1207
1213
1229
1233
1271
1286
1301
1306
1310
1356
1365
1370
1393
1406
1410
1419
1423
1431
1437
1451
1455
1467
1482
1496
1497
1504
1508
1550
1561
1566
1574
1599
1618
1621
1622
1647
1677
1694
1699
1701
1713
1729
1737
1775
1776
1795
1801
1811
1832
1835
1850
1862
1902
1906
1909
1910
1915
1930
1937
1944
1962
1976
1988
1997
2019
2020
2022
2029
2032
2052
2074
2090
2094
2098
2114
2120
2122
2124
2132
2139
2142
2148
2149
2189
2217
2256
2269
2276
2285
2305
2322
2325
2333
2344
2407
2476
2490
2494
2499
2503
2510
2515
2528
2535
2538
2550
2555
2589
2593
2632
2645
2651
2658
2693
2707
2714
2717
2733
2768
2770
2797
2852
2873
2942
2955
2958
2986
2988
3000
3019
3027
3037
3044
3049
3051
3054
3069
3074
3102
3112
3123
3128
3147
3152
3162
3181
3216
3265
3268
3288
3294
3301
3311
3351
3366
3377
3395
3409
3451
3458
3462
3503
3513
3535
3544
3557
3564
3601
3603
3604
3624
3646
3652
3653
3655
3661
3678
3681
3708
3754
3757
3765
3781
3820
3829
3840
3856
3887
3891
3898
3904
3930
3974
3984
3986
3998
4000
4010
4011
4036
4059
4064
4078
4098
4130
4144
4149
4164
4197
4202
4222
4228
4229
4271
4274
4292
4333
4339
4348
4353
4368
4373
4406
4421
4438
4447
4480
4486
4497
4510
4516
4534
4535
4549
4583
4613
4635
4677
4685
4699
4713
4726
4736
4741
4766
4778
4798
4801
4808
4830
4853
4865
4892
4937
4938
4943
4947
4954
4959
4984
4986
4990
5020
5079
5080
5098
5102
5109
5117
5120
5156
5162
5168
5178
5190
5209
5219
5227
5273
5287
5291
5308
5337
5345
5367
5377
5385
5398
5400
5401
5435
5442
5454
5456
5465
5486
5491
5516
5520
5532
5540
5627
5640
5666
5702
5703
5719
5734
5745
5771
5788
5799
5814
5828
5837
5844
5870
5878
5897
5928
5937
5944
5962
5964
5988
6020
6060
6072
6083
6100
6105
6116
6140
6156
6158
6162
6171
6185
6187
6199
6206
6235
6239
6240
6251
6260
6298
6306
6319
6358
6359
6360
6373
6430
6432
6477
6480
6501
6503
6516
6519
6555
6569
6607
6622
6623
6629
6661
6677
6685
6687
6688
6705
6750
6752
6762
6769
6785
6823
6836
6840
6852
6856
6908
6912
6915
6927
6932
6950
6961
6963
6969
6975
6980
6988
6993
7012
7041
7060
7062
7072
7073
7083
7102
7109
7146
7152
7156
7162
7179
7182
7186
7194
7227
7234
7236
7257
7260
7262
7266
7312
7322
7327
7336
7357
7365
7366
7378
7379
7388
7394
7395
7422
7425
7428
7430
7435
7467
7491
7493
7529
7532
7576
7577
7595
7596
7604
7635
7650
7653
7657
7693
7721
7724
7733
7738
7741
7804
7809
7818
7833
7837
7844
7855
7871
7885
7897
7901
7924
7931
7943
7948
7961
7965
7970
7995
8053
8067
8084
8089
8107
8116
8148
8163
8169
8185
8203
8224
8237
8264
8316
8322
8329
8336
8368
8377
8379
8417
8440
8458
8472
8473
8484
8489
8520
8547
8572
8635
8636
8637
8667
8668
8672
8698
8701
8703
8757
8776
8800
8821
8830
8860
8863
8868
8878
8891
8897
8911
8917
8924
8949
8962
8977
8984
8985
9002
9014
9031
9032
9047
9048
9060
9078
9097
9126
9162
9168
9173
9178
9186
9207
9214
9217
9227
9235
9249
9257
9258
9260
9292
9299
9302
9308
9325
9362
9387
9406
9422
9444
9474
9502
9574
9630
9635
9641
9664
9670
9697
9730
9743
9757
9759
9773
9782
9794
9810
9824
9882
9967
10017
10034
10053
10088
10097
10113
10121
10123
10127
10133
10165
10209
10218
10237
10277
10279
10280
10289
10337
10340
10359
10391
10415
10427
10428
10435
10440
10441
10445
10446
10453
10476
10493
10539
10544
10556
10580