19
50
85
116
127
155
166
194
204
211
234
272
279
296
303
319
330
354
379
380
397
441
456
464
477
507
519
536
578
621
681
684
692
705
719
753
756
758
779
815
838
859
879
935
963
1017
1051
1066
1089
1102
1126
1140
1183
1307
1315
1408
1440
1464
1547
1576
1579
1591
1602
1604
1611
1679
1687
1705
1708
1711
1714
1727
1763
1786
1801
1820
1822
1863
1878
1920
1950
2018
2050
2163
2174
2177
2178
2182
2261
2283
2286
2306
2316
2337
2358
2368
2386
2390
2401
2429
2507
2511
2563
2582
2584
2617
2628
2734
2910
2945
2947
2948
2959
2981
3020
3031
3039
3042
3067
3086
3090
3096
3122
3125
3131
3159
3171
3190
3202
3230
3240
3246
3248
3260
3264
3303
3337
3343
3354
3379
3397
3400
3407
3427
3438
3493
3518
3538
3553
3556
3558
3569
3609
3635
3650
3656
3688
3705
3718
3741
3760
3769
3796
3896
4005
4022
4042
4044
4061
4069
4148
4182
4187
4210
4276
4286
4295
4299
4315
4323
4326
4356
4367
4378
4386
4422
4441
4470
4500
4508
4516
4537
4538
4541
4572
4576
4671
4716
4753
4758
4769
4792
4816
4843
4854
4862
4867
4892
4896
4910
4914
4925
4940
4949
4957
4981
4993
5043
5144
5171
5180
5214
5222
5235
5259
5267
5275
5318
5416
5444
5451
5468
5493
5496
5514
5564
5628
5654
5670
5717
5725
5743
5760
5763
5767
5781
5813
5825
5848
5906
6005
6006
6078
6079
6136
6144
6149
6166
6183
6212
6290
6305
6307
6315
6326
6329
6350
6380
6392
6398
6424
6500
6521
6541
6575
6581
6621
6639
6649
6667
6701
6708
6717
6754
6768
6790
6796
6835
6873
6887
6893
6930
6951
6953
6958
7014
7058
7059
7120
7122
7134
7151
7156
7251
7252
7259
7265
7276
7277
7296
7334
7335
7373
7402
7404
7434
7449
7482
7484
7496
7499
7500
7537
7553
7583
7592
7623
7650
7700
7720
7729
7772
7825
7860
7881
7892
7915
7920
7971
7974
7976
8031
8036
8113
8120
8134
8166
8197
8208
8258
8300
8349
8371
8433
8486
8490
8505
8539
8579
8580
8594
8613
8622
8628
8667
8668
8706
8735
8748
8752
8795
8854
8858
8898
8931
8965
8975
8984
8993
9000
9044
9052
9074
9079
9096
9099
9102
9111
9115
9195
9232
9236
9244
9262
9263
9320
9335
9378
9408
9426
9429
9434
9438
9440
9469
9487
9492
9504
9511
9557
9565
9588
9593
9658
9660
9679
9694
9696
9700
9701
9708
9728
9731
9760
9787
9799
9811
9821
9826
9861
9906
9909
9911
9937
9955
10008
10014
10060
10078
10083
10093
10101
10105
10122
10143
10164
10183
10222
10230
10236
10299
10371
10383
10432
10438
10486
10496
10510
10545
10563
10581