10
53
62
67
78
106
107
109
130
132
138
151
160
214
231
242
248
251
263
270
290
291
292
299
339
352
370
382
399
410
438
459
462
512
527
542
547
553
575
582
595
616
624
625
637
639
661
668
669
680
712
741
754
799
808
819
832
834
840
849
855
878
898
921
954
992
1006
1026
1048
1057
1058
1077
1082
1096
1098
1118
1120
1192
1291
1311
1321
1342
1434
1436
1438
1452
1461
1484
1486
1516
1522
1593
1605
1612
1627
1640
1644
1671
1673
1682
1703
1709
1715
1727
1736
1755
1765
1777
1796
1798
1817
1838
1874
1880
1888
1901
1912
1938
1945
1947
1960
1981
1986
1992
2013
2016
2035
2036
2047
2076
2079
2092
2103
2155
2180
2244
2250
2263
2270
2291
2319
2335
2364
2372
2374
2399
2412
2425
2426
2451
2461
2464
2505
2517
2534
2537
2542
2548
2566
2570
2585
2598
2599
2612
2619
2626
2630
2672
2702
2728
2749
2789
2790
2796
2802
2819
2830
2836
2857
2878
2882
2894
2935
2992
3063
3076
3079
3080
3100
3108
3130
3145
3182
3188
3198
3215
3252
3266
3281
3292
3318
3320
3336
3365
3370
3413
3418
3421
3428
3436
3439
3440
3443
3445
3466
3472
3494
3509
3514
3522
3536
3537
3551
3594
3632
3634
3644
3684
3693
3715
3727
3736
3737
3768
3771
3774
3775
3778
3799
3806
3839
3845
3860
3872
3890
3895
3912
3931
3933
3936
3958
3983
3992
4019
4023
4025
4029
4043
4046
4070
4083
4088
4110
4134
4155
4170
4172
4173
4177
4178
4179
4204
4211
4219
4221
4291
4318
4322
4329
4340
4352
4357
4359
4370
4381
4383
4385
4396
4409
4411
4428
4445
4460
4461
4483
4488
4501
4558
4582
4603
4627
4656
4670
4684
4717
4732
4735
4748
4749
4765
4768
4775
4777
4791
4822
4859
4880
4903
4907
4930
4935
4946
4948
4956
4977
4983
4985
5011
5078
5081
5086
5103
5123
5143
5153
5164
5206
5212
5245
5250
5265
5292
5323
5327
5341
5342
5359
5372
5381
5418
5420
5428
5432
5450
5473
5474
5507
5546
5547
5553
5580
5583
5659
5686
5723
5735
5751
5754
5780
5811
5830
5851
5863
5869
5873
5879
5882
5887
5904
5936
5940
5947
5960
5967
5996
6044
6064
6067
6075
6110
6124
6125
6161
6163
6168
6175
6178
6195
6217
6256
6263
6271
6282
6327
6344
6346
6353
6362
6369
6384
6393
6415
6429
6451
6454
6461
6468
6478
6498
6505
6514
6523
6529
6564
6578
6580
6584
6608
6619
6653
6664
6669
6719
6744
6757
6761
6786
6788
6789
6797
6824
6826
6851
6886
6890
6910
6935
6955
6956
6989
7003
7007
7010
7050
7052
7056
7068
7116
7119
7140
7142
7159
7170
7177
7191
7197
7202
7211
7233
7239
7267
7280
7308
7309
7328
7375
7383
7389
7406
7407
7452
7457
7464
7478
7481
7489
7525
7539
7554
7570
7578
7588
7608
7621
7629
7673
7759
7760
7774
7786
7793
7807
7817
7834
7838
7849
7851
7866
7869
7913
7917
7928
7955
8008
8038
8041
8086
8094
8108
8115
8119
8121
8122
8138
8153
8181
8182
8183
8187
8200
8205
8230
8234
8266
8270
8294
8319
8339
8341
8387
8426
8427
8462
8464
8479
8510
8532
8567
8579
8589
8591
8593
8600
8604
8607
8647
8726
8736
8741
8754
8767
8775
8794
8796
8806
8807
8822
8827
8831
8833
8893
8901
8924
8945
8946
8958
8981
8987
9005
9011
9028
9040
9137
9141
9150
9161
9187
9194
9202
9205
9225
9229
9300
9346
9390
9392
9423
9429
9498
9508
9544
9547
9548
9573
9581
9600
9613
9642
9693
9732
9749
9755
9762
9768
9797
9802
9851
9870
9928
9935
9936
9962
9964
9971
9992
10046
10051
10074
10084
10096
10115
10134
10138
10170
10178
10238
10253
10255
10287
10300
10319
10331
10335
10342
10350
10390
10458
10465
10466
10501
10515
10527
10540
10564