1
3
16
28
40
61
129
168
177
198
202
221
246
280
297
300
480
537
539
541
563
580
674
708
749
766
828
835
873
904
941
973
974
980
1018
1021
1043
1053
1054
1059
1072
1086
1124
1127
1146
1168
1169
1208
1224
1278
1347
1366
1369
1392
1394
1448
1485
1617
1639
1665
1720
1812
1898
1904
1966
1970
2002
2044
2084
2096
2157
2197
2236
2275
2296
2300
2330
2369
2389
2400
2401
2403
2411
2529
2573
2577
2578
2640
2681
2683
2703
2740
2743
2822
2889
2934
2961
2964
2973
3009
3012
3064
3068
3070
3121
3195
3253
3258
3363
3399
3406
3430
3452
3455
3456
3470
3481
3485
3512
3550
3560
3593
3606
3607
3612
3658
3703
3716
3755
3792
3808
3844
3850
3861
3873
3884
3921
3937
3970
3981
3999
4001
4041
4049
4063
4085
4111
4137
4163
4166
4244
4246
4251
4269
4289
4305
4317
4319
4349
4367
4388
4408
4507
4514
4531
4577
4578
4599
4652
4687
4719
4727
4733
4746
4752
4756
4774
4851
4873
4874
4950
4962
5004
5047
5048
5105
5116
5149
5157
5218
5251
5272
5301
5329
5343
5411
5421
5422
5469
5499
5521
5565
5589
5605
5698
5746
5747
5753
5764
5796
5862
5890
5894
5898
5966
5995
5997
6009
6017
6025
6055
6112
6277
6349
6361
6365
6374
6482
6526
6531
6546
6548
6560
6583
6588
6605
6640
6658
6728
6737
6807
6879
6907
6919
7029
7086
7110
7117
7171
7210
7235
7242
7245
7247
7270
7272
7291
7292
7316
7321
7340
7431
7433
7472
7508
7516
7555
7579
7630
7633
7636
7677
7683
7691
7717
7744
7747
7755
7771
7829
7980
7986
8001
8024
8029
8049
8069
8082
8135
8157
8160
8196
8235
8252
8257
8272
8337
8345
8352
8356
8364
8366
8396
8413
8414
8526
8691
8705
8780
8788
8846
8855
8872
8910
8942
8944
8947
8959
8989
8992
9050
9062
9068
9076
9112
9113
9163
9170
9221
9223
9228
9306
9336
9360
9394
9395
9441
9459
9509
9529
9536
9540
9563
9603
9628
9633
9677
9680
9686
9720
9728
9772
9776
9818
9825
9857
9877
9972
10056
10067
10071
10119
10137
10140
10147
10151
10175
10200
10281
10303
10385
10402
10406
10408
10420
10436
10448
10460
10475
10491
10498
10528
10569
10572
10573