1
12
27
28
38
44
49
84
86
108
115
133
152
154
159
164
169
172
175
181
198
202
204
216
221
232
238
241
288
289
294
300
306
327
330
332
344
360
366
385
387
395
402
403
412
426
432
467
474
475
479
482
490
537
541
557
573
580
583
605
636
654
666
698
713
746
766
768
781
788
833
837
847
850
874
892
905
914
938
952
996
998
1016
1031
1043
1056
1059
1063
1083
1136
1146
1164
1168
1197
1208
1211
1216
1219
1234
1235
1236
1239
1247
1251
1253
1258
1259
1261
1277
1283
1287
1299
1303
1304
1318
1319
1361
1366
1379
1386
1394
1395
1402
1428
1432
1442
1443
1448
1449
1450
1465
1480
1483
1485
1489
1500
1506
1517
1537
1556
1557
1570
1572
1580
1598
1603
1605
1610
1616
1617
1630
1641
1646
1658
1660
1668
1672
1679
1684
1720
1736
1745
1754
1758
1762
1784
1787
1788
1792
1794
1826
1831
1839
1856
1858
1882
1895
1898
1899
1904
1911
1939
1942
1947
1953
1961
1968
1971
2006
2034
2040
2045
2068
2071
2077
2078
2084
2095
2096
2121
2123
2137
2151
2152
2157
2161
2180
2200
2205
2213
2221
2232
2243
2252
2257
2274
2275
2279
2296
2300
2301
2303
2308
2318
2324
2339
2343
2346
2348
2369
2370
2375
2388
2400
2403
2404
2405
2411
2417
2421
2428
2442
2472
2508
2526
2556
2565
2578
2606
2614
2640
2664
2666
2668
2676
2679
2680
2697
2706
2716
2726
2742
2743
2774
2794
2798
2803
2806
2809
2810
2833
2844
2856
2867
2888
2901
2902
2903
2913
2920
2934
2939
2940
2949
2951
2954
2961
2963
2964
2971
2978
2996
2998
2999
3002
3008
3010
3011
3017
3026
3048
3052
3062
3064
3081
3115
3121
3126
3132
3135
3138
3139
3157
3166
3167
3187
3217
3221
3227
3249
3258
3259
3273
3282
3296
3304
3306
3309
3324
3327
3334
3345
3364
3390
3402
3429
3431
3452
3460
3481
3483
3489
3508
3516
3519
3526
3532
3535
3539
3550
3560
3562
3567
3568
3587
3589
3593
3598
3600
3611
3612
3616
3621
3631
3633
3639
3647
3648
3662
3669
3694
3702
3703
3704
3716
3718
3721
3733
3742
3752
3779
3780
3792
3813
3815
3852
3855
3877
3903
3917
3921
3922
3932
3934
3942
3951
3956
3970
3985
3988
3990
4026
4039
4048
4055
4058
4082
4084
4095
4097
4109
4111
4114
4117
4118
4123
4126
4131
4135
4140
4156
4158
4167
4193
4214
4225
4233
4244
4252
4282
4284
4301
4305
4328
4336
4341
4376
4390
4391
4399
4412
4416
4419
4420
4448
4472
4474
4493
4509
4513
4514
4528
4555
4557
4566
4595
4598
4599
4600
4601
4602
4620
4622
4626
4634
4642
4645
4657
4688
4695
4701
4704
4711
4729
4739
4744
4748
4750
4761
4774
4784
4787
4794
4812
4823
4831
4834
4844
4850
4884
4885
4894
4899
4939
4956
4965
4971
4972
4975
4976
4979
4980
5002
5005
5037
5039
5050
5056
5071
5074
5089
5111
5121
5126
5142
5149
5150
5157
5159
5161
5179
5191
5193
5198
5208
5226
5231
5288
5315
5329
5333
5365
5368
5387
5394
5421
5424
5441
5469
5500
5510
5513
5521
5556
5560
5571
5581
5589
5592
5593
5598
5607
5610
5612
5614
5623
5625
5630
5638
5641
5653
5678
5689
5690
5698
5700
5706
5724
5727
5731
5740
5747
5752
5754
5755
5761
5762
5777
5778
5779
5793
5795
5808
5847
5856
5892
5894
5895
5918
5920
5924
5972
5984
5986
6001
6009
6016
6017
6025
6029
6051
6055
6062
6069
6075
6101
6103
6112
6135
6138
6173
6177
6178
6182
6183
6184
6192
6194
6213
6220
6230
6232
6243
6245
6247
6250
6277
6280
6289
6315
6326
6330
6361
6365
6366
6391
6402
6412
6416
6419
6431
6442
6474
6482
6494
6497
6502
6511
6536
6537
6548
6560
6563
6577
6583
6588
6597
6601
6605
6614
6620
6626
6640
6652
6658
6662
6665
6675
6679
6682
6683
6706
6711
6716
6720
6721
6722
6723
6724
6737
6743
6760
6775
6801
6812
6813
6814
6826
6834
6847
6850
6855
6859
6878
6880
6881
6888
6901
6905
6907
6913
6919
6941
6946
6962
6971
6973
6976
7027
7029
7042
7061
7063
7067
7086
7087
7110
7111
7118
7133
7163
7171
7172
7173
7178
7192
7201
7205
7208
7223
7237
7245
7247
7252
7263
7274
7279
7285
7286
7291
7313
7321
7333
7334
7340
7341
7342
7348
7352
7360
7376
7390
7404
7415
7431
7448
7453
7458
7461
7465
7471
7472
7493
7500
7516
7521
7523
7536
7547
7559
7561
7564
7568
7569
7570
7573
7579
7585
7587
7591
7600
7607
7609
7622
7640
7643
7686
7689
7690
7691
7703
7705
7712
7716
7727
7748
7750
7751
7753
7795
7797
7808
7821
7822
7835
7847
7848
7864
7877
7880
7883
7887
7893
7900
7910
7922
7925
7934
7936
7947
7950
7960
7977
7984
7996
7998
8001
8009
8014
8015
8017
8025
8037
8063
8069
8075
8076
8082
8088
8090
8111
8118
8124
8125
8145
8154
8156
8178
8186
8193
8199
8221
8236
8251
8252
8254
8272
8320
8321
8350
8366
8369
8384
8393
8398
8419
8442
8444
8517
8525
8529
8549
8555
8576
8585
8587
8615
8633
8643
8671
8675
8679
8725
8727
8739
8750
8755
8764
8765
8769
8771
8778
8799
8802
8810
8814
8825
8828
8838
8846
8847
8850
8852
8853
8855
8856
8857
8871
8879
8884
8885
8886
8890
8905
8918
8922
8923
8925
8935
8938
8944
8945
8947
8955
8970
8997
9009
9018
9024
9033
9041
9059
9090
9102
9108
9120
9121
9130
9132
9140
9142
9180
9183
9205
9215
9218
9219
9220
9221
9254
9267
9274
9284
9301
9321
9327
9333
9338
9347
9352
9357
9360
9365
9367
9372
9374
9411
9412
9419
9436
9441
9448
9457
9467
9478
9500
9509
9536
9540
9567
9569
9578
9579
9592
9595
9598
9607
9611
9622
9624
9636
9638
9651
9658
9662
9686
9710
9715
9720
9722
9738
9740
9746
9748
9751
9752
9766
9772
9807
9813
9820
9830
9848
9853
9858
9859
9871
9872
9874
9877
9887
9891
9920
9937
9941
9942
9946
9958
9972
9997
10002
10012
10035
10047
10050
10052
10056
10058
10066
10067
10071
10077
10085
10098
10109
10142
10144
10146
10149
10151
10173
10179
10193
10198
10207
10228
10232
10241
10248
10251
10256
10257
10281
10286
10292
10306
10315
10329
10364
10385
10417
10423
10433
10434
10439
10452
10460
10470
10475
10483
10494
10498
10502
10549
10569
10572