11
51
56
58
59
66
70
83
88
103
117
128
137
147
162
188
200
208
213
228
244
255
258
260
262
264
266
281
291
310
317
321
325
350
367
375
401
408
419
420
422
431
433
436
440
452
457
484
518
523
524
528
538
560
596
613
624
647
653
656
657
675
679
680
682
696
703
706
723
738
757
767
816
817
826
846
858
867
877
882
888
896
898
901
917
928
939
942
950
968
976
982
992
1000
1005
1007
1020
1034
1040
1042
1055
1084
1085
1103
1113
1144
1159
1166
1173
1175
1177
1190
1193
1198
1210
1214
1215
1222
1263
1282
1309
1316
1330
1334
1340
1348
1351
1354
1377
1396
1397
1412
1417
1430
1445
1466
1472
1492
1501
1503
1515
1527
1529
1543
1546
1569
1595
1606
1613
1633
1642
1652
1657
1659
1662
1671
1681
1692
1700
1707
1712
1716
1721
1722
1741
1752
1769
1772
1803
1810
1813
1815
1837
1841
1851
1855
1868
1901
1936
2012
2030
2051
2058
2066
2085
2101
2111
2117
2150
2160
2179
2185
2195
2201
2237
2240
2268
2272
2315
2321
2323
2338
2340
2365
2371
2376
2385
2408
2413
2415
2433
2439
2458
2462
2463
2465
2468
2469
2479
2488
2534
2536
2541
2552
2553
2558
2564
2586
2590
2601
2610
2611
2622
2649
2657
2662
2682
2720
2744
2765
2779
2785
2804
2818
2838
2839
2840
2859
2860
2887
2891
2895
2908
2923
2924
2925
2929
2931
2933
2936
2946
2949
2968
2976
2997
3004
3016
3021
3035
3036
3045
3053
3082
3085
3149
3153
3158
3176
3180
3208
3224
3233
3250
3251
3256
3267
3271
3284
3308
3349
3356
3375
3378
3388
3394
3403
3408
3415
3447
3474
3486
3492
3499
3563
3565
3575
3583
3599
3605
3608
3620
3627
3636
3641
3645
3649
3664
3665
3669
3673
3689
3707
3713
3731
3732
3740
3763
3786
3795
3806
3814
3815
3822
3825
3833
3836
3874
3892
3893
3899
3901
3911
3919
3928
3944
3952
3965
3968
3989
3996
4007
4021
4034
4060
4089
4093
4099
4103
4104
4116
4152
4153
4180
4194
4209
4224
4226
4230
4236
4238
4273
4300
4306
4322
4331
4332
4355
4361
4364
4405
4407
4425
4426
4429
4430
4451
4455
4492
4496
4523
4533
4539
4546
4554
4567
4585
4593
4607
4610
4616
4633
4644
4662
4669
4672
4679
4681
4696
4700
4705
4728
4755
4760
4775
4789
4800
4804
4805
4820
4855
4864
4870
4901
4915
4924
4942
4944
4951
4953
4955
4961
4963
4988
5018
5025
5027
5035
5038
5061
5067
5088
5095
5097
5099
5107
5113
5125
5148
5160
5187
5195
5201
5215
5224
5225
5230
5232
5233
5248
5252
5254
5268
5281
5293
5294
5306
5320
5326
5334
5357
5360
5362
5363
5369
5389
5399
5403
5407
5425
5427
5429
5430
5433
5434
5443
5457
5472
5480
5489
5502
5503
5519
5526
5531
5538
5551
5556
5582
5584
5596
5600
5621
5624
5629
5636
5645
5655
5679
5683
5691
5697
5707
5714
5716
5720
5750
5772
5794
5803
5819
5820
5826
5828
5852
5855
5865
5876
5883
5896
5900
5902
5907
5923
5927
5931
5973
5976
5982
5987
6015
6028
6030
6037
6038
6050
6082
6098
6117
6122
6123
6128
6133
6157
6169
6174
6180
6204
6205
6225
6228
6231
6246
6258
6266
6268
6283
6284
6286
6303
6321
6331
6364
6376
6381
6395
6399
6413
6414
6423
6476
6487
6493
6504
6527
6528
6542
6549
6554
6559
6565
6579
6592
6609
6610
6616
6625
6655
6660
6663
6669
6673
6697
6698
6704
6709
6714
6727
6738
6756
6765
6771
6774
6779
6781
6787
6798
6803
6806
6817
6821
6822
6825
6830
6833
6846
6865
6866
6876
6889
6898
6903
6918
6934
6940
6944
6952
6965
6967
6968
6986
7011
7015
7017
7022
7032
7035
7039
7046
7064
7069
7077
7078
7082
7091
7095
7098
7107
7113
7129
7181
7193
7194
7213
7229
7253
7271
7278
7317
7318
7329
7341
7354
7374
7382
7384
7393
7411
7442
7450
7454
7468
7469
7470
7475
7481
7490
7510
7519
7520
7522
7560
7563
7571
7575
7603
7611
7618
7631
7649
7671
7674
7694
7696
7711
7725
7731
7732
7740
7758
7781
7783
7785
7788
7815
7831
7852
7853
7858
7865
7873
7876
7878
7888
7916
7935
7941
7962
7979
7981
8002
8003
8005
8016
8027
8032
8039
8040
8043
8055
8059
8066
8078
8096
8105
8129
8130
8131
8139
8142
8177
8195
8206
8207
8213
8216
8217
8219
8268
8273
8299
8307
8308
8309
8313
8314
8317
8323
8328
8331
8357
8360
8365
8372
8373
8381
8394
8401
8405
8407
8420
8422
8429
8446
8461
8462
8468
8481
8498
8502
8518
8535
8537
8542
8545
8551
8562
8573
8575
8601
8614
8659
8661
8663
8673
8674
8676
8677
8678
8682
8684
8690
8694
8707
8728
8738
8742
8756
8772
8791
8801
8805
8811
8819
8826
8829
8840
8859
8861
8862
8864
8865
8870
8877
8900
8903
8904
8909
8912
8915
8921
8927
8961
9001
9036
9043
9054
9071
9072
9114
9123
9157
9165
9172
9179
9185
9190
9209
9212
9224
9230
9242
9248
9252
9268
9269
9271
9278
9285
9291
9293
9300
9304
9310
9312
9318
9324
9330
9331
9369
9375
9376
9386
9393
9407
9416
9420
9442
9458
9481
9501
9506
9510
9526
9527
9534
9559
9564
9571
9582
9583
9597
9604
9605
9612
9616
9621
9637
9640
9644
9653
9654
9666
9678
9682
9685
9698
9713
9744
9745
9761
9764
9771
9777
9778
9781
9783
9809
9819
9827
9829
9831
9835
9842
9866
9873
9919
9930
9933
9949
9981
9983
9988
9991
10010
10022
10027
10030
10043
10059
10068
10082
10084
10094
10109
10116
10130
10150
10153
10155
10159
10191
10203
10252
10259
10260
10275
10290
10291
10304
10305
10308
10314
10317
10339
10343
10347
10354
10360
10367
10368
10377
10382
10384
10386
10405
10413
10443
10444
10457
10468
10471
10482
10485
10487
10504
10532
10537
10541
10553
10565