29
35
37
39
46
47
54
76
82
89
92
93
94
95
96
105
109
110
120
123
140
156
157
170
182
185
190
191
205
222
223
231
251
256
259
261
298
301
311
335
339
342
349
351
357
368
390
407
430
435
444
459
466
472
478
492
494
496
502
504
542
548
568
573
582
604
629
650
652
656
671
688
703
712
740
741
745
761
773
787
789
809
821
840
858
863
867
889
893
907
910
916
932
942
944
955
956
961
965
989
1012
1019
1022
1029
1033
1036
1057
1060
1065
1096
1105
1113
1121
1157
1177
1194
1195
1199
1200
1201
1206
1220
1221
1228
1241
1246
1248
1249
1260
1264
1269
1273
1333
1334
1337
1338
1360
1376
1382
1389
1405
1411
1413
1430
1441
1473
1474
1516
1522
1523
1531
1539
1555
1560
1584
1586
1590
1596
1599
1601
1612
1629
1642
1653
1661
1664
1666
1685
1689
1696
1697
1709
1717
1726
1727
1733
1764
1771
1806
1818
1823
1829
1838
1857
1860
1884
1892
1912
1927
1928
1940
1953
1982
1984
1986
1993
1998
2001
2005
2009
2036
2037
2042
2055
2057
2064
2070
2076
2091
2109
2129
2135
2144
2159
2162
2173
2181
2186
2198
2217
2227
2229
2233
2242
2248
2259
2270
2288
2295
2329
2336
2350
2352
2359
2372
2378
2386
2393
2406
2410
2416
2420
2431
2441
2446
2447
2451
2457
2473
2481
2482
2489
2498
2502
2505
2520
2522
2530
2532
2542
2543
2544
2549
2554
2559
2561
2570
2576
2580
2588
2594
2599
2600
2607
2621
2635
2636
2642
2647
2660
2665
2667
2674
2675
2687
2690
2696
2723
2725
2727
2741
2749
2750
2753
2780
2781
2786
2789
2790
2795
2805
2812
2815
2823
2824
2827
2837
2858
2871
2882
2914
2915
2922
2987
2992
3013
3022
3058
3061
3062
3065
3077
3078
3079
3107
3108
3111
3114
3119
3127
3130
3133
3136
3148
3172
3197
3198
3220
3222
3223
3229
3237
3252
3277
3293
3312
3320
3335
3361
3368
3393
3411
3419
3420
3423
3446
3466
3472
3482
3490
3500
3523
3530
3551
3559
3566
3604
3637
3640
3651
3672
3701
3706
3714
3745
3749
3758
3767
3773
3778
3784
3798
3801
3812
3817
3819
3830
3835
3853
3862
3864
3865
3866
3877
3879
3883
3890
3895
3897
3902
3915
3953
3955
3969
3975
3979
3991
4012
4014
4018
4024
4032
4037
4052
4065
4076
4088
4090
4096
4102
4112
4115
4119
4121
4143
4145
4154
4171
4176
4181
4183
4198
4218
4219
4224
4226
4241
4247
4253
4262
4267
4270
4278
4296
4332
4352
4357
4370
4382
4383
4387
4395
4437
4444
4452
4456
4461
4467
4472
4473
4490
4502
4511
4521
4536
4548
4570
4571
4574
4582
4591
4592
4597
4609
4611
4625
4681
4683
4691
4695
4715
4742
4747
4749
4761
4772
4775
4795
4816
4817
4821
4827
4837
4839
4846
4849
4859
4863
4872
4903
4945
4970
4973
4977
4983
4991
5000
5026
5038
5044
5045
5046
5057
5063
5104
5115
5124
5132
5137
5143
5151
5155
5170
5171
5173
5177
5188
5199
5212
5215
5221
5239
5245
5261
5277
5280
5295
5305
5311
5325
5328
5364
5381
5405
5408
5410
5420
5431
5459
5476
5492
5507
5511
5517
5519
5538
5597
5603
5604
5617
5619
5622
5635
5650
5660
5662
5669
5680
5683
5685
5699
5709
5726
5739
5743
5744
5748
5758
5773
5806
5807
5816
5829
5831
5840
5845
5857
5859
5873
5881
5885
5888
5889
5900
5908
5911
5912
5913
5926
5935
5939
5945
5947
5948
5950
5952
5956
5960
5971
5975
5979
5985
5999
6006
6013
6021
6037
6044
6048
6049
6052
6056
6062
6107
6108
6111
6126
6129
6151
6218
6248
6267
6276
6278
6284
6318
6327
6335
6341
6343
6355
6378
6379
6386
6387
6393
6406
6435
6438
6443
6444
6454
6458
6462
6466
6481
6486
6489
6491
6502
6533
6557
6587
6602
6604
6606
6617
6628
6631
6632
6637
6644
6645
6648
6657
6663
6664
6672
6697
6708
6718
6729
6739
6757
6763
6764
6765
6772
6779
6797
6804
6805
6810
6815
6839
6846
6848
6867
6872
6877
6885
6886
6890
6891
6901
6909
6917
6923
6943
6952
6960
6968
6982
6984
6998
7040
7054
7055
7070
7075
7077
7094
7103
7112
7125
7155
7161
7163
7170
7175
7177
7181
7201
7218
7221
7243
7264
7267
7269
7273
7275
7290
7300
7306
7308
7345
7350
7362
7363
7372
7380
7387
7401
7407
7420
7423
7427
7452
7465
7476
7478
7509
7526
7531
7533
7558
7580
7589
7639
7652
7658
7661
7666
7672
7676
7679
7684
7687
7692
7713
7746
7766
7769
7774
7780
7784
7796
7798
7805
7806
7810
7816
7836
7838
7841
7853
7857
7863
7868
7869
7881
7886
7898
7905
7937
7940
7942
7958
7959
7972
7978
7994
7997
8018
8020
8071
8077
8079
8102
8104
8108
8113
8114
8129
8133
8146
8149
8150
8161
8162
8176
8179
8181
8183
8189
8194
8214
8228
8232
8233
8250
8253
8276
8280
8282
8286
8293
8295
8301
8303
8334
8339
8354
8370
8378
8381
8401
8416
8426
8441
8448
8459
8464
8475
8492
8494
8499
8506
8519
8536
8545
8552
8554
8557
8559
8574
8582
8583
8589
8603
8611
8616
8618
8627
8630
8634
8639
8642
8645
8665
8683
8696
8700
8702
8719
8721
8730
8732
8746
8753
8760
8779
8792
8816
8822
8825
8827
8831
8833
8847
8848
8876
8882
8887
8892
8924
8937
8946
8988
9005
9011
9012
9014
9020
9022
9035
9042
9051
9054
9058
9077
9083
9091
9106
9135
9136
9143
9174
9193
9196
9240
9247
9252
9265
9272
9293
9303
9305
9323
9326
9342
9354
9358
9372
9400
9416
9423
9425
9427
9432
9439
9445
9450
9461
9464
9479
9501
9521
9537
9547
9551
9564
9573
9580
9597
9605
9608
9610
9612
9617
9623
9627
9629
9647
9666
9667
9668
9675
9681
9703
9706
9718
9725
9729
9736
9737
9750
9754
9779
9791
9805
9832
9838
9843
9850
9855
9856
9864
9876
9878
9881
9883
9902
9903
9904
9908
9933
9939
9945
9962
9964
9976
9982
9985
10001
10004
10011
10015
10021
10045
10048
10049
10061
10073
10075
10076
10095
10096
10111
10115
10117
10125
10145
10148
10158
10159
10180
10184
10215
10221
10226
10238
10246
10253
10254
10295
10298
10309
10317
10318
10328
10330
10332
10335
10372
10374
10412
10451
10464
10465
10474
10477
10482
10490
10495
10513
10519
10538
10540
10542
10561